-684.421,43.91205,40.033577,35.485527,31.549496,27.458445,22.833227,17.395924,12.437182,8.553659,6.097474,3.7756352,1.036694,-2.4087064,-5.3746023,-7.4055796,-7.9315767,-7.6418633,-6.800102,-6.055037
-684.46985,43.43067,38.496613,33.57248,29.918873,26.60537,22.436543,17.590904,13.010378,8.93082,4.881179,0.93846345,-1.9764087,-3.4304514,-4.41426,-6.19305,-8.434959,-9.293512,-7.5975466,-4.37037
-675.65607,51.24064,36.797035,25.80682,22.732359,22.582634,19.02258,11.921362,5.479047,1.5704846,-1.7312555,-5.4752617,-7.216005,-4.9103174,-1.3301449,-1.622018,-6.5245037,-10.581402,-8.418374,-1.2975874
-668.10345,57.932007,35.014458,17.742657,13.720922,15.802406,14.320948,8.403971,3.1755219,0.31400603,-3.341526,-8.639894,-10.97114,-6.777024,0.011255875,1.9133632,-2.4772825,-6.440442,-3.680931,3.8473077
-662.3768,64.87967,39.274788,19.529278,14.707005,17.754726,17.733559,12.274721,6.0914145,1.7802119,-2.6298032,-7.76745,-9.859642,-6.10749,-0.1054109,1.7603679,-1.4472923,-4.0104012,-1.3323838,3.975222
-662.8205,65.13251,42.026207,25.23418,21.652885,23.48093,21.660332,15.597291,9.166041,3.5906944,-2.0401928,-6.6732726,-7.841436,-5.4602976,-2.3387196,-0.9239061,-1.0801258,-1.0639005,0.17729597,1.5617113
-663.63306,63.606342,40.98218,26.969753,25.956959,26.99081,22.249798,14.835518,9.276763,4.4501023,-1.4563773,-6.210195,-7.395939,-6.3208447,-5.1038733,-3.4850109,-0.93121785,1.2566539,2.002005,1.7444674
-663.0413,62.31839,36.50087,22.752417,24.63136,27.233097,22.00888,14.358105,9.197002,3.4984837,-4.6698623,-10.698777,-10.887017,-7.831933,-5.151475,-2.7149749,0.2195586,2.2292163,2.598939,2.784162
-671.6957,54.153595,35.10293,22.634874,20.787146,21.135387,17.420471,11.907314,7.4944305,2.0166342,-6.2249384,-13.096212,-13.460932,-8.335939,-3.2268918,-1.1289102,-0.58659756,0.5070051,2.4207788,4.4737816
-679.7991,48.820965,40.75537,32.102295,25.61839,21.221102,17.36536,12.943798,7.7406826,1.9652975,-3.7883627,-8.278402,-10.127694,-9.064304,-6.448372,-4.193591,-3.0841813,-2.301548,-0.6730691,1.766418
-684.9839,43.7436,40.582275,35.733727,29.726887,23.134544,16.47433,10.148529,4.433941,-0.4881109,-4.485667,-7.442018,-9.252533,-9.854777,-9.276648,-7.6772127,-5.355653,-2.7163382,-0.19514245,1.8306901
-687.99945,39.602802,36.75875,32.28235,26.54086,19.995136,13.153751,6.523455,0.5615177,-4.364935,-8.008445,-10.256727,-11.133249,-10.783459,-9.449182,-7.4345784,-5.0683165,-2.6662626,-0.4992911,1.2308819
-690.6393,35.80783,32.800255,28.119137,22.216942,15.644546,8.983751,2.7792335,-2.5204806,-6.60539,-9.324758,-10.685289,-10.828894,-9.995493,-8.477928,-6.5766554,-4.561046,-2.6421447,-0.9595916,0.41803378
-685.9191,42.370636,39.0528,33.9373,27.578411,20.63033,13.752242,7.518077,2.3465252,-1.538193,-4.1101055,-5.512123,-6.0018277,-5.8848658,-5.4499474,-4.9177275,-4.4124823,-3.9595997,-3.5067549,-2.9612212
-681.7527,47.80963,43.417778,37.20246,30.097878,22.655884,15.188284,8.14765,2.2577803,-1.8108001,-3.9211676,-4.6095805,-4.7042284,-4.7527804,-4.7721434,-4.5070667,-3.8836741,-3.1763601,-2.732121,-2.570047
-672.829,56.51716,43.086273,28.821772,19.770945,17.080381,17.085758,14.927584,8.561409,0.02967545,-6.644161,-8.832476,-7.106925,-4.2791023,-2.8907337,-3.4308996,-4.575077,-4.8299317,-3.89318,-2.6057262
-667.1568,59.731136,36.67518,16.483747,8.407572,10.899832,16.839981,19.217129,14.308662,3.798111,-6.2793803,-10.853834,-10.0089035,-7.435876,-6.190402,-6.772787,-7.8413744,-7.5964394,-5.211325,-1.7545459
-660.70856,63.368507,31.150692,8.839502,5.3251457,11.802946,18.32114,19.657673,13.615692,3.1800008,-4.8465085,-7.8476458,-8.768987,-9.180711,-8.094248,-6.7997637,-7.4544,-8.205912,-5.997188,-2.02694
-653.68085,71.375244,36.235645,13.6746645,11.138645,16.263317,18.908783,16.555107,9.216122,0.37691996,-4.333538,-4.6643295,-4.856279,-4.980505,-2.2744818,0.71942556,-0.34482777,-2.753984,-1.2357657,2.5980253
-659.9263,65.223816,37.046066,21.019053,19.355747,20.384579,18.013416,12.396669,5.4008255,-0.39562815,-3.1894822,-3.016516,-1.4301889,0.64773524,3.8221145,5.905139,3.0292075,-1.0789436,0.9568568,6.399836
-664.46564,62.73322,42.923065,33.158047,31.911892,28.272833,19.808205,10.778149,4.6412373,1.6192124,-0.014959637,-0.64053094,0.36548758,2.0515485,3.1618,2.523169,-1.2298143,-4.948888,-2.6967335,3.471845
-662.59814,66.44733,48.342613,38.792667,36.159737,30.42218,20.057774,10.47377,5.261039,2.6822367,-0.5045575,-2.6746666,-0.46655297,3.476974,4.6845727,3.392901,0.16977781,-4.6926813,-5.775503,0.24310455
-665.21674,65.73942,51.472126,41.15611,36.35978,30.801342,21.65628,12.271462,5.600208,1.0826424,-2.105555,-3.2691472,-2.1596627,0.25537348,2.8892403,4.178252,2.1717663,-2.0105762,-3.088231,1.8366132
-673.26196,58.011383,50.182983,42.450832,36.69879,31.016228,23.098438,13.597382,5.383417,0.22009903,-2.6104703,-4.3455305,-4.692074,-2.7062037,0.86084855,3.489284,3.6603181,2.8371716,3.7268038,6.7612867
-677.45404,54.04396,50.142597,44.708027,38.39949,31.370813,23.71622,15.968679,9.009565,3.5212886,-0.34315833,-2.7411008,-3.7605505,-3.4145336,-1.9622405,-0.019318406,1.804703,3.3316555,4.74524,6.08267
-678.5466,52.903954,49.866684,45.095352,38.99213,32.056385,24.830883,17.844906,11.561399,6.3341794,2.3801126,-0.23136784,-1.5709069,-1.826246,-1.2674736,-0.2057705,1.0485327,2.2232985,3.1126776,3.5933995
-681.9552,48.28026,45.81552,41.93956,36.971516,31.304722,25.362343,19.551529,14.222319,9.636286,5.948626,3.2049632,1.3523015,0.26127243,-0.24443612,-0.35650927,-0.25306982,-0.07643357,0.07972138,0.1730629
-686.6449,41.888676,40.115273,37.293976,33.612617,29.30835,24.645668,19.892845,15.299567,11.078037,7.389572,4.3374267,1.966323,0.2677973,-0.80988145,-1.3490996,-1.4494958,-1.2156191,-0.74698967,-0.13154596
-688.88464,38.604225,36.703865,33.96469,30.378101,26.052074,21.526245,17.2095,13.065748,9.161605,5.8916283,3.3981805,1.4177272,-0.104327895,-0.9040004,-1.0042261,-0.7473344,-0.18632859,0.87595254,2.2769656
-681.9916,46.97165,41.987915,36.232918,30.274635,23.95644,17.934477,12.948462,8.833043,5.3159485,2.5696406,0.40466523,-1.5720313,-2.677321,-1.8146609,0.3435367,1.7432078,1.6959076,1.3280131,1.283056
-666.74036,59.833298,38.105545,23.840542,21.697794,22.05011,17.072666,8.911415,3.1617393,1.312311,0.8522196,-0.8663407,-3.8948927,-5.6062393,-3.804235,-0.023880413,2.1268425,1.7678666,1.1044915,1.1345501
-659.9041,62.836617,29.083118,10.397497,12.860422,17.956293,12.938099,3.7821536,-0.3369369,-0.3475333,-1.5117061,-4.3399315,-6.031431,-5.5668154,-3.9005384,-2.0016422,-0.55841696,0.101918444,0.41035765,0.7903499
-664.955,56.769817,24.59058,5.994795,8.15141,14.37696,11.071108,2.36659,-2.2432928,-2.3744102,-3.4836626,-6.685732,-8.390936,-7.013574,-4.8210125,-3.80969,-3.3320026,-2.197669,-0.8123374,-0.33505973
-671.3625,53.16648,30.706913,15.065667,11.866332,12.161896,7.846823,0.80165446,-3.739048,-5.5855017,-7.707128,-10.287131,-10.964643,-9.2652645,-7.316575,-6.5404596,-6.047121,-4.4798803,-2.0330403,-0.5166941
-673.02527,53.414986,35.57447,21.0626,14.308473,10.227468,4.5142636,-1.046593,-3.8921237,-5.6316175,-8.756769,-11.887875,-11.891611,-9.1082535,-7.1404667,-7.7967625,-8.926443,-7.706901,-4.274864,-1.4430547
-673.21875,53.570328,37.07409,24.455488,18.92881,14.472847,7.5519123,1.6591523,-0.45728824,-2.254524,-7.2841043,-12.205759,-11.180676,-5.2149444,-1.710025,-4.5549507,-9.351184,-10.094076,-6.8270073,-3.9099133
-679.3959,47.33179,36.06868,27.322945,22.77499,17.963882,10.963553,5.1518497,2.7643971,0.78013617,-3.8945642,-8.673979,-8.823339,-5.081025,-3.331187,-6.499906,-10.712851,-10.9982815,-7.625501,-4.310399
-686.1895,40.830345,35.20822,28.687166,22.471819,16.46981,10.872587,6.483405,3.3890667,0.53669095,-2.758319,-5.7397766,-7.42124,-8.211361,-9.278423,-10.550491,-10.508696,-8.205441,-4.5279894,-0.98399276
-688.0472,38.931053,34.62059,28.663645,22.31841,16.526197,11.664672,7.622142,4.073102,0.7484025,-2.4418633,-5.4316463,-8.067517,-10.133652,-11.338551,-11.345374,-9.908867,-7.0782156,-3.3276622,0.5190407
-686.5849,41.070633,37.28675,32.205757,26.360907,20.670338,15.59009,10.578844,5.6440306,1.296377,-2.5344985,-5.664727,-7.6070356,-8.809776,-9.770168,-10.1114435,-9.728989,-8.692545,-6.4948034,-3.296816
-684.37115,44.183113,40.425964,35.250313,28.720608,21.69726,14.968834,8.332009,2.3534298,-1.9802097,-5.065833,-7.352503,-8.524168,-9.035933,-9.354166,-8.872644,-7.7089853,-6.7111773,-5.6099777,-4.0920596
-683.0324,46.23095,42.432068,36.92256,30.377033,23.218163,15.782568,8.596133,2.3775883,-2.3091803,-5.398973,-7.2752676,-8.373338,-8.845163,-8.5978155,-7.621341,-6.2152047,-4.831235,-3.707946,-2.7244215
-684.3192,44.61434,41.333656,36.454174,30.474037,23.746082,16.620724,9.63053,3.4366927,-1.4568677,-4.9302044,-7.1746345,-8.409626,-8.704488,-8.081734,-6.7418375,-5.1070557,-3.5990605,-2.3837442,-1.363184
-682.23737,45.63046,38.102253,29.856339,23.485638,18.940851,14.697681,9.844988,4.7607384,0.14528328,-3.8634686,-7.291127,-9.481174,-9.365963,-6.854312,-3.5828319,-1.7613165,-2.1271553,-3.281148,-3.2331097
-668.3278,59.65789,40.882942,25.045673,16.696054,12.192023,8.667626,6.2748756,4.456316,1.7468235,-1.9052277,-5.7237873,-8.917854,-9.229161,-4.4919024,2.4392896,5.0265665,1.8024964,-1.1146498,0.96976036
-655.0526,74.728775,49.137535,29.80428,21.350536,16.398499,11.473141,8.6076975,7.1344543,4.206981,0.121175155,-3.5101995,-6.8348894,-8.625664,-5.7031116,0.623693,3.8599563,1.6676838,-0.6394912,0.8522525
-654.3552,76.78364,53.551067,35.685493,26.305271,19.393795,13.867557,11.436563,9.355452,4.9533978,0.5463917,-2.0989225,-4.9075685,-7.5903244,-6.5505257,-1.9192781,1.8949221,3.3012567,4.067971,3.8463206
-659.0113,71.905075,52.563213,37.87085,28.986805,21.240908,16.316618,15.8053,13.971251,6.8498054,-0.8933434,-4.6451735,-6.015767,-6.5348444,-4.613056,-0.8927909,1.726629,3.2768393,4.8030157,4.0708814
-661.80383,68.306366,49.189583,33.963646,25.018116,18.738758,15.960474,17.120346,16.177341,8.636249,-1.1138433,-6.561064,-6.860169,-4.394968,-1.0070336,1.2799878,1.3013381,0.8833661,1.777349,2.5499372
-665.0675,66.005066,49.957542,34.343876,24.248291,18.794064,15.830658,14.15644,11.745266,6.1207895,-1.8623375,-7.299483,-6.3959637,-0.9946111,3.6962252,4.8228436,3.6467676,2.4601927,1.9901946,2.0755155
-672.14453,59.528526,50.59185,39.712097,30.347006,24.026794,19.92181,15.975536,10.68611,4.28489,-1.4197466,-4.3267293,-3.5251374,0.029196437,4.069008,6.3890524,6.090276,3.8874207,1.3779879,-0.10122914
-682.13824,47.836422,44.86077,40.270077,34.55608,28.296356,22.068613,16.370472,11.558556,7.8161707,5.153142,3.434705,2.4313695,1.8780591,1.5302382,1.2065079,0.81107754,0.33429503,-0.16576979,-0.594035
-688.5257,39.228306,37.54262,35.044144,31.912994,28.186184,23.925652,19.387077,14.964228,10.959139,7.4438524,4.3688607,1.7737646,-0.16496594,-1.3086475,-1.7355098,-1.6980454,-1.4028624,-0.87315,-0.050572455
-689.27704,38.173973,36.48823,33.93502,30.67987,26.800093,22.418419,17.815216,13.356504,9.310652,5.769592,2.758381,0.37857768,-1.2075657,-1.9357231,-1.9368765,-1.4435086,-0.6159618,0.5012609,1.8528414
-686.7336,41.703697,39.766853,36.70531,32.71576,28.026323,22.90722,17.670496,12.6312895,8.053801,4.1274986,0.9825368,-1.293047,-2.667071,-3.1913848,-3.0012245,-2.2744684,-1.1877515,0.09263784,1.3955762
-685.30383,43.487324,40.9535,37.158936,32.416527,26.957655,21.111948,15.363805,10.146744,5.6362667,1.823782,-1.2392602,-3.3748403,-4.4744515,-4.6625566,-4.186651,-3.1968405,-1.7369821,0.04747788,1.8082674
-684.37854,43.992714,39.784622,34.68087,29.205734,22.840427,15.656177,9.006979,4.180765,0.9542187,-1.8222375,-4.431333,-5.86971,-5.386138,-3.7255101,-2.2773557,-1.3724942,-0.16790628,1.7940724,3.6904924
-677.8954,50.538506,41.120033,32.907753,27.629055,21.852644,13.260361,4.6839466,0.42798194,0.37483037,0.2215199,-2.645526,-5.8864784,-5.8075314,-2.4963248,0.4905,0.908569,0.20241752,0.67457426,2.1031065
-668.3677,58.991737,39.491104,25.33774,21.710228,20.71574,14.546289,5.5668273,0.9675609,1.7634745,2.1080031,-1.4915943,-5.286377,-4.3011684,0.24330032,2.6552782,0.40959215,-3.2287817,-4.2269506,-2.4944077
-666.3485,59.31093,34.824867,18.033676,15.959303,18.677832,15.559762,7.5642605,1.6452761,-0.33751643,-1.7211301,-3.387178,-2.4219723,1.4292858,3.3371043,-0.19596013,-5.9152412,-7.885543,-5.0599365,-1.5681083
-668.8648,57.678947,36.384636,19.95731,15.495253,16.789062,14.754511,7.3259845,-1.4613822,-7.605438,-9.412898,-6.390605,0.15843314,5.8278728,5.816147,0.16844788,-5.5695972,-6.1947193,-2.2027717,1.7301853
-672.08124,55.078518,38.352715,25.560465,20.896385,19.882496,17.317852,10.492423,-0.38356137,-10.086215,-11.190672,-3.1226234,5.6398954,7.42019,3.177911,-1.5603712,-3.5792277,-2.4834836,0.80485654,3.49082
-674.655,50.60531,33.96569,24.103916,21.66749,20.032639,17.356588,12.55289,2.6716766,-7.80088,-8.408485,0.716615,7.177348,4.7852373,0.091352805,-1.3280828,-1.2953093,-0.8109622,1.6585174,3.5490303
-673.4144,53.95151,39.491943,28.580917,22.324265,17.543184,14.057933,10.196109,2.5314047,-5.439916,-5.940362,-0.1456078,3.067645,1.2586864,-0.5650217,-0.76507795,-1.2600257,-0.52728283,2.953627,5.028802
-674.2228,56.2986,47.376656,37.221817,27.527443,19.012077,12.885667,8.83576,4.879251,0.86288357,-1.2055683,-1.1345978,-1.1612496,-2.1612532,-2.9343674,-3.1581402,-3.4014382,-2.8645895,-0.73765993,1.2756829
-678.3691,52.370457,47.247208,39.78927,31.271397,22.922127,15.62653,9.787587,5.370821,2.0818586,-0.41925663,-2.361964,-3.8193402,-4.76427,-5.171495,-5.0967517,-4.687298,-4.1237392,-3.5338943,-2.9342992
-683.15454,46.325043,43.125008,38.15485,31.902376,24.94732,17.881256,11.232138,5.405985,0.654204,-2.930654,-5.393256,-6.8757224,-7.5699425,-7.6728396,-7.353127,-6.734749,-5.8973227,-4.89025,-3.7533696
-685.65643,43.00143,40.397827,36.274723,30.935375,24.764498,18.193424,11.661837,5.5799613,0.2949875,-3.9353232,-6.959129,-8.736251,-9.332939,-8.906797,-7.683988,-5.931481,-3.9275577,-1.9336265,-0.17036586
-688.05164,39.614765,37.022724,32.948357,27.731377,21.793636,15.594246,9.582668,4.1557903,-0.37608027,-3.8109148,-6.062739,-7.1560698,-7.2091255,-6.409399,-4.9855933,-3.179954,-1.2241594,0.67879623,2.3662214
-687.56964,40.199566,37.330498,32.837463,27.11839,20.664917,14.007698,7.659503,2.063496,-2.4472988,-5.674611,-7.5621386,-8.185448,-7.7277503,-6.445944,-4.6325116,-2.5786514,-0.54330784,1.2686068,2.7175035
-683.14246,46.401985,43.35334,38.550003,32.378166,25.321703,17.913963,10.686419,4.120001,-1.3961087,-5.5941873,-8.344178,-9.655321,-9.663984,-8.609636,-6.801838,-4.582202,-2.2854893,-0.2044878,1.4377971
-668.6551,62.158283,49.003876,36.40476,28.138142,22.134315,15.576069,8.899582,4.0490274,1.049105,-1.7326274,-4.7912226,-6.868934,-7.1266394,-6.3605146,-5.562524,-4.480039,-2.4404578,0.1709806,2.2142718
-653.5249,74.55014,44.940437,25.552114,22.4072,22.572178,16.265804,6.8933,1.3148963,-0.011280047,-1.1484227,-3.8189921,-5.5862603,-4.4192343,-2.3772302,-2.316495,-2.9057496,-1.0687609,2.1539774,3.3069396
-652.47516,73.71152,40.38505,20.488678,19.353523,20.5798,14.000879,4.735046,-0.60018957,-2.4579883,-3.4629693,-3.9012656,-3.1356356,-1.3911196,0.2771204,0.84170586,0.7130891,1.505867,3.3992074,4.6029396
-660.235,67.03935,41.69081,25.537325,22.883163,22.009014,15.434252,6.8749294,1.1951015,-1.8242044,-3.4341865,-3.0553331,-0.8157791,1.3005666,1.8020015,1.0401403,0.20793137,0.3219964,1.7384157,3.4974754
-666.44,61.25844,41.438156,27.981392,24.740046,23.191801,17.688614,11.499315,8.212343,5.8603563,2.2967374,-0.085126415,1.0159048,2.8180163,1.2133603,-3.194736,-6.346925,-6.1168146,-3.5681753,-0.6600014
-667.9157,59.752773,40.952705,27.620264,23.189014,20.187012,14.561829,10.129105,9.088193,7.209137,1.8024411,-2.3697844,-0.2694804,4.7357235,5.0469627,-0.554378,-5.8910875,-6.3030624,-3.6642141,-1.951595
-677.6835,49.39495,37.030293,26.822685,21.652637,18.13649,13.777824,9.84607,7.162545,3.8257873,-0.7002574,-2.8555753,0.21244115,5.163071,5.6809006,0.65070426,-4.581938,-5.6348467,-4.2559385,-4.420968
-686.1626,40.02047,32.7433,25.460981,20.099579,15.660267,10.840094,5.79692,1.260112,-2.5038438,-5.028244,-5.1886563,-2.7880661,-0.04292611,0.08946923,-2.6952658,-5.5292983,-5.7609186,-3.8735719,-2.2912533
-691.74524,33.876312,30.192562,25.453665,20.772623,16.526161,12.37299,7.850458,3.0227544,-1.3699262,-4.3867364,-5.5905066,-5.3956947,-4.7657375,-4.494922,-4.643792,-4.569171,-3.5104017,-1.255965,1.6339428
-687.7945,39.646904,36.327187,31.72975,26.678251,21.592968,16.432022,10.99618,5.345605,-0.0015465338,-4.2509937,-6.7707834,-7.47027,-6.8461175,-5.663253,-4.500232,-3.4765575,-2.3367743,-0.8013931,1.0931059
-685.74347,42.677917,39.58249,34.934357,29.279926,23.087593,16.684961,10.323326,4.2966223,-0.9954491,-5.106374,-7.6993537,-8.700591,-8.344353,-7.0733438,-5.3524647,-3.5088644,-1.6884573,0.06317265,1.6724775
-686.13324,42.205627,39.255287,34.61165,28.655811,21.866169,14.7708,7.896141,1.7174135,-3.3836393,-7.149721,-9.464236,-10.352182,-9.966079,-8.55937,-6.4510894,-3.986216,-1.496598,0.73319197,2.4914248
-687.68677,39.924488,36.779503,31.960625,25.956722,19.255806,12.297519,5.4967422,-0.7137821,-5.8872166,-9.638283,-11.753936,-12.2667885,-11.436998,-9.648138,-7.2795696,-4.629057,-1.9180697,0.6504939,2.849155
-683.3212,44.738083,38.542164,31.247936,25.081629,20.488266,16.2524,10.812637,3.667706,-4.093166,-10.394653,-13.470706,-13.011747,-10.373219,-7.6306953,-6.1350913,-5.698906,-5.067483,-3.213105,-0.28490376
-674.3162,52.039017,35.958935,23.959045,18.853739,16.40437,14.226596,11.933367,7.8864665,0.6419096,-8.639068,-16.182646,-17.489536,-12.003448,-5.8302364,-5.07659,-7.6939025,-7.765149,-5.011568,-3.146099
-666.92474,58.759712,36.525066,21.683228,14.621132,8.98205,6.4368315,8.033934,7.359661,0.5727658,-8.80888,-16.12389,-17.664684,-12.015445,-5.327837,-5.5850916,-9.583144,-8.402824,-3.5212693,-2.3780549
-667.6194,58.73433,37.7729,22.297485,13.143533,6.200391,4.3111067,7.2503905,6.307717,-1.9726114,-10.461512,-13.76265,-13.331594,-10.780615,-7.293355,-6.2471538,-7.74874,-6.77977,-2.437407,-0.040265072
-671.9558,54.96369,38.472317,26.08775,18.54625,11.9104,7.796197,6.8756213,3.4830027,-4.4729795,-10.386679,-10.1091175,-8.144005,-8.412238,-8.844604,-7.798646,-6.4643044,-4.190938,-0.07889086,2.2385237
-673.2161,54.690186,41.136242,31.200981,25.789875,20.345724,14.236169,8.77943,2.601392,-4.396723,-8.262268,-7.2772474,-5.379816,-5.7171574,-6.591145,-6.2055674,-5.4275923,-4.3405743,-1.9902911,-0.10512926
-673.4205,55.67074,43.833824,33.75625,27.60339,21.95671,14.626847,6.9034395,0.33241248,-4.844373,-8.206033,-8.924215,-7.2341366,-4.585345,-2.554666,-2.349216,-4.205423,-6.3574085,-6.119015,-3.1458254
-678.06195,51.533684,43.803986,34.707737,26.506908,19.318039,12.311823,5.379631,-0.6632312,-5.0685463,-7.7192097,-8.706503,-7.9787035,-5.871297,-3.6854668,-3.025597,-4.2408214,-5.8414035,-5.8842974,-3.9405978
-687.31616,40.30406,36.734097,31.260288,24.508423,17.199755,10.040153,3.6248996,-1.6260426,-5.496587,-7.9691725,-9.192841,-9.433308,-9.013738,-8.253918,-7.4164166,-6.6680884,-6.0647182,-5.5628757,-5.0563293
-691.6111,34.24802,30.850552,25.984264,20.529667,15.235743,10.50301,6.3431473,2.5187993,-1.2160459,-4.8979826,-8.26576,-10.842541,-12.146516,-11.925703,-10.3031025,-7.7619305,-4.977394,-2.572758,-0.9100012
-687.3964,39.593246,34.74313,28.420238,22.098183,16.538383,11.835768,7.8462977,4.4413586,1.4364576,-1.4682262,-4.432914,-7.1047573,-8.630249,-8.235487,-5.9197764,-2.5910883,0.5294403,2.6997108,3.9485698
-676.9658,53.00396,45.240524,36.54393,29.263315,23.081568,16.6248,9.849117,4.3504124,1.3935392,0.20208141,-1.3177855,-4.195179,-7.1310444,-7.855345,-5.603344,-1.9745929,0.68149126,1.4739016,1.4087008
-675.16833,55.82182,48.95497,41.690605,35.71898,29.700233,21.729237,12.34873,4.4880295,0.41300946,-0.6934621,-1.6825067,-4.171528,-6.8452225,-7.193326,-4.548319,-0.9064114,1.2686031,1.5776073,1.6730866
-676.95636,54.139084,49.153927,43.483307,38.062332,31.885777,23.806553,14.544223,6.4493427,1.2717143,-1.4412643,-3.4660215,-5.6520486,-6.988908,-6.039945,-2.9514794,0.39159855,2.2355607,2.63068,2.9895773
-678.05615,52.146393,46.547997,40.84375,35.469547,29.0058,21.171886,13.322277,6.8414345,2.3032594,-0.59508103,-2.9527931,-5.413288,-6.694317,-4.9732647,-0.9989784,2.2063615,3.2461126,3.7939887,5.440302
-668.37946,60.408577,43.3914,29.182705,22.064318,18.1489,13.865944,9.711139,7.0434484,5.3825216,3.074177,-0.8016307,-4.614412,-4.6379385,0.40825972,6.029203,6.737517,3.616969,2.7109342,6.0064096
-661.87134,66.00377,41.619347,23.024431,17.440819,17.536856,14.98456,10.235674,8.063999,8.860771,8.179144,3.6033354,-1.2145735,-0.98163885,3.966428,7.527206,5.6875544,1.6208272,0.61587656,2.479617
-668.12384,58.47742,36.708534,20.097057,15.883396,17.630932,16.776012,13.102299,11.628544,13.171826,13.019842,8.587833,3.773775,3.4696782,6.539597,7.505396,4.1743126,0.076647766,-1.3445684,-1.8088465
-674.2203,52.29345,35.530952,22.188473,17.792023,17.860785,16.295506,12.928919,11.1773,11.292908,9.761221,5.101002,0.71953106,0.29639652,2.5332475,3.0330625,0.4805811,-1.9779763,-2.0305555,-2.071891
-675.95154,50.74202,35.46973,22.156239,16.023922,14.310531,12.3363,9.268076,6.826809,4.9608927,1.8671727,-2.098887,-3.5594301,-0.58190745,3.7955637,4.624031,1.045465,-2.8927283,-3.7174778,-2.7389607
-674.9561,53.12292,39.60179,26.676487,18.877321,14.7743635,11.259304,7.5597067,4.374832,1.352665,-2.232901,-4.9134655,-3.6585534,1.94771,7.7423058,8.821182,4.864491,0.22881289,-1.1947948,0.2443867
-675.0447,55.37432,46.45337,35.847023,26.757267,20.221514,15.383654,10.860834,5.8919725,0.7705445,-3.2955673,-4.8517294,-3.315156,0.17662375,3.2005365,3.767817,1.8716495,-0.6522571,-1.8021982,-0.95183253
-679.339,51.169548,46.6268,40.24208,33.142876,26.069056,19.266659,12.759632,6.7302766,1.6740017,-1.80988,-3.4281693,-3.4705758,-2.711587,-1.9789823,-1.6876853,-1.669187,-1.410558,-0.51701975,0.94617873
-683.1765,46.47011,43.761745,39.493362,33.994358,27.6641,20.936735,14.252964,8.03376,2.6492405,-1.6169682,-4.5993385,-6.2652216,-6.705971,-6.1080995,-4.7168503,-2.804924,-0.6510538,1.4756653,3.3342147
-683.9246,45.333633,42.395866,37.769592,31.831223,25.053795,17.960499,11.074215,4.868846,-0.27256045,-4.088594,-6.4562473,-7.39256,-7.0416746,-5.649605,-3.530119,-1.0262219,1.5282046,3.842326,5.694229
-681.099,49.208183,45.921288,40.761314,34.16959,26.696472,18.943733,11.503033,4.8977404,-0.46548367,-4.329912,-6.6039114,-7.35692,-6.7979355,-5.239937,-3.055544,-0.62964344,1.6850505,3.6043012,4.936856
-680.56946,49.73306,45.974617,40.488014,33.895645,26.552654,18.735092,10.962553,4.042037,-1.2740258,-4.694464,-6.454836,-6.9858546,-6.5370226,-5.135405,-2.8820295,-0.21685854,2.1809976,3.7909064,4.549594
-682.5242,46.686066,42.335396,36.495132,30.16579,23.610003,16.652018,9.404083,2.6425242,-2.550519,-5.519905,-6.4441767,-6.0773673,-5.132407,-3.8892477,-2.3022892,-0.37172413,1.6448038,3.350362,4.4690857
-676.3677,52.62221,42.542885,32.689037,25.881413,20.88364,15.966071,11.099699,6.7104564,2.5313182,-1.3863333,-3.9836621,-4.5941896,-4.1076365,-3.794353,-3.7152805,-3.1828654,-2.056715,-0.5647932,1.4390278
-663.68274,65.59604,45.666664,29.208754,20.35004,14.256769,8.932271,7.252552,8.578895,7.107917,0.569486,-5.841058,-7.017991,-4.5657425,-2.888648,-2.7639182,-2.3631372,-1.5806121,-1.3689847,-0.6849632
-660.4035,67.697876,43.702484,26.308805,18.096432,10.44196,2.8641605,2.518842,7.978064,8.402632,0.05463972,-8.227616,-8.848333,-5.096911,-3.3468163,-3.7070441,-3.1367826,-1.8454587,-1.537909,-1.2082708
-664.2035,64.79907,45.27359,29.620949,20.153652,11.6243515,4.7057986,4.251551,7.981857,7.7184334,1.308356,-5.0331516,-6.589176,-5.475445,-5.0301914,-4.671547,-2.7798955,-0.7711965,-1.0846281,-2.9392052
-668.43915,61.35132,46.71724,34.10855,25.63253,18.220963,12.21306,10.242715,10.542585,8.218962,2.3814692,-2.9744756,-4.874073,-4.375756,-3.6576693,-3.103045,-2.1987348,-1.6043463,-2.7085428,-5.1631846
-667.11676,62.56512,46.52401,33.030823,25.061424,19.015083,13.708667,10.948952,9.717384,6.349145,0.36875057,-4.228945,-4.155966,-0.8676655,1.2755203,-0.11411178,-3.185444,-4.718129,-4.2824125,-3.7512825
-669.75146,57.729843,40.728035,29.170143,24.264523,19.365871,13.554769,10.275647,8.436584,4.226341,-1.4509656,-3.908238,-1.214395,3.5186121,4.958604,0.3332734,-6.851814,-9.73228,-6.6144857,-2.726339
-675.9983,50.407803,36.65159,27.451258,22.9105,17.944672,12.962305,9.75204,5.3741393,-1.7883818,-6.9914646,-6.044932,-1.2576567,2.7037477,3.326169,0.08236037,-4.597492,-5.5284896,-1.181889,3.3145714
-677.4974,51.71981,43.70636,36.36611,30.943638,26.282953,21.707933,15.966337,7.505781,-1.748961,-6.9423547,-6.511037,-3.997497,-2.674932,-2.5017052,-2.7619267,-3.1890228,-2.2168782,1.4993358,5.779772
-676.3632,55.168785,50.211388,43.63507,36.772907,30.07953,23.189573,15.674139,7.8285413,0.81033605,-4.0094833,-5.9688053,-5.570999,-4.1135693,-2.7891932,-1.9663689,-1.1866298,0.1779275,2.1872356,4.1321144
-676.4752,55.556835,51.762375,45.93352,38.676132,30.640522,22.445736,14.657546,7.786187,2.260488,-1.6356556,-3.8343866,-4.510523,-4.03066,-2.8393595,-1.3381891,0.1839223,1.5470624,2.6317835,3.3382025
-679.367,51.669014,48.422333,43.347355,36.904083,29.654879,22.197693,15.09845,8.832022,3.7392247,0.0047145206,-2.3434768,-3.4145918,-3.4213066,-2.6378639,-1.357585,0.14426617,1.6375368,2.952344,3.9821992
-682.5581,47.360207,44.69603,40.498077,35.10237,28.928093,22.434391,16.075047,10.256348,5.303027,1.43529,-1.2409614,-2.7313423,-3.139141,-2.6433978,-1.4725237,0.12313174,1.8964942,3.6247344,5.1244855
-680.45654,50.16027,47.01969,42.14887,36.032112,29.239567,22.347954,15.870466,10.207081,5.620085,2.2330136,0.046564817,-1.037066,-1.1885252,-0.6281601,0.39420328,1.6189847,2.798386,3.7205577,4.2339334
-676.371,53.575317,45.82534,38.422417,32.81705,26.698547,18.467224,10.383064,6.115673,6.159256,7.319539,6.768477,5.1032104,4.588457,5.4657164,5.530241,3.3040886,0.18681157,-1.3461185,-0.874179
-668.6566,59.003597,40.573227,27.768877,25.471458,25.442406,19.315842,9.125801,2.7668557,3.0123234,5.4688554,6.1413455,6.192997,7.8159285,9.145554,6.6265354,0.9496392,-2.918495,-2.0267181,0.95316875
-666.49066,60.38272,38.514397,23.161453,20.133339,20.93058,16.74614,8.451379,2.3684306,0.82844806,0.59440607,-0.32559013,0.7726978,5.377603,8.865976,6.3851466,0.7032423,-1.099569,2.7424998,6.8892126
-666.85876,60.73742,40.553635,26.034061,22.70427,23.425373,20.21215,12.656559,5.4165907,1.4419321,-0.27270615,-1.2569993,-1.0346217,0.41604075,0.6935581,-1.6140919,-3.9429026,-3.0578914,0.524765,3.3317142
-664.6184,62.62348,40.70866,26.673141,24.451088,23.656982,17.282593,8.641722,2.4149404,-1.4138354,-3.5151258,-2.9147692,-0.9447007,-1.4294468,-4.688665,-6.413254,-4.4421797,-1.802763,-1.1212034,-1.0888003
-663.76715,63.506653,40.93732,26.230295,23.030449,20.768589,13.212853,4.6272078,-0.6585834,-4.0407867,-6.7216506,-6.6594496,-3.9872823,-2.7306485,-4.440874,-5.7183013,-4.439934,-3.0490017,-3.1636343,-2.4236913
-670.9424,56.861984,40.914787,29.427513,24.736923,20.080627,12.177799,4.790347,0.5646063,-2.9905357,-7.5302024,-9.866526,-7.101752,-1.7913759,1.2069963,0.48129135,-1.8278008,-3.41697,-3.0212646,-0.27540407
-679.85974,48.879738,41.42482,33.796066,27.738358,21.860886,14.694321,7.145045,1.280996,-2.3204415,-4.7655144,-6.6076813,-6.793006,-4.5262356,-1.3221695,0.05525078,-1.2036533,-2.7722478,-1.8073182,1.741765
-679.41754,50.31449,44.54837,38.04587,31.813202,24.906927,16.79174,8.965324,3.5414653,0.72454125,-1.3389041,-4.0754957,-6.680921,-7.3620644,-5.865928,-3.8631072,-2.7462106,-1.9167676,0.10050334,3.2766087
-675.0486,55.56954,47.558434,38.51246,30.041565,21.28542,11.920948,4.0361156,0.050701648,-0.4653383,-0.5558054,-2.3356447,-4.7550077,-5.480562,-4.162384,-2.685554,-2.331407,-1.9854736,0.10549666,3.5445194
-675.2805,54.91394,46.03992,35.817585,26.033924,16.096703,6.1747904,-1.2318437,-3.8481107,-2.7311964,-1.3710347,-1.7863314,-2.785201,-2.470242,-1.2056174,-0.9045356,-1.9300575,-2.2655177,-0.23102097,3.093554
-677.6643,52.242638,44.74713,35.22187,25.120375,15.086107,6.364337,0.55258137,-1.8335367,-1.7623544,-0.8259287,-0.2588625,-0.35430408,-0.6011026,-0.68397987,-1.0702009,-1.9980499,-2.458157,-1.3316226,0.8108005
-681.8439,47.01541,41.576515,34.862846,27.076733,18.609426,11.547938,7.183991,4.381113,2.110014,1.0448909,1.2054725,0.8566408,-0.7677414,-2.3338418,-3.1010273,-3.9483013,-4.8810406,-4.489478,-2.6843984
-684.4412,43.219624,37.990112,32.61259,27.137533,21.159946,15.886962,11.543412,6.283906,-0.07501749,-4.784235,-6.361105,-6.4375525,-6.2571087,-5.2308493,-3.7813265,-3.4955072,-3.7809064,-2.350155,0.6549463
-674.5563,52.992912,39.149475,27.813705,21.449463,17.010746,13.190597,10.242578,6.754283,1.4846523,-4.215193,-8.263754,-9.422981,-6.748965,-1.2797139,2.4156775,0.8853502,-3.0887818,-4.3930902,-2.607183
-662.8123,64.036476,40.071724,24.427513,20.428173,18.393475,13.919519,10.520678,9.97814,9.329868,5.203701,-2.2983456,-8.024706,-5.766601,2.6051054,6.827983,1.9522684,-4.527481,-4.872675,-1.9095266
-663.43195,62.361824,37.218113,21.884712,19.732748,19.68454,16.419395,13.657597,13.897874,14.559183,11.534553,3.4933248,-4.4928756,-4.171999,4.154315,9.009847,3.4346962,-4.6917653,-5.760208,-2.5415967
-668.5835,57.63056,37.44098,24.803123,22.18385,21.049162,16.971813,12.552663,10.980181,11.501898,9.907196,3.4434233,-4.3003855,-5.778997,1.2179452,8.82262,8.171583,1.8304921,-0.52202106,2.3320944
-674.2661,51.86279,36.35702,27.215729,25.280285,22.38286,15.816958,10.2348175,9.055073,10.239483,9.211847,3.584959,-3.7449355,-6.3997,-1.7291144,4.790324,5.854784,2.0994837,0.5772345,3.5332246
-671.1134,57.477177,43.482178,33.558624,29.048944,23.524467,14.280222,5.7730265,2.74751,3.7788684,3.1392376,-1.5818548,-6.164169,-5.6041727,-0.9744192,2.0231872,0.0877848,-4.0350447,-5.083189,-1.972097
-670.619,60.08398,49.01758,39.279648,32.890015,25.93677,15.781415,5.525773,-0.20418781,-1.5312617,-2.573451,-5.1524677,-6.3614144,-3.4528549,1.2364522,2.6205325,-0.6558252,-4.50893,-4.668894,-1.7024049
-674.0046,58.023205,51.97414,44.1688,35.733093,26.633617,16.984106,8.0418625,1.4532012,-2.2683222,-4.0149918,-4.800336,-4.68144,-3.279204,-1.0313998,0.70917106,1.0135624,0.40632737,0.16938232,0.7654522
-679.08276,51.86891,48.049698,42.12674,34.700455,26.495356,18.266314,10.705322,4.362608,-0.40725803,-3.4678197,-4.8912444,-4.920927,-3.9147835,-2.2800243,-0.41033146,1.3649733,2.8135412,3.8118048,4.3375936
-683.2624,46.29731,43.44271,38.959885,33.229248,26.723839,19.958817,13.438246,7.6053457,2.8021863,-0.7569467,-2.9960542,-3.971567,-3.852006,-2.886748,-1.3687466,0.40367973,2.1609864,3.6887126,4.8432083
-684.15344,45.24044,42.967945,39.366825,34.69721,29.286755,23.499533,17.702597,12.234205,7.3769484,3.338314,0.240379,-1.8812647,-3.0700865,-3.4344344,-3.1290417,-2.334753,-1.2388322,-0.018229455,1.1735685
-685.0947,43.990913,41.951263,38.69952,34.444504,29.454308,24.034763,18.505276,13.174248,8.316122,4.1523314,0.8372377,-1.5494361,-3.00353,-3.5908732,-3.4360251,-2.7066672,-1.5953395,-0.30027795,0.99264485
-686.87994,41.368137,39.083504,35.569267,31.194233,26.355541,21.406132,16.608997,12.128618,8.055796,4.450532,1.3820019,-1.052736,-2.7399464,-3.5861075,-3.5653567,-2.7570484,-1.3559482,0.35275996,2.0487564
-684.0054,43.740032,37.80744,31.202847,25.137983,19.23304,13.57784,9.312267,7.0787354,6.167418,5.6225157,5.1728325,4.5317965,2.8600426,-0.028237492,-2.5985248,-3.0097198,-1.4336922,0.19943804,0.83466065
-673.51434,54.794525,41.513702,30.644508,24.498642,18.648117,11.014025,4.996498,3.3460686,4.060053,4.3541355,4.6410174,5.635764,4.8005714,-0.1960941,-6.1885996,-7.2195816,-2.548047,2.0686169,2.1256099
-665.11707,61.4276,38.181408,22.745834,19.975912,19.039913,12.023972,3.730383,1.4662112,3.715191,4.206639,1.8849986,0.40463704,0.27219313,-1.9054152,-6.367832,-8.224117,-4.4963903,1.0659274,2.9914248
-668.92175,55.93197,32.646873,17.648342,15.836742,16.359043,10.994681,3.5806484,0.9194389,2.42203,2.5058742,-0.91645753,-4.6081133,-5.6690607,-5.5112553,-6.7673216,-8.306566,-6.3370543,-0.47621822,4.333246
-673.04407,49.573112,25.704918,11.159929,10.134933,10.965324,5.818863,-1.5415101,-5.192731,-5.088224,-4.94257,-7.047759,-10.152441,-11.089002,-8.866493,-6.323887,-5.6375895,-4.21727,0.9271166,6.5628943
-663.5153,59.523293,29.259209,12.264536,13.265729,15.308466,7.7662277,-2.4839735,-6.178218,-4.521664,-3.9269986,-6.351124,-8.911863,-9.127444,-7.6086607,-6.570224,-6.649555,-5.716017,-1.9377422,2.5884724
-662.7483,60.609413,30.852684,15.490614,18.375767,20.472946,10.70195,-1.6456995,-5.386821,-3.3242443,-4.0358896,-7.986338,-9.4644575,-7.0238304,-4.939863,-6.0875196,-8.460762,-8.711351,-6.0624886,-2.2758994
-674.17236,51.290665,34.153297,24.293314,23.740202,21.510246,11.4153595,0.25642,-3.731812,-2.7903786,-4.5275054,-9.633976,-11.705288,-8.106906,-4.3510537,-5.944452,-10.762735,-12.640401,-9.528776,-4.6265035
-685.53796,42.427406,38.12506,32.245316,25.357582,17.625856,9.701577,2.8024879,-2.2929444,-5.853359,-8.50078,-10.291798,-10.921387,-10.582333,-10.009474,-9.591556,-8.945067,-7.6198244,-5.8365917,-4.154671
-687.5974,39.960415,36.528675,31.214163,24.564312,17.235527,9.905401,3.186805,-2.4428258,-6.6870365,-9.445473,-10.798895,-10.969389,-10.265005,-9.019787,-7.539979,-6.064786,-4.746359,-3.649925,-2.7701044
-691.72925,34.389786,31.733524,27.576965,22.291302,16.331987,10.185841,4.3168197,-0.8819228,-5.1238275,-8.248184,-10.221926,-11.124837,-11.122086,-10.429351,-9.276512,-7.875655,-6.397644,-4.9599776,-3.626133
-690.3185,36.442364,33.942627,29.99778,24.915974,19.083725,12.927608,6.873262,1.3065464,-3.4590359,-7.205226,-9.820353,-11.298576,-11.728233,-11.271446,-10.138383,-8.559642,-6.760221,-4.938238,-3.2499213
-686.153,42.240902,39.4716,35.101624,29.472775,23.013908,16.198435,9.4988,3.3432293,-1.9206653,-6.051855,-8.928803,-10.549224,-11.017391,-10.5217495,-9.305906,-7.637332,-5.777225,-3.955247,-2.351007
-682.2633,47.520382,44.25241,39.407948,33.439964,26.662941,19.480705,12.513719,6.3742957,1.3422931,-2.6439366,-5.6745358,-7.6495905,-8.431074,-8.131538,-7.124156,-5.7488785,-4.1098747,-2.230956,-0.33698
-677.01495,52.48966,44.51783,37.143013,31.527555,25.242842,17.444923,10.942595,8.230629,7.588073,5.04144,-0.50195146,-5.9504013,-8.1032295,-7.426215,-6.615555,-6.405344,-4.7741737,-0.6096033,3.7294207
-667.743,61.101383,43.570244,29.010397,21.935696,17.57911,11.9265995,7.46509,7.446101,9.16885,7.1715555,1.2746677,-3.010327,-2.4592168,-0.60796624,-2.1376417,-5.626008,-5.496133,-0.34873873,4.5394506
-662.49866,66.34236,43.929207,25.034332,16.136257,12.206514,7.8025503,4.0442705,3.6022353,4.291354,1.8130987,-3.2155423,-5.355899,-2.018738,2.4365954,2.571063,-0.43184876,-0.5335142,4.232406,8.689011
-660.90546,69.34382,48.32589,29.917786,20.29378,15.720159,11.348307,6.648202,2.9548173,0.19014439,-2.6169066,-5.3801975,-6.6793137,-5.466592,-2.8581204,-1.2989762,-1.3337721,-0.6653966,2.1704085,4.7919483
-661.81165,67.09268,45.462093,29.400738,23.108833,19.63227,14.549513,9.102259,3.826374,-2.2000365,-7.3784156,-9.133358,-8.243761,-7.341917,-6.7754908,-5.32464,-3.1309576,-1.1546917,0.46019042,1.3743458
-658.27905,69.26184,42.764023,25.229961,21.01004,20.079044,17.107193,13.605022,8.471215,-0.24011806,-8.110676,-9.395401,-6.2032523,-4.6794176,-5.517817,-5.2385864,-3.5094426,-2.7458773,-2.8442354,-1.6195327
-660.82367,66.79198,42.329514,25.613405,20.74995,18.866663,15.291037,11.585356,6.6916924,-1.7817295,-10.047291,-11.306604,-5.396905,1.0997467,3.302268,1.9809752,0.09919235,-0.95394266,-1.4289571,-1.1236664
-668.2584,59.121315,40.221485,26.87841,22.128048,19.330765,15.243937,11.251955,6.2573986,-2.0899334,-10.641396,-12.587468,-6.157173,2.9979334,8.171002,7.6178074,4.312022,1.6497829,0.48640472,0.4681555
-674.15656,54.356827,41.664345,30.748388,25.35262,22.969025,20.204945,15.94798,9.960182,2.2402139,-5.0452747,-7.7780304,-4.168209,2.3275647,6.113652,5.031578,1.5377312,-1.134397,-2.1044195,-1.9272344
-684.1564,43.706818,38.174362,32.347458,28.269363,25.779736,23.248482,19.25375,13.647005,7.520168,2.5116124,-0.11283146,-0.31295538,0.49627167,0.35926622,-1.6213813,-4.4537115,-6.1582255,-5.609002,-3.4837546
-689.74945,37.390274,35.410896,32.540924,29.145027,25.397106,21.282257,16.767834,11.9979515,7.346778,3.27887,0.117171876,-2.1059778,-3.603664,-4.633501,-5.2989283,-5.504571,-5.0939217,-4.052889,-2.6118593
-693.1534,32.643494,30.761454,27.802238,24.009382,19.681839,15.13954,10.688478,6.590144,3.0393386,0.15269184,-2.0312314,-3.541657,-4.457634,-4.886293,-4.9411774,-4.724407,-4.315111,-3.765586,-3.1044888
-692.97424,32.694992,30.23553,26.404766,21.569557,16.177643,10.703293,5.5920525,1.2120037,-2.1818547,-4.4662833,-5.6495442,-5.8541136,-5.2859592,-4.1960793,-2.8407667,-1.4465683,-0.18492119,0.84093344,1.595866
-687.0841,40.753555,37.600403,32.925945,27.328205,21.292545,15.14221,9.137446,3.6074052,-1.0209317,-4.3427887,-6.163479,-6.6092253,-6.0673966,-4.9887333,-3.6874223,-2.273798,-0.7514145,0.8161081,2.2128088
-677.25885,51.592804,41.296776,29.910378,21.72247,17.732391,15.838474,13.087392,7.954543,1.1681129,-5.0326977,-8.429367,-8.226578,-5.5662556,-2.7576165,-1.6089199,-2.097496,-2.5745416,-1.4165504,1.3860493
-665.3833,61.890377,38.761658,19.984577,13.232935,13.174045,12.241213,9.399309,6.9804792,4.24069,-1.1708862,-7.3210545,-8.717321,-3.8553395,1.6401198,1.6161776,-3.0734744,-6.1892776,-4.113289,0.53434646
-663.70514,60.44698,30.876934,10.7889385,7.8436995,10.7293415,9.490675,6.2129827,5.2009583,3.7633958,-1.7342997,-7.6019006,-7.408251,-1.695222,2.6413693,1.4518244,-2.7177722,-5.3329477,-4.7379084,-2.1163101
-663.20325,61.55195,32.957508,13.486671,9.55385,9.992319,6.539646,2.1693726,0.30830494,-2.0035377,-6.8173695,-9.904667,-7.3730965,-1.9496386,1.3635881,1.5349966,0.18725312,-1.7534984,-2.9640017,-1.4332489
-660.77936,64.58008,35.50878,15.903129,10.77649,8.163091,1.8295395,-2.8682532,-2.953421,-3.1511223,-5.6613674,-6.1952076,-3.2786613,-2.02859,-5.088523,-7.9117136,-6.7878866,-4.2611475,-2.8591743,-0.74273044
-660.2474,63.606136,31.786953,11.775484,8.006696,6.2644153,0.6507673,-2.353072,-1.4586668,-3.3546004,-8.012006,-7.440756,-1.4191275,-0.24091607,-7.8474026,-14.724035,-12.820637,-6.7692018,-4.2237296,-4.4128065
-666.6431,57.039585,30.031803,12.806221,9.115077,7.477841,3.3993464,1.5393751,1.3182976,-2.9471684,-8.769025,-7.411235,-0.18567663,0.9098164,-8.157294,-16.556767,-14.994146,-8.162668,-4.859543,-4.9018965
-676.6706,49.204548,33.778397,21.737743,16.129826,12.546801,8.348731,4.2531204,-0.2209434,-5.75241,-9.164722,-7.161295,-3.4105215,-5.1048527,-12.177382,-16.576157,-13.47764,-6.890428,-2.1465096,0.93733954
-679.4401,49.16561,40.66635,31.13417,22.838533,15.821226,9.8026,5.052017,1.6745908,-0.63257957,-2.1566446,-3.4943957,-5.9513226,-10.185007,-14.403015,-15.42411,-12.104994,-6.627775,-1.898676,1.2009354
-677.32117,52.416878,43.84791,32.880615,22.469675,14.321417,8.71734,5.17152,3.052145,1.6681521,0.11990469,-2.4882004,-6.3894224,-10.674333,-13.657087,-13.999912,-11.704417,-8.095476,-4.8032722,-2.649438
-676.36896,53.643852,44.914444,34.13333,24.428392,17.258995,12.371999,8.770459,5.6333513,2.5838716,-0.50956964,-3.6977787,-6.8411427,-9.428629,-10.707344,-10.227147,-8.377842,-6.290325,-4.985943,-4.4966545
-679.3221,50.39975,44.04756,36.092773,28.625137,22.397518,16.87984,11.251384,5.365487,-0.09398566,-4.2253294,-6.6067743,-7.471273,-7.353767,-6.6812153,-5.6923037,-4.6183805,-3.7677956,-3.3286507,-3.1054688
-683.5977,45.49096,41.76235,36.16829,29.427937,22.245068,15.200002,8.737825,3.2065377,-1.1227741,-4.0872307,-5.690775,-6.1317883,-5.7586746,-4.9635363,-4.068695,-3.2630095,-2.6072268,-2.0812929,-1.6290162
-684.9303,43.090813,38.082787,31.102695,23.56284,16.532356,10.456259,5.2501593,0.6543029,-3.404739,-6.6673055,-8.67304,-9.05883,-7.8234835,-5.403787,-2.5337632,0.021374643,1.719482,2.3823075,2.1949081
-673.6565,55.92285,43.752583,30.229435,20.232508,14.978737,12.578542,10.295919,6.25437,0.007582292,-7.3284307,-13.265483,-15.129392,-12.0470085,-5.988796,-0.43450195,2.3458915,2.7181644,2.4910948,2.6893969
-661.07153,69.67536,48.90771,29.128962,18.64423,16.319405,16.039913,13.599186,8.613226,2.040863,-5.3333693,-11.778318,-14.308314,-11.312995,-5.0006495,0.22508761,2.0513496,1.9933835,2.5939064,3.9650958
-656.9177,74.08511,50.30757,28.552141,18.161304,16.831861,16.819609,13.581268,7.7394524,1.4510272,-4.2460737,-8.714413,-10.659842,-9.094177,-4.8279114,-0.19676805,2.7461715,3.5790055,3.231583,2.6586292
-663.17993,67.01062,47.793785,30.59584,21.193972,16.90686,13.944411,11.189427,7.89307,2.7846692,-3.466003,-8.002611,-9.047941,-7.4795732,-4.7324347,-1.1480963,2.8449783,5.6493835,5.8583536,3.8442204
-669.96814,58.529087,42.797348,29.837727,21.563953,14.4288845,9.394806,9.35508,10.922095,7.896553,0.89013696,-4.1527114,-5.448302,-6.269658,-7.418845,-5.8395762,-1.0464331,3.0431495,3.8333313,2.9901996
-669.6399,59.43342,44.779755,32.796875,24.5079,16.28233,10.3041315,10.771902,13.88935,11.704634,4.1458006,-1.6248845,-2.8212628,-3.494646,-5.5601673,-5.720179,-2.6769538,-0.13127859,-0.35643506,-0.73039305
-675.8817,54.231647,45.56575,35.269783,25.86861,18.495365,13.860262,11.857864,10.788385,8.671234,5.3857107,2.382668,0.4625892,-0.88874084,-2.0501885,-2.6115494,-2.4778638,-2.3501,-2.5747657,-2.5483572
-686.7869,41.262344,38.331123,33.942024,28.718815,23.326591,18.331173,14.093359,10.723349,8.103384,5.9678526,4.0144825,2.0135303,-0.11636911,-2.2852874,-4.26584,-5.770458,-6.546913,-6.462896,-5.5541925
-691.33716,35.172028,33.180107,30.067108,26.106243,21.615417,16.912033,12.276102,7.928541,4.02662,0.67317164,-2.0670023,-4.151839,-5.5541625,-6.2640457,-6.2997036,-5.72141,-4.6412582,-3.2224216,-1.6648772
-692.4909,33.504227,31.409912,28.145027,24.009071,19.35287,14.52969,9.854026,5.5754347,1.8700316,-1.1527084,-3.4344497,-4.951404,-5.7035675,-5.7132006,-5.0319047,-3.7516193,-2.012928,-0.004541591,2.049985
-686.7067,41.54676,39.0539,35.16855,30.244328,24.689358,18.907661,13.253727,8.008524,3.3775096,-0.4961601,-3.5135844,-5.608182,-6.745963,-6.9380255,-6.258671,-4.859128,-2.9668915,-0.8654587,1.1444085
-682.47363,47.29522,44.127876,39.242004,33.147335,26.42004,19.609589,13.167073,7.40885,2.5182908,-1.4239861,-4.397683,-6.406877,-7.463524,-7.594495,-6.865801,-5.4104033,-3.4437652,-1.2554101,0.82678497
-680.871,49.444504,45.934303,40.5055,33.711063,26.18748,18.55978,11.364788,5.00644,-0.25449672,-4.283983,-7.0455427,-8.573013,-8.954845,-8.331682,-6.9012194,-4.9197984,-2.6910057,-0.5362891,1.2490962
-679.5286,50.493805,44.87496,37.110603,28.734402,20.763739,13.518875,6.9270964,0.98956746,-3.9831965,-7.524068,-9.371983,-9.708145,-9.061937,-7.9762535,-6.720874,-5.2835965,-3.6140013,-1.8711663,-0.42897147
-676.253,51.516724,38.367813,25.318256,16.565304,10.969349,5.942367,1.0047208,-2.9038649,-5.8066225,-8.728666,-11.622718,-12.761066,-11.060944,-8.225652,-7.187131,-8.418417,-9.218119,-7.2664504,-3.6543078
-666.8651,60.52607,38.89649,20.6619,12.243887,9.105011,5.591257,1.4355011,-1.1875181,-2.5060375,-4.85293,-8.730352,-11.136714,-9.184214,-4.8572273,-3.5046644,-6.6092563,-9.190611,-6.687804,-1.3893185
-665.23914,62.197426,39.416756,20.497688,11.830231,8.599678,5.2054195,0.94982123,-2.5377564,-4.568982,-5.9505844,-7.749137,-9.172113,-7.8008184,-3.8162808,-1.5884778,-3.6565728,-5.925411,-3.3961537,1.9329269
-663.8525,65.02344,44.441483,28.246838,21.74921,18.592167,12.47686,4.455071,-1.1467226,-3.024776,-3.3018456,-3.9838314,-4.807269,-4.3679085,-2.6295269,-1.4358928,-1.98335,-2.8307095,-1.958205,-0.17116605
-661.9714,66.68034,44.628056,29.229815,26.106667,25.843105,19.135048,7.654025,-1.1004987,-3.8373218,-2.9719849,-1.5663108,-0.6803759,-0.51448995,-1.0788229,-1.7585266,-1.9647683,-2.054452,-2.5305634,-3.0407138
-660.39044,67.800354,44.27249,29.49382,28.063204,27.890348,19.568508,6.671138,-3.016529,-7.2762556,-7.5443096,-4.2901707,1.1073596,4.3109074,2.5086417,-1.4587612,-3.0239859,-1.9210563,-1.018091,-1.0317942
-668.13873,61.1654,45.11811,32.175224,26.526625,23.258915,17.028193,7.785864,-1.5540524,-8.458811,-10.713957,-7.029522,0.017093793,4.466877,3.0795825,-0.8025739,-1.8491795,0.46096003,2.4401293,2.329208
-673.4949,58.076283,50.245564,40.407352,31.143898,23.419783,16.635033,9.905031,3.3571486,-1.7005229,-3.8524032,-2.9162874,-0.35583872,1.6273546,1.5987732,-0.2082344,-2.2670808,-3.029213,-2.038312,-0.059774544
-674.76404,56.985672,50.57329,41.45082,31.459255,22.347466,15.301594,10.696686,8.135582,6.733755,5.525284,3.833977,1.4825232,-1.2140412,-3.6391473,-5.1544046,-5.353366,-4.2000933,-2.019872,0.63110197
-675.3128,56.02466,49.136658,39.454643,29.073635,19.945545,13.330681,9.522397,7.919502,7.3910484,6.776322,5.325838,2.9289033,0.067390725,-2.455227,-3.880091,-3.8025274,-2.3117247,0.07341221,2.6227624
-679.4064,50.668922,44.94263,36.787453,27.84549,19.690323,13.407824,9.366314,7.2375946,6.2393265,5.494254,4.368945,2.674567,0.6729742,-1.0915351,-2.052345,-1.8638425,-0.53736556,1.5708059,3.8988972
-680.5691,49.712055,45.90902,40.309967,33.495705,26.14987,19.11831,12.96571,7.7659492,3.4906478,0.21912128,-2.1377044,-3.847474,-4.944911,-5.212453,-4.6227794,-3.3988318,-1.6753685,0.44446552,2.5533829
-681.68567,47.99964,44.59124,40.438927,34.772373,27.238129,19.554554,12.912659,6.502266,0.16722974,-4.4824963,-6.894414,-8.423627,-9.4414215,-8.772095,-6.5865135,-4.600955,-3.1096363,-1.0224676,1.2584403
-681.1084,47.260365,41.49542,36.779434,30.928497,22.131016,13.948145,8.44685,2.2578626,-5.707678,-10.863329,-11.255821,-10.821812,-11.344269,-9.88828,-6.3870754,-4.806424,-5.247924,-3.6905472,-0.23203823
-671.9037,55.696667,40.510277,28.667332,20.195244,11.976627,6.7869906,4.962822,-0.24414676,-10.029137,-15.192708,-11.279299,-5.8240385,-4.667865,-4.322773,-2.6731257,-3.5566173,-6.5493755,-5.484665,-0.34399956
-668.26764,57.00682,34.55274,19.012848,11.642477,5.3505974,0.7672612,-0.01450214,-2.592928,-9.955685,-14.393576,-10.278231,-3.8014488,-1.6822462,-1.6217319,-0.7168317,-1.66063,-4.732143,-4.7463083,-0.7263675
-678.0728,44.328667,23.56342,8.573679,2.4749475,-1.2264736,-4.9538455,-7.1228266,-9.022642,-12.223526,-13.76725,-10.762312,-5.5977535,-2.0588522,-0.74060774,-1.2223481,-3.775318,-6.7286596,-6.9952936,-4.751732
-689.17316,30.976326,15.664532,6.41026,4.7122345,3.2992015,-0.60753745,-3.902168,-4.952582,-4.697706,-3.1264005,-0.09190755,2.593356,3.2551327,2.1764252,-0.2937301,-4.312607,-8.358433,-9.987374,-9.460205
-690.6599,29.893948,16.797066,9.663668,9.676325,9.415851,5.322214,0.5019994,-1.6689957,-0.80473876,1.8010428,4.1046934,4.541895,3.7751856,3.049189,1.1707704,-3.376771,-8.263625,-9.685997,-8.13018
-685.52045,37.498207,24.501617,15.947534,13.280117,10.365188,4.3252783,-1.8395882,-5.017926,-5.277053,-4.3467255,-3.5271044,-2.3854632,0.7022606,5.072157,6.439844,2.3759894,-2.9457085,-3.8678827,-1.0248978
-683.30646,43.233986,34.50483,26.356266,20.206306,14.438443,8.595172,3.592506,-0.47623926,-4.0693197,-6.6617804,-7.0803733,-4.799756,-0.64979565,2.9171433,3.1392732,0.16803409,-2.243684,-1.2491124,1.4987755
-682.329,46.623585,41.55602,35.13275,28.641237,22.544922,16.784256,11.027569,5.1321797,-0.24428421,-3.8904085,-5.182616,-4.6807775,-3.5519402,-2.7859035,-2.8176732,-3.2748907,-3.1089704,-1.5732245,0.88339406
-682.1673,47.51911,43.93895,38.88425,33.12326,27.029737,20.617256,13.9044,7.2651772,1.4383988,-2.8343763,-5.2510824,-6.1076217,-6.0412874,-5.569817,-4.798696,-3.519235,-1.588553,0.74974,2.886781
-682.62366,47.145996,44.156143,39.517273,33.645653,26.989155,19.991009,13.092617,6.7370853,1.3371024,-2.7936683,-5.5076094,-6.8424935,-6.9776154,-6.1559978,-4.623146,-2.6142297,-0.37784737,1.8063157,3.6522088
-684.17786,44.963657,41.995735,37.33527,31.37761,24.613392,17.576132,10.787611,4.7079964,-0.30375046,-4.0151863,-6.329935,-7.281929,-7.0169225,-5.765083,-3.8088899,-1.4506245,1.0172286,3.3360772,5.298851
-681.7767,48.31745,45.224213,40.35788,34.119835,27.01159,19.583527,12.380344,5.889612,0.49900362,-3.5335298,-6.0941963,-7.211938,-7.0424595,-5.8407073,-3.9255133,-1.6409961,0.68102396,2.7538536,4.3606997
-681.1215,49.224823,46.076904,41.127724,34.79003,27.579218,20.059944,12.789204,6.262373,0.8682961,-3.1417756,-5.6685543,-6.761574,-6.6000037,-5.460604,-3.677662,-1.6000328,0.44898403,2.2049258,3.4843817
-678.51843,51.17805,44.119675,35.651386,27.80249,21.006542,15.173504,10.636941,7.5951853,5.1562624,1.8439903,-2.6740725,-6.8449345,-8.654252,-7.6368074,-5.1159215,-2.579349,-0.37098315,1.8140593,3.7014647
-670.2466,57.647438,40.803505,27.530043,20.857647,15.147017,8.16584,4.6234818,6.8109627,8.868425,4.499498,-3.9221764,-8.790024,-7.539769,-4.6081915,-3.8141875,-3.6377232,-1.3074907,2.2362847,3.9908526
-661.71454,65.29204,40.998,25.79892,21.902153,17.063828,8.056681,4.0798645,8.121083,10.185165,3.1477683,-6.267725,-8.531879,-4.887087,-2.941103,-4.5597715,-5.4028416,-3.2459168,-0.23770286,1.7427653
-663.8547,63.074677,40.26332,25.931007,22.528227,18.472776,9.643469,3.8325424,4.843956,5.5480547,0.31623316,-6.0014114,-6.9307613,-4.444096,-4.0679507,-5.653391,-5.4128,-3.2023191,-1.6429318,-0.76607686
-671.2528,54.6345,35.83274,24.427101,22.873562,21.060387,13.773378,6.187318,2.736065,0.5353719,-3.5200505,-6.92758,-6.8594804,-5.5260158,-5.9658413,-6.8693132,-5.840909,-4.1671934,-4.003302,-3.9938784
-667.3588,59.750267,39.84246,27.451296,26.544098,26.973347,21.032688,11.897911,5.2933292,1.0665118,-3.2794862,-6.487044,-6.002036,-3.3094063,-2.0780177,-2.6976576,-2.8099434,-2.1429343,-2.6517813,-4.1658926
-668.6287,59.730896,42.868324,31.050526,27.88079,26.191982,20.591095,13.691456,9.156879,5.2647905,-0.71846646,-6.147462,-6.218354,-1.7232083,1.4915926,0.6097648,-1.297471,-1.434834,-1.6864815,-4.148203
-674.2699,54.064896,41.489666,31.515263,27.118912,24.323524,19.957384,15.408131,12.165606,8.215645,1.7487364,-4.345978,-5.4603534,-1.8004806,1.5752465,1.3840744,-0.4962758,-1.2559903,-1.486294,-2.8161817
-680.3094,48.154877,40.283424,31.88278,25.4673,20.979275,17.407124,14.049358,10.2218485,5.2428765,-0.3576946,-4.4171925,-5.060652,-2.8851404,-0.3717242,0.8367238,1.2337784,1.9875324,3.26691,4.6258297
-678.7929,51.256874,45.18299,37.55571,30.317404,24.077576,18.206268,11.9202175,5.354667,-0.3153283,-3.7769895,-4.683956,-3.9833422,-3.1783502,-3.1619837,-3.6121845,-3.436171,-1.8485794,0.85322726,3.4601908
-677.84875,52.721466,46.806164,38.885246,30.6168,22.842165,15.594816,8.747409,2.6220956,-2.020298,-4.589964,-5.2842894,-5.0954137,-5.135191,-5.821903,-6.617382,-6.5442085,-5.0525823,-2.5190725,0.013177186
-676.9627,53.809082,47.28411,38.186157,28.451256,19.714855,12.885416,8.073065,4.8020864,2.344586,0.03819995,-2.479187,-5.149086,-7.5208616,-8.950756,-8.923042,-7.3501167,-4.6782045,-1.7162759,0.7249104
-679.1969,50.608646,44.040745,35.10765,25.994625,18.480652,13.366976,10.356971,8.391409,6.2531023,3.1638227,-0.87413543,-5.114323,-8.438231,-9.879431,-9.057011,-6.32705,-2.60289,1.0430644,3.787808
-683.2201,44.870758,38.3914,30.126,22.398914,16.571598,12.739613,10.158756,7.9041996,5.3103704,2.1160455,-1.5010633,-4.9044,-7.1285763,-7.305376,-5.2368693,-1.682517,1.9735053,4.5258694,5.6360354
-677.91754,49.690514,37.95712,26.950596,20.8055,18.34322,16.598475,14.312726,11.591385,8.162886,3.7470717,-0.51729333,-2.7472897,-2.620821,-1.7639475,-1.4504985,-1.1171216,0.024605667,0.9936809,0.20254794
-667.7383,59.078865,37.006065,19.109312,13.273983,14.959029,16.537123,15.696805,13.752197,10.598492,5.4447575,0.55677617,-0.23496954,2.8155642,4.6911607,2.070736,-2.197113,-3.3421793,-1.4865581,-1.0544562
-662.68176,64.462776,38.574203,17.701302,11.119164,13.190828,14.492672,12.390994,9.351358,6.076203,1.2001917,-3.8734198,-4.9109297,-0.865934,3.4560745,3.0774236,-0.77716017,-2.6543963,-0.3519296,2.4863014
-667.50037,58.739063,35.45675,17.199219,12.017,14.045071,14.230236,10.304451,5.418668,1.516001,-2.286296,-6.076789,-7.48221,-4.8599386,-0.43258584,1.6902871,0.43453574,-0.9836377,0.54734355,3.679377
-667.7116,57.773777,35.791794,23.220734,22.493824,22.343727,17.057026,10.184131,5.156398,1.9970657,-0.020250082,-2.0560935,-4.9013596,-6.566536,-4.8992243,-2.1956232,-1.8863366,-2.4398818,-0.64520335,1.5788404
-663.90314,61.190266,36.899063,25.893929,27.596413,25.371374,14.632036,4.605714,0.60606104,-0.5782411,-2.2941232,-4.6892424,-6.574201,-6.187995,-3.3447018,-1.0149186,-0.95800495,-0.7901862,0.35078472,-1.0826676
-667.60126,58.78634,39.023373,28.305363,26.14622,20.421001,9.284014,1.5210426,0.47874838,0.3510548,-3.2940779,-8.048813,-9.573747,-7.16787,-3.9965615,-2.9722447,-2.971542,-1.3253329,0.2048306,-2.5592036
-673.5325,54.280838,40.220016,29.025164,22.429974,15.320033,6.400876,0.43814164,0.16651939,1.780685,0.34566358,-3.8874047,-6.9576893,-7.0510464,-6.1412935,-5.9528503,-5.0422745,-1.7688007,1.6900235,1.7211814
-675.5709,54.110405,44.17479,32.826927,22.997072,14.8219185,7.713279,2.377143,0.049938902,0.32040048,0.81445503,-0.5851393,-3.6651292,-6.3470592,-6.8969965,-5.293003,-2.6645823,-0.03211129,2.192256,3.9301214
-675.9155,54.779938,47.468925,38.530792,29.878098,21.70187,13.740641,6.7119927,1.9506545,-0.24798481,-1.3189739,-3.054801,-5.680057,-7.65594,-7.4568653,-5.235179,-2.5117278,-0.44868955,1.134463,2.9391773
-680.5078,49.840652,46.14968,40.75357,34.181786,26.710083,18.677116,10.77947,3.9017186,-1.3747758,-5.0260262,-7.3239117,-8.401928,-8.182301,-6.7234325,-4.50682,-2.2524319,-0.44135183,0.9064685,1.9630303
-684.04736,45.16117,42.226807,37.606335,31.675182,24.90292,17.805515,10.894152,4.626725,-0.6325929,-4.6418076,-7.294403,-8.617405,-8.755069,-7.941273,-6.46463,-4.6310472,-2.7285037,-0.9978852,0.3869665
-689.3248,37.635685,34.634262,30.176577,24.769283,18.840324,12.809885,7.143071,2.2347455,-1.7609706,-4.929285,-7.3909,-9.120993,-9.991072,-9.957781,-9.15262,-7.7775865,-5.9740305,-3.8550177,-1.6497116
-684.75745,40.823177,30.070694,17.629105,6.9178395,-1.2125545,-6.6802387,-8.669573,-6.802501,-3.0709572,-1.1437702,-3.1428733,-7.65006,-11.444765,-12.852028,-12.717254,-12.302558,-11.328045,-8.779449,-5.048454
-665.818,61.698227,37.998898,14.812743,0.39087218,-6.422001,-9.651725,-10.072342,-6.4502687,-0.24067545,3.7096634,1.8770193,-3.7284367,-7.7761087,-7.994295,-7.2303762,-8.309696,-9.410059,-7.0103865,-1.8305624
-654.0763,72.71001,37.73613,7.752918,-5.147894,-7.0220118,-8.239374,-10.493905,-8.75486,-1.3279052,6.19287,7.134207,1.5135758,-4.5641656,-6.8024225,-7.043541,-8.547537,-10.203489,-8.635925,-4.221571
-651.6507,74.954185,37.95704,7.6761074,-3.548884,-3.9323,-5.2739496,-8.161106,-5.812285,3.4605908,12.808136,14.861887,9.496468,2.3017902,-2.6591086,-6.059757,-9.531285,-11.697737,-10.116237,-5.7557163
-655.2069,72.483315,41.10683,14.957178,3.1200056,-1.6136262,-6.80026,-10.021988,-5.655983,4.9837174,14.511994,17.585857,14.673823,8.940289,2.433291,-4.0849037,-9.25539,-10.727835,-7.3847103,-1.7734673
-655.3873,74.79434,48.584343,25.161665,10.986843,0.87491643,-8.456178,-12.4178505,-7.2339706,2.4263306,8.562012,8.939371,7.180091,5.7755375,2.9943461,-3.1217027,-10.333174,-13.201123,-8.420397,0.97736245
-639.52344,92.19741,55.574043,25.070452,10.691477,3.4432187,-5.402623,-12.734157,-12.175594,-5.3132067,0.45076174,1.1637638,-0.752676,-1.4473236,-0.7364984,-1.9216084,-6.979579,-12.415743,-11.781071,-3.6568928
-628.68915,103.91115,59.614174,23.620779,9.30399,5.5040064,-1.776906,-12.854401,-19.346973,-16.77168,-8.668179,-1.9129007,-0.23210952,-1.4962807,-1.6087859,-0.8880358,-3.448667,-9.254962,-11.762238,-6.904559
-628.19464,105.98306,63.34284,26.196081,9.492714,5.3947783,-0.87998503,-13.118557,-23.037544,-22.405455,-12.625599,-2.6225054,0.83585,-0.93042254,-2.6261692,-2.842527,-4.624745,-8.715147,-10.769175,-7.415187
-633.8652,102.07701,66.744644,31.72314,10.734347,1.9511988,-4.688403,-14.145102,-21.704842,-20.488976,-10.810783,-0.5535083,2.8480203,-0.9381839,-6.633262,-9.754981,-10.05937,-9.267844,-7.6104174,-4.0984716
-637.9089,98.97533,68.96532,37.138836,15.201706,3.898893,-2.942865,-9.377146,-13.3439865,-10.956908,-2.9203954,4.695342,6.001625,0.7125137,-6.3002634,-10.13748,-9.752842,-7.0783496,-3.7851052,-0.15836199
-627.464,109.863045,71.638855,34.04393,12.144532,3.8739767,-2.0693474,-11.34946,-18.600065,-15.857552,-3.6914206,7.895051,9.246243,0.26203257,-10.521898,-14.827442,-11.51853,-5.3500204,-0.9473337,0.6939972
-617.9479,119.528046,73.897484,32.417557,12.198105,6.655406,-0.10539873,-12.816025,-21.737988,-17.190113,-2.5027053,9.199944,8.6231785,-1.7909282,-12.522038,-16.55608,-13.580824,-7.2294664,-1.0137928,2.9737773
-615.1798,121.6304,72.998856,30.966297,12.309292,7.4948025,0.23546687,-11.736494,-18.230305,-12.738051,-0.68723655,7.308466,5.5930095,-3.7660499,-14.473715,-20.199621,-17.713459,-8.848719,0.61261487,5.475787
-617.5456,120.14484,74.98553,33.840694,11.877111,3.0707848,-3.7171314,-10.451621,-12.584582,-8.340998,-0.87813485,5.1426525,5.5274196,-1.9590497,-14.053482,-21.79903,-18.275839,-6.4561872,3.7738476,6.2507296
-619.47754,118.6223,75.51222,34.284763,9.50606,-1.6112206,-6.8248777,-9.286764,-9.064053,-6.4894314,-1.789812,4.306731,7.8450146,3.5191436,-7.8018365,-16.579716,-14.071001,-3.0700774,5.241146,4.705826
-622.58325,112.61624,67.32652,26.813423,5.2400036,-1.7630845,-2.9528532,-3.8908877,-6.032261,-6.304652,-1.2457225,6.880206,11.546024,8.616219,-0.38965666,-8.965286,-9.934332,-3.4100404,2.070978,1.0586525
-627.9978,106.43608,63.952293,25.474018,5.4917526,0.16921346,-0.54537576,-2.7523248,-6.1164837,-6.516795,-1.8114005,4.997758,8.727894,6.1053553,-2.3658419,-11.412649,-13.962089,-8.678916,-1.4279294,2.9791682
-631.4382,104.53775,67.25725,30.110914,6.2472115,-4.7848816,-9.0906105,-10.844467,-10.829714,-8.0678215,-2.0386453,5.4361973,10.067396,7.6274133,-1.9380851,-12.699104,-16.970566,-12.334943,-3.18812,4.261879
-635.939,100.13663,66.41932,30.623947,5.2186604,-7.914947,-12.635035,-12.753422,-10.400006,-6.212941,0.030272588,7.2644444,11.541487,8.702971,-0.67759806,-10.581844,-14.652231,-11.382977,-4.363288,1.2283161
-640.87274,94.61588,63.85216,30.148397,5.3208427,-7.999708,-13.123041,-13.450554,-10.466078,-5.2061605,0.6199869,5.1115313,6.757901,4.547964,-1.3637903,-8.578943,-13.056667,-12.193094,-7.5071735,-3.367721
-643.0968,93.29775,67.023636,38.0058,15.496876,1.1424603,-6.931098,-9.368862,-6.200627,0.047000185,4.7682085,5.200285,2.3882303,-1.2407722,-4.806712,-8.447532,-11.086831,-10.7236185,-7.1254163,-2.682185
-646.6149,88.55803,63.42563,37.214634,19.032444,8.773457,2.258534,-1.7544181,-1.2876961,3.6009676,8.182005,7.025348,-0.3517521,-9.092081,-14.041109,-14.132803,-11.747586,-9.105465,-6.4456267,-3.3079967
-640.44635,96.39965,69.2722,41.2479,22.020203,10.707708,1.9245183,-5.4594517,-7.459216,-1.8946866,6.5583444,9.930068,4.956254,-3.9163413,-9.674454,-9.715231,-7.0439014,-5.561287,-5.8039827,-5.6668353
-639.0859,99.380905,74.45017,47.50154,26.623112,11.805406,0.24121037,-7.8659296,-9.62896,-4.159342,4.44868,9.458509,7.303901,0.93005854,-3.533193,-3.4392648,-1.7065845,-2.05748,-4.157258,-4.8574867
-641.367,97.88477,75.92428,49.053795,24.319939,5.63446,-5.0470304,-7.664899,-4.474679,1.2740479,6.7653413,9.444157,7.532506,2.2649574,-2.1397877,-2.6532378,-0.49755847,1.2661965,1.6656921,1.7408925
-645.7112,92.6662,72.437195,46.534,22.092382,4.2805147,-4.573699,-5.389264,-1.5184488,3.466463,7.286704,8.657585,6.9565344,2.937415,-1.2421478,-3.6095228,-3.5805519,-1.4728284,2.0961275,5.866952
-643.9458,94.678314,73.19148,45.954926,20.924854,3.1281385,-6.3098836,-8.973612,-7.1851783,-2.7912908,2.6262941,7.001148,8.031241,4.657548,-1.7345043,-7.811608,-10.262394,-7.83877,-2.148799,3.3624835
-641.22363,96.46347,70.619896,40.440937,15.94264,0.9520298,-6.174336,-8.544162,-7.8258514,-4.3790064,1.0211364,6.2732744,8.732065,6.76505,0.83165884,-6.4472284,-11.316431,-10.951653,-5.650321,0.82021147
-635.8459,98.822876,62.758995,27.769875,7.9074545,1.3534315,-1.3441699,-4.777293,-6.1242456,-2.3874283,3.9594765,7.6812506,6.7309313,3.3002908,-0.15063769,-3.4154048,-6.592363,-7.8466196,-5.2212324,-0.18319964
-632.8228,100.16547,58.768738,22.252056,6.244735,4.315403,1.9648315,-5.2368574,-10.206106,-7.2610316,-0.57786155,1.5853175,-2.7651634,-8.155609,-9.428186,-7.1414065,-4.569453,-2.3919353,1.0904022,5.6416597
-631.34106,102.744064,63.25595,29.808426,15.516292,11.684065,5.0978994,-5.1526933,-10.533419,-7.0639687,-0.7682472,0.12261007,-5.6495914,-12.244862,-13.755449,-9.733353,-4.159553,-0.3219743,2.0766563,4.5093155
-634.2512,101.395775,68.47529,40.803326,26.872227,17.730255,5.2163887,-6.509289,-9.5726185,-4.9022894,-0.8158179,-2.4155884,-7.1722555,-9.999517,-9.015421,-6.040679,-3.702938,-2.7399037,-1.5488393,1.2135856
-640.7613,94.72661,68.67279,49.04753,39.344364,28.34312,11.322434,-2.599938,-5.4094725,-2.0543876,-2.1854634,-6.534524,-8.067821,-3.8142898,0.96263945,0.73871803,-3.06875,-5.04992,-2.9693594,0.663991
-650.855,84.34727,66.51693,52.885735,44.244675,32.326584,15.934294,3.5543106,0.2621092,0.71923995,-2.0028684,-6.5097656,-6.425228,-0.84980464,3.6061552,1.8362794,-2.8779826,-3.9512184,-0.71761334,1.8564426
-656.2952,80.26526,67.71395,52.952606,38.21473,23.256104,9.707218,1.4629447,0.0095919445,2.0335343,3.3277934,3.3393312,3.964755,5.2240815,4.8382187,2.0326521,-0.8201537,-1.413154,-0.5642051,-0.5874715
-658.13434,78.64107,67.04448,50.525616,32.46659,16.215559,4.2444797,-2.3718004,-4.0240774,-2.2093065,1.0963228,4.1011534,5.682431,5.563405,4.177229,2.321329,0.7638135,-0.045719244,-0.073177174,0.39436254
-658.1587,78.64897,67.153725,50.7295,32.681854,16.306267,4.0710044,-2.8982239,-4.9030876,-3.343904,-0.12494799,2.9876895,4.8472285,5.116844,4.156331,2.6977792,1.463839,0.8786381,0.9635225,1.4236554
-659.8461,76.64402,66.208496,51.288246,34.85843,19.863188,8.478745,1.6648319,-0.88233477,-0.401973,1.4859378,3.3517,4.350418,4.33128,3.6690009,2.9269607,2.51234,2.4682355,2.476169,2.0479965
-655.63,81.53878,68.9131,51.911987,33.273376,15.976859,3.6257672,-2.211572,-3.1175976,-1.2067664,2.3626533,5.85007,6.985345,5.4988604,3.1546679,0.972857,-1.189859,-2.6854093,-2.5399463,-1.5637336
-653.1824,84.24234,69.73038,50.601067,30.335716,12.074902,-0.7412,-6.46358,-6.3974075,-2.8562403,2.1169877,5.960259,6.3997045,3.7956758,0.450796,-2.4979596,-5.2682524,-7.1490555,-6.8759336,-4.9775605
-654.09656,82.96216,68.078384,48.10801,27.584198,10.20701,-1.3941526,-6.104219,-4.82748,-0.17749117,4.6690893,7.2808895,6.8423615,4.080115,0.25131434,-3.7293184,-7.113425,-8.914925,-8.509535,-6.529267
-653.96606,82.04893,64.69441,42.840702,22.735332,8.152939,0.08785877,-2.3609877,-1.209609,1.0795918,2.636765,3.0864546,3.209064,3.4609241,3.0299833,0.6927279,-3.457331,-7.540146,-9.362434,-8.220598
-655.41846,78.84952,59.362206,36.76641,18.117012,5.86825,-0.65463245,-2.8774307,-2.5773983,-2.1053443,-3.0199428,-4.3876133,-3.7639992,-0.5074297,2.7195048,2.6387506,-0.83802694,-4.4273014,-5.067274,-2.7767525
-654.0241,78.30568,54.514458,30.907846,14.540321,3.7507002,-3.7041345,-6.3517456,-3.7319813,-0.25854868,-0.63592005,-3.6302798,-4.0045013,-0.0024528913,4.3006783,4.570571,1.5304221,-0.60837805,0.6083938,3.7869673
-644.99304,89.50995,63.58447,40.136055,24.075623,10.5571165,-1.5889379,-7.852557,-6.5539355,-1.7444943,1.728524,2.0185666,0.41891456,-0.066709444,2.013989,4.0848517,2.7777953,-0.70069957,-1.8062719,0.9902321
-640.5779,93.437035,65.25357,44.42559,31.536448,16.741928,1.4689904,-6.670869,-7.6782227,-5.069389,0.5214312,5.6688004,4.437334,-0.76519066,-1.2961972,2.751449,2.948497,-1.994571,-4.6406784,-2.184118
-638.86115,93.80779,62.88863,42.19661,30.095165,15.468565,2.6911507,-1.2959055,-1.6981661,-2.1127715,2.0713053,7.7976418,4.722187,-4.3698907,-6.267582,-0.76111084,0.59102607,-3.5697265,-4.3833394,-0.64951885
-644.51404,89.13707,63.45967,42.798134,26.499031,10.399996,0.80615616,-0.11128913,-0.13138007,-0.91163623,2.2910042,5.1636267,0.40867054,-6.1017227,-5.388396,-2.1635895,-4.143838,-6.9671087,-4.2999077,0.22055975
-648.2127,89.6342,71.13167,47.440075,23.68678,4.5114245,-6.4082956,-9.546442,-8.666424,-6.2797756,-3.207374,-1.1165175,-1.3695854,-2.900114,-4.335739,-5.91743,-7.270693,-6.554677,-3.4517405,0.14377886
-646.3493,93.30653,76.366104,52.876724,28.322798,7.759666,-5.594621,-11.025284,-10.107192,-5.8034444,-1.2766272,1.1558621,0.6110258,-2.340179,-6.1436253,-9.005129,-9.628723,-7.6953573,-3.9266748,0.27001306
-647.10645,92.34206,75.69644,52.638603,28.613176,8.66075,-4.0290737,-8.848263,-7.584172,-3.4570103,0.20863044,1.168769,-1.1100283,-5.541832,-10.1126375,-12.836262,-12.574986,-9.422413,-4.5515394,0.34631735
-649.2987,89.35472,73.056564,50.59101,27.379715,8.374523,-3.3945289,-7.5159,-5.9461,-1.9790953,1.1221193,1.299689,-1.7307993,-6.661296,-11.363514,-13.882478,-13.23545,-9.723457,-4.6902323,0.10732919
-651.8449,86.00257,70.36731,48.76335,26.35281,7.8888407,-3.658712,-7.7817945,-6.2314653,-2.0802178,1.547298,2.5837502,0.5817511,-3.4132168,-7.5451546,-10.050615,-9.999378,-7.5968666,-3.9796002,-0.64820516
-657.4956,78.36166,63.8011,44.00538,23.997715,8.156171,-1.1038017,-3.7992303,-1.9209058,1.6513481,4.345948,4.7309923,2.7349615,-0.6922136,-4.210861,-6.696308,-7.594715,-6.9749613,-5.3603926,-3.4752584
-654.0969,81.33041,62.543,38.967407,17.880695,3.9253993,-1.9653419,-1.7724943,1.1747595,3.718112,4.042078,2.201014,-0.37264913,-2.200456,-2.9145627,-3.222415,-3.808281,-4.4213285,-4.163512,-2.611888
-649.1163,85.170135,60.059692,32.89822,12.619919,0.45664358,-5.651122,-6.3293095,-1.9688804,3.8087597,5.520012,1.5475023,-3.5336595,-4.022714,0.31341943,4.3087893,3.8201802,0.27983326,-1.8866984,-0.9133404
-652.4391,78.5356,50.474335,23.980131,8.0832205,-0.45884562,-6.755232,-9.457979,-5.285819,2.5039167,5.712971,1.3306403,-4.221439,-3.0794473,4.351803,10.421276,9.751265,4.624783,0.61123645,-0.250838
-659.8539,68.97977,43.39679,20.203705,7.6434097,1.6375769,-4.02378,-9.005808,-9.748717,-7.1823025,-6.4186373,-9.27523,-11.156128,-7.15983,0.92462385,6.1554976,4.404464,-1.3430278,-5.12578,-4.795429
-664.4946,63.447296,41.012665,22.143196,13.257435,9.550282,4.4747796,-2.5525131,-7.430567,-8.575215,-8.97142,-10.21688,-10.035331,-7.1330156,-3.657402,-2.4394584,-4.262286,-6.6714363,-5.9380894,-2.2822688
-656.4208,73.7117,49.21398,28.46913,17.395424,12.011696,6.1741753,-2.1300874,-8.107253,-8.070356,-5.745779,-4.4775505,-2.87527,-1.3216065,-1.9962807,-4.45158,-7.6163473,-9.770239,-7.335577,-1.386677
-647.5937,85.72667,58.747337,34.163513,21.079193,15.491987,9.160673,-0.16930845,-7.900077,-10.02725,-7.8772917,-4.45356,-0.32456118,4.2761183,6.7105613,4.221179,-2.2128775,-7.72665,-7.9442925,-3.7427013
-648.4956,86.66545,63.69407,40.252155,24.194096,14.889061,8.094245,1.1536758,-5.7667866,-10.522581,-10.532602,-5.1509247,3.008299,9.716145,11.882942,8.684017,1.6343927,-5.373273,-7.885818,-4.8402624
-653.00854,82.2386,62.9791,41.19493,23.79087,12.7369795,6.3337626,1.4607158,-3.955536,-8.5921135,-8.529024,-1.9696574,7.5138164,13.794775,13.587328,8.17003,1.2189422,-3.487411,-3.656839,-0.20759459
-654.3804,80.60797,61.877583,40.587643,24.192768,14.551552,8.4525585,2.007986,-5.283477,-10.306693,-9.748025,-3.7355378,3.691687,7.635929,6.1198606,1.3290472,-2.5414982,-2.765576,0.05863888,3.0231972
-660.9078,72.65294,57.11535,39.38404,25.324102,16.055157,8.811012,0.85517675,-7.419949,-12.954432,-13.249483,-9.057978,-3.9874449,-1.5300244,-2.3722515,-4.3467875,-4.7854586,-2.925086,-0.27948976,1.0110556
-671.86633,59.971226,50.787262,38.381886,25.260635,12.9060335,1.9513206,-7.0225267,-13.134958,-15.729397,-15.143669,-12.776351,-10.2406845,-8.380268,-7.077606,-5.95677,-5.162834,-5.3644295,-6.989009,-9.529697
-668.7907,64.79286,56.45961,44.152313,29.80688,15.460642,2.8924727,-6.6305923,-12.506122,-14.83499,-14.310917,-11.968328,-8.879417,-5.9276476,-3.7216125,-2.6060328,-2.6801782,-3.7870991,-5.5208793,-7.3138084
-659.8943,76.36412,65.29736,49.344788,31.528536,14.88426,1.7323465,-6.779013,-10.74845,-11.236317,-9.756403,-7.738123,-6.1368036,-5.29274,-5.037197,-4.954444,-4.6671124,-4.0264654,-3.1480846,-2.3080037
-655.3998,81.37584,67.184975,48.33137,29.420698,13.680979,2.4969087,-4.069614,-6.717492,-6.768219,-6.0568833,-6.2970543,-8.087553,-10.446262,-11.522224,-10.070274,-6.466552,-2.3936548,0.46720213,1.5339308
-651.61456,83.41724,62.281784,39.017883,22.114487,13.498516,9.633219,6.029158,1.0014516,-4.105431,-7.7163286,-10.279943,-13.21183,-16.236576,-17.002483,-13.571524,-6.6838527,0.55164975,4.90581,5.254554
-648.3618,84.77585,57.5972,31.203182,15.096031,9.28455,9.033339,8.164923,2.8332686,-4.4905167,-8.578209,-9.39205,-11.22641,-14.613577,-15.598132,-12.640908,-8.083519,-3.5418878,0.64050037,2.8682427
-649.073,83.01904,54.835785,28.813148,13.637848,7.304364,5.280534,3.852512,0.47316435,-3.8390806,-5.8567796,-5.8348117,-6.9932575,-8.99259,-8.470406,-6.1215878,-5.825238,-6.7614903,-4.3005724,1.0895169
-653.4798,77.19494,50.8187,28.28386,16.24529,9.639013,3.7387836,-1.3852926,-4.505693,-4.8093557,-2.0133414,1.7419679,3.169259,2.4963014,2.5144598,2.621398,-0.23211542,-4.3795247,-4.400646,-0.32254142
-658.07855,68.6,39.404263,18.713099,12.77268,10.933058,5.493187,-0.500608,-2.3383522,-0.18183012,3.8358517,8.442132,12.397123,14.412598,13.875292,10.378403,4.315964,-1.5378176,-4.1194897,-4.284561
-650.747,77.833405,46.18239,23.188145,15.103299,10.506552,2.4757059,-4.1760015,-5.4151053,-4.5283155,-4.163588,-1.6099346,4.5254116,9.748359,9.435408,4.8144326,0.38862872,-1.5698329,-1.8381754,-1.8063531
-657.4811,74.455826,53.303444,32.649353,18.172707,7.710579,-0.771147,-6.063199,-8.227011,-10.210038,-12.68833,-11.741359,-5.0538025,2.6292577,4.3329268,-0.33016342,-5.123748,-5.5024633,-3.0809138,-1.3160847
-660.2726,74.5753,60.719444,42.63298,25.12191,11.307248,1.892461,-4.0552297,-7.6811047,-9.430319,-9.192062,-7.104737,-4.121935,-1.7371281,-1.0575361,-2.0164475,-3.4217026,-3.8547554,-2.7375312,-0.74604416
-657.4579,78.86212,65.43208,46.903046,27.639877,11.531849,0.89711845,-3.9254127,-4.2531166,-2.2521625,-0.028244171,1.0447295,0.5797105,-0.97787,-2.770483,-4.010979,-4.3357224,-3.9055996,-3.239296,-2.8777847
-656.51624,80.0802,66.35249,47.4638,27.94907,11.851425,1.5426903,-2.741515,-2.557234,-0.33355606,1.6830556,2.188971,1.0411404,-1.0479711,-3.0991836,-4.419134,-4.871519,-4.7975836,-4.6967087,-4.877426
-656.91693,79.716095,66.552185,48.44252,29.654663,13.875063,3.1463788,-2.425584,-4.1904354,-4.0338516,-3.4991508,-3.3236518,-3.494069,-3.649788,-3.524447,-3.167069,-2.866694,-2.8972902,-3.2904272,-3.794193
-662.28674,73.36763,63.455524,49.361595,33.890305,19.646355,8.364243,0.640883,-3.8928072,-6.1117554,-6.8974524,-6.8212214,-6.1050406,-4.8008842,-3.0283833,-1.10762,0.4907328,1.3365756,1.2474878,0.38176543
-662.49817,72.71056,61.812607,46.364323,29.571598,14.511272,3.3385525,-3.1294928,-5.362043,-4.6804843,-2.6547499,-0.57082224,0.8588361,1.496603,1.569874,1.3945733,1.1695089,0.91299224,0.5291201,-0.069215864
-666.16534,66.584755,53.735607,37.03997,20.712564,7.6445417,-0.7344813,-4.273789,-3.9790895,-1.4952841,1.7290902,4.7926483,7.041643,7.922495,7.328607,5.703077,3.4787118,0.69287384,-2.4981325,-5.210659
-665.422,64.61575,46.37087,27.767147,13.828773,4.160234,-1.9791377,-4.6832905,-5.2919397,-5.235014,-3.9275613,-0.405368,4.036312,6.918831,7.3555326,6.1382895,3.7802129,-0.105654284,-5.336061,-9.663809
-653.79645,75.20349,46.57474,24.294739,14.231967,8.799063,3.47007,0.092212304,-0.61676645,-0.34918743,0.30784017,1.410928,2.420061,3.5983381,5.2695217,5.6537447,3.3766942,0.56752634,-0.671369,-1.8532935
-650.32526,80.17238,51.76407,29.512825,18.684757,12.135401,6.4143476,2.988743,1.0823765,-1.0327206,-2.6888182,-3.8272858,-5.638897,-6.3561525,-3.3590024,0.6865471,1.5620004,1.4521497,4.5666313,7.88064
-651.90234,80.551994,56.701008,35.36474,20.677828,9.255192,1.0904353,-2.3022175,-3.1058087,-3.488421,-2.9038472,-2.5341253,-5.0093164,-8.1965885,-7.4904737,-4.1965885,-2.8435974,-1.9036641,2.8908567,8.289808
-657.4807,75.03634,55.340225,35.57734,19.885378,7.3167887,-1.5443953,-5.626218,-6.509348,-6.1294503,-4.9981384,-4.5157385,-6.333787,-8.700469,-8.625643,-7.225858,-7.197871,-6.596068,-1.9252625,4.2859535
-659.562,74.65109,59.462593,41.7825,26.014587,13.012974,2.801199,-3.6558216,-5.8804264,-5.456031,-4.799218,-4.6862154,-4.0615025,-2.4527655,-1.4943577,-3.039852,-6.1895256,-7.5957823,-5.1679993,-0.4071302
-661.5595,73.46901,61.468544,45.416527,28.724913,13.807154,2.347921,-4.5495067,-6.923564,-6.1850185,-4.182058,-2.0056577,0.04663729,1.5639524,1.7456987,0.31897336,-1.7014263,-2.7101154,-1.9735758,-0.11790379
-666.9764,66.8183,57.08329,43.115005,27.65551,13.4640045,2.6473804,-3.7719665,-5.943713,-4.941124,-2.290224,0.5502745,2.5883129,3.4680753,3.3920422,2.8660707,2.3906913,2.2241035,2.2981167,2.297977
-669.7,63.57736,55.4924,43.725327,30.381805,17.636196,7.2361097,0.16127327,-3.4809225,-4.3175135,-3.3973577,-1.8179184,-0.41267788,0.41350153,0.6723006,0.63756037,0.6277206,0.817057,1.146162,1.3567806
-668.8026,64.91065,56.981926,45.37393,32.10033,19.295986,8.753585,1.5719421,-2.0023518,-2.5141091,-1.0535792,1.0933717,2.7969625,3.3437324,2.5469697,0.69674814,-1.614113,-3.7209618,-5.09979,-5.5014067
-665.6329,69.17596,60.595192,47.91265,33.194164,18.696156,6.4142747,-2.2870078,-6.8838406,-7.7036104,-5.748535,-2.3877778,0.99811465,3.332024,4.0431824,3.1214132,1.0264189,-1.5077518,-3.71063,-4.988996
-663.24994,72.18826,62.5999,48.440884,32.034035,15.9135475,2.3171337,-7.2287226,-12.140305,-12.783884,-10.273476,-6.124221,-1.8563757,1.350191,2.872926,2.6963243,1.3023931,-0.5500494,-2.0855656,-2.7373495
-658.99316,78.06868,68.13354,53.578262,36.841816,20.439602,6.474027,-3.6603804,-9.380188,-10.886116,-9.054077,-5.2442656,-1.0097839,2.2729063,3.755308,3.312564,1.4870436,-0.80326784,-2.6574883,-3.5058517
-653.8251,81.85031,65.40509,48.599472,35.969612,25.55816,14.139748,2.0162911,-7.2476783,-10.397934,-7.6514893,-2.7248256,0.6135783,1.8764212,2.7909665,3.4820971,2.005147,-1.9281485,-5.307666,-5.3781395
-648.205,84.82434,58.656006,37.392464,29.850367,28.704868,22.269318,8.169851,-5.7568884,-11.463191,-8.878096,-4.0977,-1.5299418,-0.091838226,2.6471283,5.242176,3.9449916,-1.4587997,-6.5849333,-7.8727007
-643.9719,88.20717,56.599785,31.702686,24.448044,25.35328,19.639126,4.816662,-9.31784,-14.55362,-12.783255,-10.377283,-8.91405,-5.1592493,1.6102622,6.7032266,5.6773634,0.15866365,-4.317469,-5.101375
-647.9323,83.609566,53.588043,28.255362,17.878613,15.312423,8.935141,-2.86273,-12.521759,-15.060621,-13.736554,-13.526779,-13.526878,-9.3415985,-1.2072282,4.566759,3.2999501,-1.9580731,-4.4898577,-2.591919
-653.9743,76.845276,51.05106,29.132551,17.996151,10.996686,1.2645404,-8.989134,-13.4117365,-11.009397,-7.336792,-7.1282673,-8.5516205,-6.5123425,-0.50156367,4.046798,3.193337,0.0056320727,-0.1328753,2.5604877
-661.53705,66.0355,42.034985,25.055588,17.792257,10.318178,-1.0113274,-9.950989,-11.415983,-7.3856087,-3.2068098,-2.1014376,-2.3089423,0.3325609,5.3912783,7.045107,3.429488,0.8354661,3.6316648,6.814437
-665.72504,60.832726,39.703346,26.839634,21.390125,13.28788,3.2120976,-1.8192731,-1.7315729,-1.0168544,-1.2834821,-2.0670907,-2.102638,0.795666,4.6855364,2.9326088,-4.431363,-7.4420195,-1.8887924,3.0297775
-663.4147,66.54735,48.548065,33.22171,20.483727,6.4885826,-4.743214,-8.23767,-6.6858435,-4.6762347,-2.8356724,-1.3138546,-0.8966303,-0.21232383,0.9268818,-1.1939971,-6.5913725,-8.097523,-2.8206153,1.7687519
-663.0766,70.974174,57.72393,39.32568,19.790634,2.9945028,-8.219788,-12.990225,-12.504192,-9.011431,-4.858152,-1.9925337,-1.415422,-2.7627792,-4.773768,-6.2451878,-6.44493,-5.105219,-2.6099308,0.025890917
-659.43604,76.23236,63.134594,44.71191,25.004017,7.895569,-3.9263117,-9.568896,-9.925589,-7.116986,-3.6179671,-1.3952069,-1.3456025,-3.1920595,-5.8145514,-7.8402185,-8.242126,-6.722023,-3.7596002,-0.3508095
-660.6469,74.93736,62.99105,46.177162,28.153915,12.414429,1.3366652,-4.347803,-5.5212774,-4.139578,-2.4102678,-1.9961967,-3.516702,-6.489607,-9.686014,-11.723377,-11.651878,-9.316041,-5.378477,-1.0305872
-661.1694,74.571915,63.657326,48.289795,31.789444,17.301117,6.9306116,1.2795691,-0.49375117,-0.15142646,0.38726065,-0.24080914,-2.4278903,-5.5975266,-8.578128,-10.168226,-9.6584,-7.1128597,-3.3237767,0.51487136
-663.48114,71.80417,62.236748,48.646297,33.827965,20.476679,10.474075,4.4858327,1.9770623,1.6039305,1.8130705,1.421088,-0.026655795,-2.221562,-4.356815,-5.5584574,-5.298461,-3.6289754,-1.1597408,1.1936729
-667.1231,66.47467,56.882507,44.337116,31.77786,20.86655,12.156609,5.9903593,2.870696,2.851261,4.761807,6.412719,5.923502,3.0606384,-0.6837068,-3.3823762,-4.1509275,-3.5187888,-2.5511012,-1.7764091
-657.7342,73.92728,52.41386,32.401707,21.304955,15.873222,9.51295,1.2556872,-3.9513102,-2.2205586,4.400941,10.157399,10.967739,6.9088073,0.7914064,-4.205908,-6.0024576,-4.5156035,-1.8306532,-0.5906948
-646.0961,82.80357,46.47484,18.712654,11.390003,13.15607,8.950342,-1.3295045,-6.7881336,-2.189764,6.1215115,9.845703,8.0735,5.0098295,2.7879562,0.41467997,-2.0952663,-2.7694545,-1.2284161,-0.053973127
-638.3285,91.90132,51.842667,21.90652,14.859825,17.312431,12.357559,0.3618849,-6.3308315,-2.2927823,5.1577034,7.4106445,4.6087894,2.0721827,1.7031937,1.1290545,-0.75983346,-1.8184109,-0.52162266,1.2801385
-641.8517,90.15225,56.697136,30.727793,22.30193,20.822605,13.608341,1.623062,-5.557676,-4.0546036,0.6103741,1.9750438,-0.30243212,-2.472651,-2.4146492,-1.3874506,-1.2488511,-1.6371825,-0.53221345,2.491415
-653.8582,78.04341,55.62508,38.87284,32.0065,25.80137,14.05652,1.6449888,-4.528203,-5.0137873,-4.8143263,-5.7795105,-6.114808,-4.879489,-3.317019,-2.6404061,-2.7568064,-2.5768409,-0.6290641,3.1053429
-662.898,67.81326,51.38113,39.986412,34.362,25.544289,10.911233,-2.0953958,-7.730104,-8.73434,-9.429072,-9.062414,-5.5736303,-1.0593781,0.55554366,-1.3924562,-4.4955215,-6.565415,-6.698551,-5.1473093
-668.9199,62.38284,51.045006,40.418213,31.621674,21.163414,8.543242,-2.0025625,-7.3692646,-9.060896,-9.585062,-8.685547,-5.2508473,-0.79443526,1.4479283,0.19107018,-2.798287,-4.991273,-5.4532948,-5.1644406
-671.7112,60.45411,52.039017,40.66546,28.247938,15.752138,3.9591808,-5.840826,-12.29944,-14.969372,-14.470234,-11.750214,-7.568424,-2.8236263,1.0767982,2.8033407,2.212975,0.5355377,-0.82431036,-1.5546455
-672.07745,58.637768,47.365578,33.823814,21.533504,11.191145,1.8468981,-6.816559,-13.698305,-17.402517,-17.527336,-14.685428,-9.739443,-3.5689404,2.4767027,6.578477,7.5267076,5.8394957,3.4191904,1.8289971
-656.2274,76.59396,55.494965,34.041115,20.181438,13.046774,7.031583,-0.83331776,-8.321384,-11.776779,-10.633572,-7.479248,-4.6250544,-2.0180771,1.2827992,4.735323,6.479342,5.67696,3.7045085,2.5382743
-650.4762,83.97687,61.12478,37.932434,23.007599,15.467867,9.440331,1.8688264,-5.031151,-7.881252,-6.6297946,-4.202816,-2.8312716,-2.1503959,-0.91036767,0.7370039,1.5300192,1.1071148,0.59450334,0.9351506
-656.5242,78.85129,63.066498,44.302944,28.184341,16.59006,8.497353,2.6109045,-1.2332091,-2.7581549,-2.431107,-1.503953,-1.0980856,-1.5963396,-2.8228135,-4.3455234,-5.4100285,-5.016288,-2.7234318,0.43135607
-661.6392,73.80769,62.712982,47.31942,31.038586,16.811142,6.3586063,0.04004536,-2.8092418,-3.3636808,-2.8754015,-2.400444,-2.6219106,-3.715143,-5.302824,-6.6086617,-6.839939,-5.6523485,-3.425246,-1.1332417
-660.64453,74.73262,62.283634,44.941483,26.564777,10.610413,-0.7990557,-7.198289,-9.486067,-9.262812,-8.134754,-7.2385874,-7.0705466,-7.5582914,-8.259487,-8.59693,-8.088573,-6.54593,-4.1929183,-1.6386966
-657.9592,75.533325,56.44788,33.77455,14.699598,2.145887,-4.794502,-8.285538,-9.999533,-11.077853,-12.468752,-14.539581,-16.55758,-17.158905,-15.630938,-12.641243,-9.606151,-7.4343767,-5.961501,-4.472311
-647.38605,84.18111,54.03434,29.03265,18.682514,15.364382,9.061489,0.3216591,-4.152652,-3.5907502,-4.6051884,-11.143181,-18.455112,-19.460545,-13.862259,-7.630973,-4.9253073,-4.1034527,-1.9430773,1.4181671
-644.57666,86.301254,53.541214,29.594574,23.19136,21.628971,12.612985,0.20666146,-4.7146854,-2.0606813,-2.196629,-10.090628,-18.032272,-16.609241,-7.3145676,0.23889741,0.7912705,-1.8458331,-2.0403717,0.33755997
-652.5179,76.89737,49.707493,32.81364,30.093348,27.380997,15.648233,1.2127393,-5.4421663,-3.822048,-3.3049273,-9.716722,-16.73519,-14.800911,-4.463855,5.009132,7.0634813,2.9585733,-1.6574826,-2.5576272
-656.6066,70.40276,43.102146,28.085045,26.758165,24.370663,14.6761265,3.6441774,-1.8148366,-1.0022813,0.5118609,-2.7004895,-8.538688,-10.319019,-5.97398,0.50733334,3.985093,1.9212625,-2.6074333,-3.356028
-658.68945,68.57495,41.852833,24.039026,19.748299,18.800528,13.704969,5.3837204,-1.3007941,-2.9970934,-1.5250623,-1.123177,-2.0900955,-1.7816223,-0.20015419,0.6493194,-0.018550377,-2.2480774,-4.8478117,-5.018762
-663.28564,67.603676,49.510105,32.44874,22.604647,17.72239,12.695782,5.6964903,-1.5700855,-6.9311333,-9.060982,-7.110817,-1.5042884,4.8099947,7.8834066,6.5219116,3.5078902,2.2084162,2.7243855,2.407901
-657.9021,77.71353,63.512848,45.596283,29.204063,17.233824,9.524004,4.135866,-0.5638595,-4.6213055,-6.8183746,-6.097885,-2.7994134,1.3061559,4.1549845,4.742291,3.624114,2.2425075,1.6861897,1.8873258
-652.31616,85.794785,71.483604,51.865303,31.659843,14.94252,3.9542668,-1.2413018,-2.234851,-1.2406292,-0.08551072,0.35498646,0.1321072,-0.2242509,-0.24230853,0.16920248,0.73257035,1.0544524,0.9102191,0.3729406
-652.29724,85.781296,71.47374,52.05762,32.10801,15.342592,3.9078617,-1.7067513,-2.518349,-0.6586224,1.4728875,2.2970922,1.6593444,0.4388966,-0.47166014,-0.87625897,-1.1368299,-1.5624294,-2.0785642,-2.420161
-655.85864,80.696014,66.85869,49.286156,32.026684,16.937952,4.8641768,-2.9684749,-5.5652075,-3.8656895,-0.8347682,0.7796953,0.6125942,0.24244809,0.75109357,1.2902043,0.30046558,-2.3088255,-4.7962017,-5.408736
-655.3547,81.3607,67.70189,50.97135,34.867367,20.066586,6.462881,-4.365778,-9.890144,-9.567404,-6.020728,-2.724321,-0.9092958,0.6397593,2.912611,4.7023215,3.8763351,0.23532012,-3.7000322,-5.033329
-654.5842,83.02632,70.41441,54.024635,37.33799,21.912079,8.3161335,-2.3367114,-8.389641,-9.175318,-6.109553,-1.8967335,1.3541582,3.1174374,3.7654734,3.4139402,1.8235046,-0.6972355,-2.828505,-3.1127687
-656.914,79.738464,67.19356,51.132896,35.391136,21.706238,10.224813,1.0796773,-4.8825483,-6.8435993,-5.144078,-1.4630246,2.111252,4.172637,4.380472,3.1356187,1.1186903,-0.9297173,-2.2804074,-2.387568
-654.71075,77.6275,54.971237,34.33806,23.635025,19.305458,14.207087,6.7330294,0.7539497,-0.9306345,0.12386821,1.1065888,1.5086308,2.1890225,2.6431928,1.4026866,-1.1794248,-2.5764155,-1.205919,1.4476469
-646.94824,81.331116,45.441334,20.124733,15.717123,18.453651,13.506195,2.5165367,-4.1564846,-3.488366,-1.0414655,-0.4939757,0.31825548,3.0383558,4.6585064,2.0682225,-2.9814606,-6.2338247,-6.262178,-4.9808426
-643.1262,84.593124,44.982628,18.408436,14.917324,17.634945,11.169065,-0.57143927,-6.4299064,-5.082514,-2.8831527,-2.1348238,-0.0068620145,3.6927803,4.8976755,1.4230866,-4.1343193,-8.2320175,-9.798643,-9.443436
-638.6444,92.177414,54.349934,25.996292,15.443158,9.629227,-0.7919179,-10.523493,-12.696779,-9.595787,-6.639469,-4.4485145,-1.4737816,0.980297,0.5376213,-2.4608378,-5.592065,-6.709479,-4.609974,-0.08067855
-632.49,100.41612,63.202553,37.132195,25.627516,13.4848175,-2.3037193,-11.004719,-9.7574835,-6.653512,-5.2546787,-2.105527,2.1189625,2.276586,-1.6017947,-4.7750444,-5.9794426,-6.435068,-4.0103045,2.6153977
-631.57513,101.592224,64.86656,40.589905,30.70986,18.203138,0.76923215,-8.699961,-7.129874,-4.4612703,-4.930485,-3.3915153,0.9214888,2.0418696,-1.5478294,-5.14984,-6.5407915,-6.930555,-5.1722546,0.14658707
-644.42053,91.047745,67.441315,47.41113,33.75013,19.471584,4.1537495,-4.8565516,-5.3670816,-3.6931324,-4.3135924,-4.6757035,-2.2169738,0.24465086,-1.032131,-5.3882513,-9.249449,-9.92511,-6.684654,-0.8245301
-657.4475,79.494896,67.67944,51.059563,33.00016,16.523777,3.7277272,-4.430999,-8.12433,-8.419585,-6.816189,-4.7325444,-3.1950078,-2.7646976,-3.5114565,-4.9443216,-6.092038,-5.9385204,-4.0435777,-0.8708682
-665.7246,68.47902,58.41899,43.915573,27.706135,12.528653,0.46251088,-7.4743366,-11.373962,-12.160606,-11.12067,-9.424238,-7.802129,-6.4635553,-5.2387257,-3.8463066,-2.1499987,-0.2911097,1.3500583,2.330514
-668.66986,64.44997,54.875732,41.368835,26.745583,13.594364,3.597734,-2.7282705,-5.846509,-6.722787,-6.315885,-5.254667,-3.792889,-1.9821827,0.091436505,2.162139,3.8062186,4.6019387,4.3243666,3.0650337
-674.64734,56.381134,47.905067,36.055504,23.428806,12.372591,4.3520803,-0.27529007,-2.0527964,-1.9485774,-0.8676811,0.6292738,2.321039,4.1147065,5.8081837,6.9962826,7.188384,6.070158,3.750989,0.838011
-670.8715,61.943275,53.915108,42.197067,28.810436,15.8161545,4.8761945,-3.0014472,-7.5004034,-8.868092,-7.7198114,-4.8621655,-1.1734579,2.4758134,5.305563,6.7394943,6.533658,4.8634176,2.3045137,-0.32183102
-669.3309,64.10593,55.98124,43.96867,29.969677,15.998352,3.7892232,-5.463902,-11.203184,-13.462912,-12.746407,-9.878725,-5.861496,-1.7273352,1.6158867,3.5434353,3.838681,2.7333987,0.82674843,-1.1112366
-660.74365,71.00711,53.619568,38.260338,27.45343,17.531466,7.9735866,0.71561575,-5.3195996,-11.967756,-16.926594,-16.374268,-10.280557,-1.9697039,4.8187723,6.823799,3.2781029,-1.6591945,-2.87431,-1.2324514
-645.357,84.42698,51.56858,29.216125,22.58094,19.528679,14.100111,9.185495,4.3957214,-3.1305404,-10.286301,-11.544212,-7.2505264,-1.431958,3.4669662,5.158999,1.9003131,-2.3452575,-1.387986,2.3786182
-636.78064,91.23926,48.50319,22.022942,18.982159,20.473225,15.393062,8.922048,5.259926,1.5914924,-2.7735844,-4.512721,-2.6125877,0.9366857,4.1261997,4.51231,0.55681306,-4.248785,-4.6911554,-2.278956
-636.50854,92.69064,51.42757,24.421206,19.336525,19.157166,12.833179,4.7204437,0.05626802,-2.4659176,-4.7204275,-5.8117046,-4.5241737,-0.7248164,3.8946743,5.504314,2.2350183,-2.0341716,-2.5390208,-0.5309647
-647.2854,82.405876,50.999474,29.452196,22.01936,16.482925,7.435837,-0.5763725,-5.011724,-7.3323946,-7.775946,-6.2748823,-4.266858,-1.6776997,2.478716,5.407669,3.3508162,-0.9833567,-1.2920974,2.4519296
-664.42926,62.645668,41.260193,28.11744,22.945627,14.862528,2.7799778,-6.5861373,-11.709407,-14.705952,-14.151684,-9.008511,-3.1770453,0.37034684,3.2867155,5.815742,4.8942194,1.2092474,0.032256722,2.3256154
-677.67566,47.32653,31.635916,20.311007,14.423231,7.618669,-1.4171958,-8.827616,-13.173668,-15.29347,-13.806419,-7.229908,1.5992429,7.9124804,10.018945,9.089781,6.432379,3.4217632,1.796254,1.7597886
-675.4844,53.217094,41.77626,30.510872,21.71437,13.581001,5.3577833,-1.301444,-5.3933086,-7.430109,-7.0725026,-3.1444674,3.102221,7.561762,7.602832,4.8369665,2.3236475,0.9875506,0.19618703,-0.20794596
-671.2729,60.828117,51.886044,40.082554,27.658775,16.067392,6.5908914,0.20225066,-3.0673716,-3.8210168,-2.4448647,0.676857,4.22307,6.2640886,5.932008,4.114293,2.1774013,0.6341858,-0.63072765,-1.6280015
-664.25323,70.64261,60.795986,46.556473,30.594498,15.653671,3.913993,-3.446014,-6.3830028,-5.8105755,-3.1948407,-0.06815729,2.3862467,3.567479,3.4690504,2.507166,1.2563815,0.19975659,-0.42316824,-0.63643396
-662.4473,73.00403,62.61779,47.59684,30.759487,15.005159,2.6409523,-5.085898,-8.13586,-7.493104,-4.735569,-1.5100033,0.92437243,1.9593041,1.6582526,0.5667659,-0.592729,-1.2232983,-1.0529112,-0.18028522
-666.233,67.917786,58.282074,44.348103,28.720953,14.062451,2.4679518,-4.9531403,-8.191505,-8.144745,-6.2082157,-3.7967803,-1.9490609,-1.1202506,-1.1957579,-1.6827745,-1.9859531,-1.6609626,-0.5649612,1.1280773
-669.0271,64.595276,56.70864,45.254578,32.27219,19.801237,9.40974,1.9210633,-2.6046586,-4.6762085,-5.0717287,-4.5563555,-3.7038634,-2.8462605,-2.1180158,-1.5344348,-1.052566,-0.59644985,-0.062264904,0.66594195
-668.88806,64.96867,57.52733,46.57046,33.88594,21.342155,10.497734,2.3435903,-2.774229,-5.06789,-5.121361,-3.6834745,-1.500718,0.785856,2.689228,3.896061,4.277446,3.8922968,2.9684072,1.8454037
-670.04956,62.367477,53.12243,41.594734,30.498306,20.622425,11.669804,3.8165965,-1.8695768,-4.416031,-4.003237,-1.9067769,0.48597747,2.5175114,4.2885504,6.0927515,7.8641777,9.03262,8.843021,6.935441
-658.71045,72.03978,50.335323,32.42032,25.066227,21.832989,13.903397,1.5033712,-7.4863276,-7.914754,-2.8823066,1.115624,1.4975739,0.3938169,0.10166558,0.4768349,0.73502886,1.3738854,2.9549017,4.2368917
-654.8647,74.24174,46.266754,25.221039,19.66653,19.371761,11.7245655,-2.2250593,-11.144907,-8.920761,-1.3421428,2.5314736,0.78002894,-2.0753474,-2.9650893,-3.3258505,-4.812418,-5.9710493,-4.9941864,-3.4056904
-653.9756,75.62444,48.06584,27.174889,20.477861,18.10801,9.187786,-4.81363,-14.051939,-13.202679,-7.0491734,-3.528728,-4.165724,-4.3643036,-2.0005136,-0.65345067,-2.8187442,-5.1456738,-4.0776806,-2.2249455
-653.0321,77.71983,51.626038,30.518593,20.265104,13.564629,4.1956415,-6.3939962,-13.676455,-15.551329,-13.918436,-12.157913,-10.433161,-5.949039,0.18700022,1.6795197,-3.23876,-7.13683,-4.238933,0.28226227
-649.45074,83.98175,59.71505,38.344223,25.767416,17.113367,7.9633427,-0.80151236,-7.078393,-10.775871,-12.67581,-12.386414,-8.266007,-0.38935786,6.3840275,5.8497524,-1.2064394,-6.545103,-5.2396626,-1.941221
-653.5906,81.63584,63.56902,44.455635,29.934906,19.435316,10.477098,2.519495,-3.6751387,-7.9282494,-10.159559,-9.163324,-3.9772596,3.2609217,7.555829,5.5643196,-0.6863164,-5.901724,-7.161339,-6.0627255
-662.3569,73.11014,62.977325,49.117714,34.58996,21.643158,11.214184,3.264398,-2.4628434,-5.90664,-6.763129,-5.0382442,-1.5579425,2.0596647,4.057512,3.4258237,0.4342731,-3.5506377,-6.8458595,-8.328938
-665.784,69.359955,61.834248,50.490074,36.896126,22.838867,10.01597,-0.23716873,-7.136319,-10.5214405,-10.808437,-8.839246,-5.6695094,-2.3422852,0.3056324,1.7698216,1.9198929,0.9592838,-0.6772276,-2.4583652
-669.86383,63.629723,56.216537,45.039867,31.638922,17.764137,5.081566,-5.085372,-11.931245,-15.238031,-15.3385515,-12.993379,-9.211988,-5.0535297,-1.441083,0.98175347,1.9309485,1.4880002,0.033712693,-1.8742785
-672.3154,59.819847,51.537468,39.379044,25.386425,11.703568,0.13115588,-8.175562,-12.80961,-14.030045,-12.56122,-9.357632,-5.4007626,-1.5580415,1.500495,3.3490741,3.8324027,3.070477,1.4267435,-0.57461905
-672.60345,58.935528,49.49055,36.169647,21.811844,9.109645,-0.09502523,-5.1588087,-6.5537395,-5.4467626,-3.1515768,-0.6802971,1.4551017,3.171943,4.5774517,5.7191916,6.460718,6.532198,5.706848,3.9890728
-673.3513,58.167927,49.52365,37.33628,24.231213,12.72543,4.5571084,0.31483045,-0.53822464,0.7064595,2.5550175,3.8325338,3.995689,3.1567025,1.8560004,0.71260965,0.11166836,0.053319097,0.20543933,0.11247219
-668.5801,64.496185,54.64495,40.61786,25.297924,11.542986,1.4648727,-4.0219083,-5.266246,-3.5761662,-0.6764952,1.8746865,3.12007,2.8675978,1.5699648,0.0036089327,-1.1089132,-1.3871845,-0.89677435,-0.054089803
-661.5383,72.2789,57.020336,37.010487,17.745316,3.3017447,-4.7484837,-7.1974316,-6.2352934,-4.2142143,-2.6583667,-1.9310892,-1.6432112,-1.387353,-1.1547701,-1.1556071,-1.3845724,-1.4764907,-0.99271584,0.20291486
-649.86316,83.26054,57.042274,30.983932,14.311335,5.8603387,0.87499416,-2.0542054,-1.9974129,-0.14206883,0.30978572,-1.7688804,-4.142483,-4.606121,-3.7417836,-3.3022594,-3.3932102,-2.8180478,-1.4003637,-0.20020685
-647.7458,84.16345,54.873253,29.540232,16.844383,11.236523,6.376211,3.180391,3.8149633,5.256929,3.1871924,-1.723485,-5.661216,-7.405452,-8.321968,-8.341362,-6.195512,-3.1517882,-2.368962,-3.9029217
-651.3823,80.404236,55.082787,34.253563,22.63674,13.650808,5.305681,2.457878,4.993003,5.3957872,0.22582632,-5.105637,-6.100419,-5.6631117,-6.799016,-6.3366127,-1.7172823,1.9848051,-1.0809293,-7.6241403
-656.3315,75.23303,54.74185,38.956337,28.695957,17.059921,6.516307,4.871496,8.830139,6.7907887,-2.5431507,-8.104719,-4.490716,0.8013599,1.5054522,1.7493577,5.324473,6.5096297,-0.27813214,-9.5545025
-657.83575,73.37442,53.361572,37.789635,27.676762,16.83226,7.7884817,7.3249016,11.221115,8.223342,-1.9043587,-7.5442805,-3.3672369,2.8653493,4.2758427,4.153249,6.3691688,6.6206903,0.4646973,-7.278264
-663.1478,68.785706,53.49323,38.97266,27.647923,17.403605,9.3889675,6.421565,5.9185305,2.0663161,-4.9379444,-8.439726,-5.1151085,0.7433181,4.3499975,6.1081004,7.5213537,6.715945,2.124932,-3.0705266
-672.1312,60.029205,51.86046,40.563133,28.575539,17.81979,9.213045,2.776754,-1.8371242,-4.8090096,-5.965128,-5.031029,-2.102994,2.0356393,6.022168,8.433577,8.430515,6.1503754,2.6198523,-0.75939465
-669.61224,64.17424,57.31167,47.00529,34.734436,22.180557,10.933736,2.2288163,-3.23873,-5.385494,-4.693557,-2.0612845,1.4116553,4.6573,6.8422937,7.502247,6.58661,4.4135914,1.5534636,-1.3273535
-663.8953,71.68559,63.238243,50.70567,36.06694,21.49533,8.933986,-0.25360677,-5.484263,-6.972879,-5.5788484,-2.532454,0.8830743,3.6153479,5.0304213,4.9734297,3.706311,1.7569699,-0.26852673,-1.8573996
-664.11597,71.37036,62.906284,50.326275,35.59146,20.867702,8.108646,-1.2935327,-6.7168818,-8.34087,-7.006408,-3.9502723,-0.48552102,2.2936738,3.7173114,3.6174035,2.275589,0.26991278,-1.7279742,-3.1477175
-668.6667,65.039825,56.91136,44.939686,31.106483,17.529072,6.0194736,-2.2476332,-6.8853135,-8.245327,-7.2074013,-4.8835998,-2.3265038,-0.314771,0.74526834,0.80349267,0.06942234,-1.1157975,-2.3938584,-3.4636695
-672.10187,60.547337,53.40919,42.76906,30.243927,17.625904,6.5442944,-1.8170782,-6.8897696,-8.75028,-8.016331,-5.6464047,-2.697671,-0.09977697,1.5089198,1.8575503,1.0296527,-0.6203152,-2.590242,-4.3601503
-667.1218,66.98537,58.305496,45.756195,31.397766,17.237522,5.079871,-3.7099967,-8.58441,-9.9247675,-8.654021,-5.7240105,-1.973715,1.7114971,4.4219074,5.565413,5.1199355,3.4764442,1.1241872,-1.411799
-657.73706,75.77678,57.416416,37.203423,20.832882,8.705912,-0.07602865,-4.8624773,-5.4248676,-4.1917305,-4.0643754,-4.6996093,-3.1677933,1.505548,6.3865986,8.089948,6.6770372,4.7156506,3.4922905,2.0997958
-649.611,81.9903,53.688454,29.045805,16.0862,8.875843,1.144542,-4.9926634,-5.2820144,-1.9072855,-1.0023234,-3.9187894,-5.628661,-2.1909509,3.6550436,6.243955,4.256949,1.5298396,1.2190917,2.1284688
-647.4227,83.61571,53.779903,30.947533,21.063,14.494459,5.682312,-0.553665,-0.36862144,2.0841465,1.0363328,-3.441071,-6.628294,-5.2209864,-0.9446826,1.4245515,-0.37064397,-3.270177,-2.9427981,0.47046024
-653.72723,76.173935,50.76268,33.857376,28.101578,22.192856,12.222067,4.7476716,3.4270382,4.3634276,3.2804098,-0.16087052,-4.051521,-5.9893126,-4.8700457,-2.8958304,-3.2288837,-5.078258,-4.588744,-0.9906195
-652.6378,77.164825,51.616116,36.657913,33.118988,26.41821,12.500131,0.6382827,-4.0312896,-5.6545887,-7.264139,-6.973262,-4.2934656,-1.8784785,-0.9002728,-0.28570002,-0.015925512,-1.0238618,-2.556806,-2.9189162
-651.3392,77.934875,50.56201,34.71296,30.409132,21.970243,7.1189218,-3.0175643,-6.0309596,-10.074617,-15.827299,-14.741959,-6.110696,-0.33591637,-2.5105557,-5.598019,-3.3621316,0.7463743,1.5328625,0.00032261014
-654.98376,76.827805,56.22303,41.720047,33.662384,22.77678,9.089607,0.24397555,-3.7790987,-9.563966,-15.970211,-14.878372,-6.5882916,-1.6228826,-4.6953115,-8.102598,-4.8547535,1.3445144,3.9254203,3.0402932
-663.331,70.26251,58.597443,46.961082,36.95327,26.659464,16.19899,7.230871,-0.9235338,-9.589714,-16.228954,-16.695116,-11.910236,-7.4894547,-6.1424575,-5.018569,-1.678375,1.9071863,3.285233,3.2529075
-666.5608,66.71148,56.42772,44.522293,33.842987,24.79377,16.860737,9.274584,1.013974,-7.857772,-14.944426,-17.293427,-14.682756,-9.881649,-5.573303,-2.4044795,-0.17243947,0.8781971,0.7744968,0.37633353
-670.17426,61.775826,51.421654,38.55659,26.76352,17.813042,11.536428,6.497309,1.0875108,-5.1526113,-10.93327,-14.218958,-14.034006,-11.197819,-7.442345,-4.212393,-2.2548523,-1.6907821,-2.0584838,-2.6240444
-672.03516,59.798683,50.707253,38.394646,25.871666,15.512037,8.360506,4.139765,1.8225758,0.365731,-0.8055377,-1.7501478,-2.297111,-2.3881798,-2.2309864,-2.1966987,-2.5843232,-3.4436703,-4.5747375,-5.676528
-670.97375,61.86573,54.06702,42.813633,30.20882,18.34827,8.81833,2.3988585,-0.96193564,-1.9327948,-1.4553032,-0.40893683,0.6029828,1.3013419,1.6421859,1.670162,1.4021116,0.7959769,-0.19402367,-1.5232396
-672.7502,59.68739,52.74762,42.512848,30.660152,18.987103,9.043093,1.8514882,-2.217771,-3.4119563,-2.4285307,-0.18059142,2.433732,4.7011833,6.175441,6.6758957,6.231716,5.0076127,3.2406836,1.2009487
-672.3665,59.127792,49.674904,37.192062,24.516872,13.381258,4.5971045,-1.1870761,-3.3130915,-1.7917812,2.0662308,6.055478,8.394724,8.7744465,8.139406,7.4818053,6.8952765,5.7776365,3.7970963,1.4567597
-663.3629,66.60216,46.207718,26.179462,13.641007,7.760709,4.4042683,0.9025767,-2.4754758,-3.3886313,-0.33076674,4.447442,6.569898,4.903409,2.9221325,3.4630654,4.7825413,3.7217534,0.4259311,-2.3329515
-657.0578,69.49364,39.14337,17.566854,11.445286,10.228324,6.172421,1.5749998,-0.27520698,-0.036433026,1.3792719,3.657506,4.690823,2.957642,0.96941483,1.626586,3.1092825,1.8264875,-1.6964598,-4.0840807
-654.14435,74.40028,45.573883,24.973692,18.982834,17.018353,10.760967,2.7400043,-1.8817686,-2.6460109,-2.1003547,-2.2370408,-3.3909488,-4.024743,-2.1266255,1.7459008,4.3789015,3.8668642,1.6112115,-0.43208218
-658.3998,71.558136,49.50842,33.43766,26.297928,19.82875,10.521854,2.2084284,-2.680827,-5.568868,-7.632044,-8.74667,-8.5654125,-6.0242186,-0.7063339,4.3725395,5.298239,2.749545,0.60022765,-0.45422405
-658.1902,72.36632,51.470543,35.757427,26.959682,18.407864,9.433493,3.24485,-1.2745993,-6.367803,-10.1903,-10.499331,-7.736459,-2.16717,5.3898525,10.022479,7.5235915,1.5647988,-1.4069409,-1.8866526
-658.39703,72.65617,52.9882,37.66374,27.376303,16.877544,8.0293255,3.9406607,0.8105111,-4.89499,-9.899368,-10.458654,-6.9324384,-0.0654962,8.443563,12.52043,8.311919,1.5413768,-0.81341934,-1.2977233
-658.6672,75.07797,59.577927,44.274918,31.366306,19.332832,9.275746,2.74582,-1.9700729,-6.840905,-10.899591,-12.264511,-9.998175,-3.9659553,3.3928018,6.882835,4.447399,0.46854755,-1.006212,-2.0518894
-660.4671,75.23042,64.045006,49.577667,34.93406,21.785275,11.070667,3.43051,-1.2924161,-4.204148,-6.357685,-7.71529,-7.5033884,-5.570631,-2.9559793,-0.8880024,0.4071972,1.4185097,2.067213,1.4604638
-660.3888,75.61831,64.644165,49.445984,33.454727,19.63121,9.645386,3.6702843,0.7553715,-0.49495035,-1.2754078,-2.2037206,-3.2810144,-4.1138268,-4.2538786,-3.5068107,-2.0913343,-0.58444285,0.3323216,0.21704748
-659.64343,75.29755,62.56342,47.844284,32.599243,17.245533,5.484586,0.46424294,-0.39708185,-1.7269756,-3.7511106,-4.120098,-3.5321057,-4.3068924,-5.2746835,-3.4270387,0.43568927,2.618824,2.3016772,1.7673607
-655.3921,81.12352,68.05315,53.02961,37.159622,20.512123,7.1034937,0.66101205,-1.2724853,-3.4602602,-5.9509172,-6.1321573,-4.9419603,-5.2221403,-5.907048,-3.689065,0.7297603,3.4572704,3.625,3.6585805
-656.75116,81.353966,71.78668,57.907066,42.182175,27.034595,14.2592125,4.71313,-1.6514378,-5.4745493,-7.557102,-8.49795,-8.534017,-7.6157784,-5.643097,-2.7217216,0.69793725,3.8742528,6.000606,6.5039053
-658.16364,79.84927,71.524284,59.036507,44.166252,28.88221,14.975921,3.767274,-4.0587964,-8.462347,-9.924051,-9.236708,-7.27734,-4.818898,-2.4192,-0.39593187,1.130238,2.1585507,2.733613,2.8993287
-659.9567,76.1454,65.554535,52.10034,38.740715,26.585255,15.66235,5.9416666,-2.4512222,-9.196991,-13.424198,-13.889118,-10.296644,-4.438177,0.6426625,2.964116,2.8868904,2.0659068,1.6174874,1.6093404
-660.7357,70.60632,52.034744,35.750145,26.021318,18.96679,11.893766,6.0517826,1.3050694,-5.242501,-13.652159,-18.725777,-15.857821,-7.1002655,0.80951625,3.5389662,2.6697137,2.3461595,3.9307177,5.1904783
-655.25903,72.56734,44.58382,26.509714,20.88818,15.410756,7.3770227,4.202807,5.5657024,2.3548932,-7.3788366,-14.760877,-13.459688,-7.1428022,-2.4249072,-1.4214749,-2.3890345,-2.8634958,-1.3401191,1.3904222
-654.9209,72.28303,43.230324,24.79412,18.42321,11.768669,3.9599571,2.3184767,4.7521105,2.9733233,-3.1677203,-7.216281,-6.825578,-4.465276,-2.292571,-1.6576685,-3.293401,-5.397398,-5.405264,-3.7975078
-653.7024,73.62905,44.98989,28.464382,22.282822,12.263901,0.68911433,-2.3547144,-0.3813558,-2.7218633,-7.4561863,-7.6469345,-4.125701,-1.0740693,1.5803975,4.2907257,5.0798225,4.1742764,3.9042375,3.603805
-646.9658,78.998886,43.477077,25.032902,20.272343,9.412698,-3.9235287,-4.780176,1.3857319,-0.968976,-9.493008,-10.68287,-3.4274726,3.1003752,5.5210543,6.2266235,5.703581,4.3694344,4.6219635,5.8288155
-643.79816,83.858734,48.146538,28.064625,22.15423,11.526643,-2.0671258,-4.05448,2.0678365,0.44869593,-8.993246,-12.132793,-4.978961,2.7395656,4.4963365,2.5881958,0.0063612238,-2.217034,-2.435966,-0.68055165
-653.1194,77.968,53.323616,34.216663,24.017147,14.587397,4.26129,-0.57111484,0.8097631,0.76144385,-4.184493,-7.8436346,-4.6154733,1.967308,4.7140155,1.8554488,-2.9909284,-6.5014005,-7.793397,-6.9702067
-664.57556,69.206604,57.71261,43.620224,30.565594,19.753807,10.866772,3.7991018,-0.93519497,-3.1521358,-3.5997324,-3.273156,-2.4646087,-0.968973,0.80730784,1.4963055,-0.02285366,-3.161646,-5.797573,-6.1608906
-668.4105,65.66516,58.304123,47.511486,35.050606,22.672565,11.739212,3.0460424,-3.1395144,-6.9029756,-8.492928,-8.215358,-6.4389105,-3.6607332,-0.5428089,2.153257,3.74044,3.824303,2.4596696,0.15730725
-668.99963,64.32311,55.67521,43.41228,29.942005,17.397617,7.1093364,-0.49651715,-5.619773,-8.656347,-9.876919,-9.367619,-7.2104278,-3.7420974,0.30478004,3.8977585,6.0201836,6.0641465,4.107274,0.92494106
-673.3486,57.19252,46.37755,32.490776,19.321095,9.037072,1.7220445,-3.710219,-8.115199,-11.334607,-12.497061,-10.97113,-7.1021905,-2.1675076,2.3155541,5.3134913,6.5165877,6.081342,4.2773247,1.414011
-672.9537,57.80662,47.142212,33.459534,20.50357,10.4311,3.373601,-1.6565987,-5.4316416,-7.825663,-8.184413,-6.2397666,-2.6769238,1.1409707,4.0110025,5.544753,6.1047106,6.1522894,5.6483526,4.071147
-669.6283,62.646927,52.01658,37.503277,22.509117,9.79471,0.80506957,-4.297437,-6.149948,-5.677097,-3.8144326,-1.4461145,0.62966126,1.8345612,1.9895817,1.3713871,0.53470194,-0.033289343,-0.21664122,-0.32773393
-666.36896,65.451416,51.19197,34.5655,20.288792,9.469805,1.3003362,-4.453392,-7.0770407,-6.2344203,-2.837965,1.3553188,4.6030254,5.782284,4.7263374,2.1669245,-0.94575346,-4.1699824,-7.349019,-9.706665
-651.45874,78.97071,50.589058,27.778477,17.746593,11.743151,2.0696783,-7.450339,-9.858196,-6.305063,-3.4030743,-3.2509727,-2.19574,1.5347791,4.51369,3.4372802,-0.41860712,-3.9601254,-6.3643627,-8.029206
-644.69904,85.224655,50.454285,24.064602,14.420263,9.639296,0.4158861,-7.928813,-7.901308,-3.0696921,-1.9983878,-5.32106,-6.5711846,-3.176448,0.44104362,0.43043834,-1.6779273,-2.8791528,-2.897564,-2.6172166
-651.8384,77.89456,48.39892,24.389198,12.880156,5.864397,-2.2046452,-7.025276,-4.951419,-1.0663913,-2.1468945,-7.3098354,-10.547781,-9.2600155,-5.952139,-3.4670029,-2.344791,-1.9331326,-1.1666126,1.026184
-659.5226,69.52434,46.057087,27.698673,18.067087,10.137536,2.0897331,-1.2720561,0.4522156,1.0930471,-3.2032456,-9.555015,-13.155888,-12.285787,-8.470303,-4.39697,-1.8029864,-0.30162516,1.4381615,3.3950853
-661.5966,65.94411,43.053093,29.050068,24.666107,18.66821,9.339606,3.5284588,1.5500135,-3.0544624,-11.729675,-18.300205,-16.86514,-7.789562,2.5422206,7.014681,5.1095676,3.114464,4.413142,4.565666
-659.6359,67.508484,42.106766,26.112057,20.702614,14.12958,4.7223253,-0.09287889,0.036396563,-2.0883012,-8.735701,-13.975164,-11.566156,-1.7946484,8.099585,10.295778,5.4550276,2.1013036,4.040121,5.0930204
-657.0601,73.72075,51.742058,34.647682,25.689404,17.467253,7.607634,1.5169463,1.2820356,1.2762995,-3.2327387,-8.934275,-8.982451,-2.1238403,5.5238304,7.7386312,4.9592133,2.017671,0.91360086,-0.44012868
-657.6344,76.03528,58.99927,42.26596,29.838974,19.216621,9.01333,2.344768,1.7371948,4.4776015,5.4807186,2.9706283,-0.70455,-2.6787848,-2.101831,0.05447024,1.8187776,1.2474778,-1.7109529,-4.6139116
-650.95526,85.8916,68.20269,47.375328,28.966625,14.284285,3.037349,-3.629106,-4.052902,0.5688913,5.4625177,6.057368,2.2180758,-2.0356154,-3.0397198,-1.0553656,0.884649,0.90089554,0.046217255,0.17459734
-649.39685,88.08688,69.93477,47.508682,26.578695,9.790929,-1.8047671,-7.0703154,-5.746142,-0.3968957,4.2510896,4.831814,1.9398873,-1.1853509,-2.238925,-1.5670973,-0.60891676,0.2655682,1.6679198,3.4984283
-649.5645,88.0384,70.455246,48.815784,28.456856,11.728468,-0.05426904,-5.2692385,-3.7320843,1.3456403,5.002329,4.6502366,1.8035965,-0.566692,-1.4521494,-1.8340874,-2.139534,-1.2996745,1.248832,3.897396
-651.7848,84.654755,67.90319,49.867355,34.01024,19.406303,7.2002144,1.392454,2.8635697,6.775588,7.71218,5.0460153,1.7714218,-0.0042193616,-0.6492381,-1.26197,-2.029145,-2.201371,-1.0843563,0.768749
-650.15344,83.52309,62.672752,47.906483,38.97382,25.734257,8.9016485,-0.47477236,1.2096789,6.044367,7.5327406,6.649855,5.1043177,2.3874736,0.14868307,0.974712,2.2952871,-0.60130835,-5.406329,-5.0232077
-639.6223,93.330124,62.5259,42.27397,34.59498,23.28524,4.0070353,-9.668646,-8.665998,-0.24942929,5.2985535,6.8947363,7.4296722,6.7598867,4.751335,3.4058824,2.0679176,-2.3046074,-7.1211987,-4.66863
-627.1246,104.606606,61.375813,34.69256,29.882195,23.487274,4.5186806,-11.5560875,-10.383362,0.71157324,7.074731,6.7057915,6.414999,8.112144,8.667761,7.3495893,5.2393303,1.4957194,-3.2164047,-3.7293975
-617.076,117.13664,69.608444,38.236794,31.029959,25.392572,8.599152,-5.9395995,-4.12922,7.061631,12.0564165,8.011575,3.472373,3.4291553,5.537718,7.152485,7.6169305,5.3861847,-0.1817955,-5.0064735
-589.9997,142.61136,77.217186,42.623375,33.802536,21.736858,6.8901324,2.7123952,7.1842623,9.165489,9.079338,12.831848,12.131806,1.1248131,-5.7834654,-1.9306173,0.7375293,-0.21837014,0.64962256,-0.43060154
-504.05338,199.65561,65.20581,33.208748,27.387167,15.886467,-0.49279702,-8.30623,4.288425,13.501774,12.656891,3.2265935,-1.4890753,3.3597183,5.2408667,6.8622313,2.4404116,2.3721023,6.8500013,-4.9611187
-429.3384,222.76556,49.750954,56.17977,30.396019,25.30094,1.277961,-27.793564,-4.3053484,2.7985892,8.469762,9.597696,6.112253,5.9478316,-1.7691791,-2.3403478,-9.880248,1.4329771,14.399242,-0.82132614
-370.99265,222.62646,47.148857,68.41346,21.936672,32.6438,-7.3998547,-32.27391,-0.95127636,5.2691956,-6.022241,18.697697,5.486827,2.3895826,-1.0446917,-3.4379544,-4.5575027,-7.129856,14.847799,-2.9518557
-274.6162,199.68526,27.240425,73.45551,1.8796765,12.457026,-5.236698,-1.6320827,2.646326,4.5135403,-13.40093,12.244471,0.24643244,0.49312812,2.1765022,-1.4385166,-0.4138729,-3.3260632,2.307581,0.40586132
-180.67712,175.61308,-8.00634,51.199432,8.857091,4.6471605,-1.3693066,0.19563392,3.4980178,19.707432,-11.13685,3.4743705,-2.1112118,-5.5158863,-4.024497,3.239386,-2.0124707,4.2935033,2.6836226,4.6530313
-126.417435,162.25154,-16.909725,44.359123,3.6626768,5.07559,-11.889809,-5.8999033,1.1493323,24.841309,-2.9864354,1.4099052,-1.055365,-9.168858,-3.9821293,9.192035,1.2594181,9.029163,-4.787713,4.4695644
-97.51551,160.52466,-13.761081,44.548927,1.3041136,10.539179,-17.248344,-8.952181,0.2722522,24.285427,1.3181672,-1.7751514,-2.5678194,-11.651031,-9.320559,13.5159855,1.7078543,10.06584,-9.411198,-0.769887
-88.7437,157.29073,-10.129816,37.706635,-5.6991634,17.303722,-13.122938,-6.2751536,-1.3626314,21.972029,-4.5623565,-1.1153654,-1.2237935,-6.5822315,-14.380848,15.823183,-3.6861207,10.803348,-10.754498,-1.5397699
-102.87588,146.77972,-4.473482,32.717842,-14.331756,21.775822,-6.2151155,-3.2281194,-6.4440804,25.51192,-13.004826,-0.7420572,1.3893107,-4.170913,-21.152664,19.98011,-7.3857474,11.313379,-13.314783,-2.0644329
-133.26451,136.84296,3.1751766,30.006176,-26.715086,11.470211,-7.5303597,3.293157,-13.328232,30.982334,-10.591549,9.640993,5.7594934,-5.5557823,-29.692665,14.489414,-21.212708,9.602958,-17.00721,-2.8073611
-156.67137,137.51117,0.45895284,36.550068,-9.939962,4.034811,-28.102535,-4.7603683,-18.814915,33.26013,-9.295895,14.953976,1.9269578,-7.61704,-34.775505,7.3006754,-21.49247,15.602679,-12.584975,4.578021
-171.71622,159.69728,2.6762722,36.869713,9.158617,4.6207256,-36.854294,-8.868576,-19.697605,29.503387,-10.867258,16.301374,-2.350624,-2.8205452,-19.996124,6.456558,-18.322529,8.336489,-17.448654,5.5390224
-146.4397,159.0153,-14.508656,53.305847,-0.7903069,5.49284,-24.78716,-9.302038,-10.138014,21.493023,-7.021827,9.397416,-8.119799,0.97614956,-9.775829,12.687529,-15.128748,0.35334328,-13.873195,-7.5156684
-102.63719,147.68579,-17.04358,62.937614,-3.397811,13.612156,-20.729328,-22.723705,-3.700881,20.089157,-10.15039,8.076324,-12.142027,-5.5849905,-0.8501845,16.306662,-13.504969,12.108712,-19.00252,-5.944207
-81.23457,142.78018,-12.345919,64.92818,-6.7469726,16.660831,-20.88552,-32.692123,-2.3820539,20.504969,-13.058232,9.692503,-12.811625,-11.414439,3.4040532,16.13379,-16.198174,20.44085,-21.050638,-3.3939154
-82.55475,138.40375,-9.211346,60.834717,-15.157339,22.499023,-16.434559,-36.586647,-3.1525676,15.121908,-19.135754,10.153473,-8.875646,-9.603933,6.2169724,13.602187,-23.296766,23.163828,-18.119692,1.0663736
-102.2524,127.26837,-13.338194,61.610817,-21.955143,21.7986,-14.667791,-35.504852,-5.576248,9.141026,-24.141361,9.088249,-6.902993,-8.249698,6.0649643,12.866074,-28.67765,23.27262,-12.570612,7.7930403
-131.17764,117.11681,-31.478855,61.1877,-31.660461,7.714654,-26.833246,-36.995262,-4.3746624,9.716915,-25.356585,6.28143,-7.458283,-6.670377,-1.5571144,8.487661,-24.49141,29.517395,-5.6573324,10.819244
-160.3103,135.15132,-29.252872,74.07991,-25.025888,8.047694,-30.722279,-38.340813,-5.810361,19.78378,-10.234876,16.657986,-5.7277126,-12.095659,-12.588007,4.8536057,-13.403088,22.583462,-14.121183,0.49643233
-167.70276,151.70741,-12.267801,53.619267,-5.99055,14.268472,-21.521067,-29.219786,4.033206,13.71685,-5.849262,8.695279,2.6657581,-5.0331097,-14.610321,-0.4063648,-20.241776,2.1191032,-14.071602,2.8364136
-132.91576,140.85452,-0.84009755,35.82654,2.2372134,7.9216785,-24.753208,-10.544091,3.0857358,12.272276,-3.2208889,5.389971,-5.6989946,-9.45377,-4.898859,-4.1624117,-25.088694,2.6775045,-19.522337,-5.7717295
-86.99701,138.06302,-5.373511,41.865734,1.3584355,-6.510431,-26.702225,-20.37856,-10.286259,23.26677,-3.8754883,-2.1180866,-3.6655684,-15.578658,-6.2065945,1.2526809,-15.520467,5.755858,-14.787744,-4.630993
-70.23691,138.06375,-7.1849737,48.2849,0.56218004,-15.194958,-25.71502,-27.168419,-17.38515,32.973602,-1.8766665,-6.243306,0.09975794,-17.809778,-6.5428576,5.8692827,-7.090564,6.9321833,-9.618737,-3.4862409
-74.15914,139.277,-11.418737,48.497368,-7.440187,-18.197626,-20.90346,-29.687729,-19.125977,33.09835,-4.9976525,-9.0262985,7.766447,-13.840809,-7.3797717,4.6756783,-3.975434,5.2591963,-3.3282263,1.7015662
-98.125046,135.02396,-22.613739,52.5951,-15.417392,-22.011887,-21.662676,-33.037766,-12.471209,27.65042,-12.324881,-8.805967,16.070295,-11.496443,-13.115058,2.976655,0.9109268,5.108727,-2.7440743,4.316456
-143.07085,132.52246,-44.628662,57.722694,-17.750504,-22.168251,-21.775263,-41.115677,-6.226429,22.883358,-12.159937,-12.485611,8.817002,-13.140543,-15.844504,-0.028318875,-6.002261,-2.5743148,-10.06955,2.107539
-171.71825,151.89493,-40.778282,54.301617,-17.529236,-4.760893,-15.588684,-37.91322,-4.2377954,20.937218,-8.028235,-2.8225842,8.6405115,-4.498199,-22.339361,8.758657,-11.285961,-0.84189165,-10.850891,5.0017185
-170.3808,154.88647,-15.13646,47.192207,-2.4915643,10.896558,-24.19532,-21.016438,-6.9408846,15.834007,-1.1808618,5.671743,6.7090483,-1.9428213,-21.30413,3.3077798,-22.649567,3.4222121,-18.710657,5.2878304
-125.07806,140.39502,-12.531328,56.53414,-11.663769,4.099137,-20.06892,-4.509673,-6.1928763,17.738268,-0.66981864,-6.4938726,-4.8303356,-8.756402,-15.314859,0.4904582,-16.177307,-2.1209826,-13.493796,3.4899282
-86.14622,139.59738,-19.744225,58.15683,-15.541709,0.3819899,-26.96447,-14.169493,-9.950941,26.174255,-1.169158,-11.551336,-11.500993,-17.450283,-5.5915604,2.9866285,-11.54985,-2.8246126,-12.284359,1.8387446
-68.74486,144.27744,-23.763355,57.154068,-21.87625,-0.22666177,-25.146458,-23.385971,-12.450605,30.31917,-5.0166016,-9.429383,-9.415211,-18.767845,5.830442,2.1580951,-10.502947,2.0269701,-9.460991,1.9996717
-74.792725,150.5839,-28.794548,51.547195,-27.861874,1.6096847,-18.997488,-29.261623,-11.372018,30.073559,-10.887435,-6.199264,-2.9650843,-15.615927,14.460812,-1.5350931,-10.798359,5.4270353,-3.8099291,5.9473243
-103.556526,152.00894,-39.41098,48.481956,-30.679705,3.2544513,-19.384415,-34.648285,-4.2517295,25.670881,-15.824076,-6.0004835,3.9092464,-8.889395,16.887508,-4.526509,-7.6295815,9.004429,-4.001463,5.8820558
-154.74632,147.90887,-44.878235,48.376446,-28.348854,5.465557,-20.882915,-38.24483,3.8058424,18.333788,-18.74355,-6.9863605,1.567491,3.8188076,7.8060913,-9.198285,-17.128529,10.480497,-10.965998,-5.1691256
-192.70969,152.04138,-32.91595,56.651684,-7.8486204,7.0970707,-35.462486,-43.934082,-6.75136,18.578735,-5.9957,9.665037,-4.1776376,7.0308933,-16.965935,2.0747924,-29.278137,9.173906,-5.3318214,0.73780096
-177.2109,148.63335,-17.832664,59.269096,-3.86266,6.647228,-30.339409,-23.48618,-5.2547064,8.683136,3.6617002,10.257068,-5.2217374,13.104841,-25.658588,3.466681,-20.397259,-2.2001593,-14.479485,9.955065
-122.03274,148.21606,-23.562153,55.56855,-8.657563,-2.1827433,-14.461081,-6.4549074,-2.3136466,-2.2029672,2.7075818,0.22979504,-11.754713,9.176825,-21.104347,1.6460241,-13.873669,-1.0982821,-9.075045,5.5903473
-84.95855,148.60541,-31.392166,44.757042,-4.416013,-4.134547,-17.973686,-5.1467695,-1.7114668,2.5994763,8.453903,-11.494876,-21.831558,-2.424501,-16.514526,1.9923239,-9.242032,-2.1943688,-6.16109,10.856264
-72.71683,155.20567,-30.93578,37.052208,-2.252362,-10.289503,-27.868114,-10.1923275,-6.1525545,5.1842766,15.249693,-16.80963,-23.647808,-5.1131506,-8.583226,6.4285064,-4.9707913,-4.473371,-8.13772,8.580714
-78.80248,162.66553,-30.061821,25.998684,-2.9318957,-9.887684,-28.647974,-8.746176,-9.357071,5.264421,17.160484,-18.009968,-17.784077,-1.5205638,-2.593958,9.830227,-7.3451586,-2.2280788,-1.7707851,8.943226
-104.35871,166.25851,-36.27537,16.903076,-2.9745548,-8.843895,-29.227322,-8.572107,-7.9146566,6.0687037,11.435445,-18.174397,-9.155397,5.4769816,0.16222449,8.747574,-5.976022,2.8877587,-0.29711533,8.21927
-154.50142,166.04391,-45.436493,16.199865,-3.297694,-9.380526,-25.062204,-9.159934,-7.8583593,10.467583,3.1547208,-22.61629,-3.704143,14.980326,-1.0576806,2.3470955,-7.960772,8.031994,-5.292158,0.46533006
-194.15855,165.93425,-33.205894,35.98326,-9.360664,4.315095,-33.288216,-22.343994,-5.5193396,14.579159,-1.4965243,-8.614827,-10.25335,21.64515,-9.875685,-0.9925789,-17.666998,4.5568695,-12.96034,-2.0449529
-193.37747,149.9534,-23.261261,67.99217,-8.49892,5.1609297,-39.64728,-26.864841,-4.231468,23.032925,5.058549,7.2878747,-12.416063,6.524296,-21.620937,7.1389904,-8.11477,-1.2459356,-15.713769,5.5923395
-137.1149,160.0167,-35.72191,58.420033,-10.404503,-0.38298517,-8.839733,-14.158716,-2.010397,4.544756,-3.3878536,5.468014,-2.7403116,3.0489287,-18.038204,0.24025412,-13.970711,-0.12943941,-5.7601724,3.554005
-97.6199,164.57605,-46.809666,46.39773,-5.518672,-2.4815345,-1.2961142,-18.463535,5.225687,10.7786045,-5.5476336,-4.4801083,-13.222733,-11.908306,-14.770207,5.5173407,-18.130634,5.7409005,-2.7142694,6.930872
-79.332306,170.36005,-47.024788,38.842476,-5.2118483,-10.239851,-6.717244,-27.99645,3.11758,13.293584,-4.2863436,-7.774056,-17.373608,-14.041098,-8.530905,12.352313,-21.930136,7.7313333,-6.1275544,0.44287336
-81.4889,173.71371,-45.629322,37.154625,-4.5780115,-15.66004,-9.554074,-32.194477,1.9900966,15.315996,1.8411205,-8.183344,-24.3487,-8.385912,-0.826539,15.038194,-19.226871,10.622473,-8.0089855,-4.3420954
-101.66129,177.10013,-48.41651,30.478115,-6.1717806,-14.482996,-9.637554,-30.484138,2.109502,12.359366,2.2056937,-7.1109543,-22.969292,1.6781154,4.491046,9.909459,-14.52788,13.939526,-6.850983,-3.6565392
-143.10394,172.80759,-54.573875,25.794506,-11.516598,-8.375454,-12.551537,-26.365726,1.7274933,10.984665,-0.07177587,-14.619045,-12.264343,12.1624565,1.7185102,8.076524,-10.206507,15.1294365,-5.367282,-4.7808022
-188.7207,171.27473,-39.57958,37.466747,-20.208643,7.6937227,-27.834915,-24.594364,4.309502,11.580868,-4.159203,-12.766615,-6.935113,20.730806,-6.2357817,-1.3567641,-15.326244,5.2737722,-9.959003,-4.520932
-198.72484,160.52583,-35.022263,73.83217,-19.637203,5.7451954,-39.170624,-27.585155,-4.0054235,19.793846,3.5263186,3.882138,-11.79562,7.3006067,-17.58518,5.622119,-3.3336005,-0.7337888,-13.993511,4.368553
-156.20396,168.51917,-49.103073,68.3266,-15.4419155,7.9752064,-13.201948,-16.01246,-6.344528,8.482914,-2.8596134,9.084496,0.9176343,4.5155115,-17.869572,-7.1556664,-9.621361,-3.0950813,-7.0401707,6.43869
-111.85397,177.27507,-57.04402,48.827652,-7.787491,7.645361,-4.159199,-18.722452,1.0253087,16.144793,-9.20842,-1.7855911,-10.620974,-7.541025,-13.560362,-5.3785467,-5.150764,0.37185252,-5.833884,12.543537
-88.31473,181.6433,-52.062996,34.383434,-5.2302866,2.5948312,-10.5355015,-25.09701,-2.0252774,21.480099,-11.601805,-5.6870956,-15.360724,-11.127032,-7.716403,-3.2466152,-4.345854,2.1319273,-11.842054,12.615696
-85.63899,183.80232,-46.62653,27.947708,-3.2037897,-3.665196,-17.179863,-27.351818,-7.992461,26.33058,-7.5962315,-9.23842,-18.976341,-10.428532,-0.08610878,-0.3553244,-4.1266155,6.234527,-15.715548,7.044829
-102.81393,185.28531,-41.462738,22.861866,-6.648817,-3.1708794,-17.386688,-25.788544,-12.391811,27.420841,-1.1287382,-14.556128,-17.108355,-3.4517536,3.5730615,4.6058993,-7.4103603,10.665033,-9.436018,0.04650788
-143.11363,185.1118,-39.981964,15.985202,-16.660168,4.8000436,-15.639278,-25.524832,-9.90217,21.212389,0.6092012,-18.415707,-13.135229,9.560207,4.0622044,3.588245,-8.691799,14.394064,-2.043449,-3.8703966
-193.41623,181.04684,-46.83439,27.545628,-24.93122,12.876749,-24.118916,-25.225658,8.029867,10.91021,-5.3781404,-10.517447,-7.4104853,16.136435,-1.1575851,-4.5253787,-10.125965,1.4587896,-4.984274,-3.267049
-207.27501,173.96243,-48.20205,73.35596,-24.975273,4.0988483,-31.791206,-26.915043,-4.14542,20.06047,2.3770516,-1.3808868,-6.475771,5.791012,-10.171974,-0.11551499,-2.05734,-7.037319,-11.143139,4.303626
-178.16037,176.7647,-59.98835,74.216446,-17.963013,5.137847,-13.071928,-19.543686,-9.555056,13.672896,0.2005226,10.214997,4.6349688,-3.137,-13.829176,-9.523239,-7.5840983,0.45459372,-6.4350185,4.0966463
-126.27029,182.63884,-58.89626,47.371025,-7.399239,9.16288,-5.6306,-12.777262,-9.944893,21.229053,-11.491421,1.0033708,-1.887374,-13.024613,-3.6106658,-11.871452,-3.7025151,-1.5440327,-1.4930322,4.607641
-96.28399,182.95383,-48.356064,27.88776,-5.155397,9.876139,-11.482166,-13.2281685,-12.371046,28.178452,-15.857124,-5.790827,-8.040137,-19.090527,0.7882731,-10.274286,-3.2893612,-1.2428813,0.041237313,4.0868645
-85.95958,182.09253,-36.81075,18.769936,-7.466171,6.7552457,-19.013962,-18.335602,-16.735287,31.860123,-13.328848,-10.671698,-11.291466,-16.061064,4.7691336,-5.4675593,-4.949645,-0.9871239,-0.21930057,-2.802065
-100.40522,181.65686,-25.145733,14.617671,-7.194258,6.3885202,-24.676666,-20.416538,-17.146915,36.361435,-6.5339575,-15.358971,-14.071787,-9.889151,8.6986065,1.0706944,-3.6360888,1.6973729,2.0947323,-10.568802
-132.86931,181.06952,-22.276302,7.855081,-10.276684,11.833804,-26.911777,-22.783062,-8.696753,31.963272,-11.836697,-12.130531,-9.013691,-1.8077233,9.253693,-0.07039896,1.3412244,4.823052,2.2896965,-8.116156
-179.49547,172.4045,-34.32529,18.050188,-18.33928,9.091579,-22.878008,-20.566204,-1.278786,20.43871,-13.520553,-11.325384,-4.6217084,12.377863,5.1888275,-8.345373,5.4878397,4.0696425,-1.4337902,-0.3511469
-208.89703,178.03761,-53.038746,68.22029,-22.921125,-0.050004363,-21.88689,-28.873814,-4.122379,16.676645,0.33284628,-5.122861,0.33999962,4.4067745,-3.971507,-3.8574245,-3.6039217,-6.0464773,-15.552652,1.8001962
-199.49817,184.92923,-70.50612,82.759674,-19.02533,1.0177469,-16.402517,-24.605827,-10.134611,14.061602,4.5502996,7.5557804,5.5285406,-10.137732,-10.409054,-9.70798,-7.0875454,4.714192,-7.281621,7.3271646
-149.6975,195.75145,-70.558,52.664955,-5.1134696,2.9966016,5.040311,-24.165087,0.8284328,6.235999,-0.6557737,-1.5286738,3.726658,-10.330278,-3.9902728,-10.759068,-9.8586235,2.7334423,-9.984703,12.736933
-110.89656,190.28662,-57.57699,30.82682,-2.7300034,7.305543,2.4302201,-21.197235,4.609501,4.71836,2.511213,-9.830786,-14.062003,-8.039412,-7.46876,-9.898374,-7.010262,6.9214053,-8.275397,15.608283
-92.00146,186.53343,-41.933907,19.281963,-7.7107944,6.4749427,-9.247906,-24.377972,-1.8662076,4.3950944,7.9500165,-14.481806,-20.9126,-0.57377994,-4.861426,-9.405998,-5.375369,7.3068213,-11.726501,9.018988
-94.39844,180.99902,-30.496128,19.38361,-12.821887,6.571048,-12.846996,-31.59272,-3.1627972,12.964833,7.9806447,-18.021149,-19.217583,3.012495,-3.0460737,-4.7569118,-0.8543082,9.052013,-13.001616,4.7360964
-120.734726,175.02304,-25.00578,23.153866,-10.942383,4.605529,-20.498379,-35.241295,2.139375,19.078732,5.5620627,-17.633316,-16.172062,3.319655,-0.04371618,2.2875288,5.349742,10.986018,-14.154143,0.81477344
-165.31221,169.32402,-32.08543,25.273438,-15.792717,0.7570415,-16.25763,-31.212292,6.8225307,13.513069,-7.2849636,-13.91061,-4.142094,9.628818,2.7565556,0.016093612,5.0473847,10.586187,-6.720934,7.595023
-204.87227,176.09892,-53.92858,56.09655,-17.604996,-10.314772,-9.298561,-34.886593,-1.2044945,13.318123,-2.2343144,-5.7777433,3.3464477,0.042184144,-0.42909178,-5.563752,-2.9264092,-5.0035343,-21.827103,5.403036
-218.15944,193.61026,-76.1821,87.8775,-15.258012,-10.590036,-19.09602,-35.0638,-6.744959,17.24913,7.8826337,1.5939803,2.6694255,-17.740099,-2.8956277,-6.605035,-4.3167176,3.161435,-11.798811,9.186131
-168.00603,194.93874,-69.88873,50.30697,4.5692487,-5.5635424,6.4089594,-26.858643,-2.7993698,9.52947,-4.123039,5.977005,2.7909935,-5.86482,-6.815588,-8.0990925,-16.682795,2.6759825,-10.730046,9.0383835
-120.63106,185.95645,-54.312294,25.284248,10.263979,-3.6257606,11.429644,-22.222107,0.13136639,12.459162,-6.391679,1.2716478,-21.791653,-0.052737482,-14.342975,-3.494781,-12.25839,4.4020057,1.4257805,4.0450935
-95.44569,181.16287,-38.972725,15.450867,3.5337353,-4.572954,5.0281086,-26.75761,-4.8277426,12.543971,-1.5850513,-2.9123476,-31.132092,6.5802736,-13.156884,-2.6016307,-11.553778,5.811188,2.4918163,-5.249524
-92.1555,174.61673,-25.694141,16.364502,-6.8264523,-6.4169583,4.249002,-34.346924,-11.769268,18.963625,3.7513354,-8.914623,-34.358646,12.549356,-9.236464,-3.356917,-9.084933,10.844956,-0.47061366,-11.759153
-110.45565,167.9497,-18.615818,22.86566,-7.3206205,-9.550428,-1.6564391,-36.654472,-10.395944,24.642418,6.663047,-10.41963,-32.960617,13.557474,-5.046666,1.4778776,-3.2420144,15.643151,-2.6432161,-15.798689
-148.82295,163.74759,-21.578556,23.898716,-9.954334,-12.508728,-3.345361,-30.11414,-2.8760796,19.223816,-3.981276,-8.955922,-20.03926,18.207226,-1.2241173,2.0453987,-2.4479809,16.474575,-0.16561094,-9.615564
-196.50633,165.31134,-42.98069,37.760895,-11.794631,-20.80499,-2.8823779,-31.488754,1.0371242,17.784912,-8.680455,-0.45365897,-4.7247176,8.631334,-2.742253,1.8731616,-5.0095005,-0.6092356,-16.727823,-0.83481055
-229.06271,200.81805,-80.00047,80.65967,-13.006794,-18.569405,-15.201682,-39.76956,-1.5200398,12.875912,8.608065,1.2055005,1.1182325,-15.681124,-0.097240984,-2.6397443,-4.4925866,-0.09175001,-11.793371,3.036738
-194.56667,205.73941,-77.97327,53.80461,5.1049786,-9.904068,1.7423918,-28.691883,-1.7610742,9.117455,0.45829773,7.0323777,7.3336153,-8.741289,-4.909298,-8.956551,-16.229118,1.3908828,-8.645863,5.959703
-136.59741,188.03006,-50.182007,22.158308,10.488603,2.0722196,3.1344981,-23.335236,1.2435241,11.551864,-4.574916,2.7018094,-11.522441,-1.8771384,-12.9765,0.78808576,-15.892956,-0.4013967,2.1591308,3.665749
-104.84709,178.02649,-35.07417,12.921774,3.7465422,4.8764257,0.72812265,-24.309269,1.2601631,10.214123,-0.5116669,-1.6662049,-27.878292,1.1762946,-12.399334,-1.1920586,-15.434498,7.164921,4.1751413,-2.1202354
-90.9061,171.20325,-28.801529,16.174126,-2.5014658,-3.523292,-3.9798784,-30.667152,-2.4890656,9.396581,1.3391256,-2.2547872,-33.01996,3.648412,-10.042437,0.91218364,-13.791311,9.591225,-0.1975233,-8.760767
-102.60599,166.39117,-22.99511,23.086153,-3.8930616,-10.311425,-7.283627,-34.005417,-1.4405348,11.1629505,3.3344765,-1.3721693,-34.169247,5.335089,-7.7446384,6.2786493,-8.643984,12.72451,-2.187414,-12.623299
-135.74538,164.92303,-21.491703,24.7773,-8.661219,-15.284582,-3.6144705,-28.956657,1.6550558,8.363982,-3.9857976,-3.745887,-24.17219,15.301934,-5.21517,4.125885,-6.147401,15.884263,-2.2561467,-9.491248
-186.53635,162.7897,-36.093597,31.7867,-12.324352,-21.598774,2.6771436,-29.146019,-0.0016275793,10.688488,-9.124799,-4.990923,-10.787534,15.228739,-4.6634417,4.8790665,-0.4527732,7.3172436,-14.278482,0.27130312
-226.0327,197.52771,-74.9031,62.802437,-4.183868,-27.221794,-2.4060574,-35.553604,-2.2382917,11.0098,3.567245,2.8480968,-0.8803193,-8.142027,0.91918725,-3.2327757,-7.772079,-0.6543275,-15.011199,4.1048164
-222.67558,219.51419,-92.9259,65.67265,-0.051680304,-13.453703,-4.654856,-29.932117,0.47224352,8.821009,7.224278,4.9194098,3.8445842,-12.430311,-3.9535375,-9.842005,-6.8960953,2.885909,-5.509146,4.24875
-158.11505,194.37985,-55.70408,23.90369,19.410164,-2.7435608,-0.4304244,-15.574342,-8.517157,18.226395,-5.2672563,8.128047,-13.359462,0.2851268,-5.8180246,-8.454023,-10.623373,-1.2206382,-4.1199117,7.3608003
-117.02387,180.74113,-38.529297,12.961424,14.732113,0.9234028,-1.221684,-14.773781,-6.5233574,23.967243,-9.2897835,2.8274565,-25.369514,-1.4497968,-10.873652,-7.756989,-5.002816,0.31706396,-1.2769587,9.926843
-94.217186,173.49312,-30.499672,15.943293,8.465221,-7.7669315,-7.2703795,-22.761803,-9.352037,26.053625,-13.15522,2.33609,-25.99177,-0.99632835,-11.238471,-2.9196289,-0.04180316,-1.8343434,-5.504213,5.9442086
-97.8464,167.98328,-24.497484,22.179613,5.8556623,-16.80578,-10.687712,-25.667122,-10.196058,27.101788,-13.674388,3.338618,-27.657822,-0.42372742,-8.507254,0.90794086,4.2704973,-0.3381162,-6.565032,1.2192967
-125.60746,167.5162,-18.840858,24.15036,-0.40174234,-23.213142,-4.5259113,-21.472816,-8.970036,23.515884,-19.27468,4.99426,-22.074642,7.447772,-3.1680222,0.04621452,4.2206078,2.1698036,-1.3943174,2.170492
-176.46466,166.76776,-24.802542,26.020807,-4.8952713,-26.273243,4.1045294,-22.475727,-8.0009165,21.958397,-25.790466,6.829065,-13.678488,8.889317,1.8498989,4.394768,6.410928,2.0460796,-5.2253275,4.133422
-220.56126,184.00586,-57.269714,45.44014,2.1793194,-31.182667,-3.3038921,-30.76746,-8.893558,19.870625,-10.598417,9.295319,-6.122683,-3.490181,2.5017288,-0.30177653,-11.149239,-7.3470325,-16.296114,3.9670796
-240.56787,220.84392,-90.42258,66.66972,3.1930017,-19.564865,-13.837189,-38.32625,-0.94772404,9.1029,8.339321,5.6153073,1.397911,-15.46266,-9.955772,-4.7386227,-7.605938,6.8212743,-4.5640054,1.4991277
-182.57301,203.57483,-64.381805,28.36071,19.424553,-1.9847071,-4.7513485,-16.477951,-9.624565,16.249989,-1.9259552,7.797162,-7.298539,-1.8453058,-5.5332127,-8.528551,-16.452858,-3.038635,-3.243966,4.01844
-134.06541,185.78716,-39.772778,10.946882,14.5057335,9.971965,-10.7116995,-10.7516575,-0.6513125,18.996166,-7.7493973,3.903282,-24.421234,-4.5145016,-9.006429,-7.044462,-11.429226,2.5343719,-0.035394043,6.552244
-103.696175,177.91345,-28.505913,13.046885,7.4390726,2.96808,-18.281193,-17.480944,-2.1685586,21.851402,-11.717526,1.352097,-25.63615,-2.2326975,-9.710476,-3.3998318,-4.676547,2.0971909,-7.4669895,3.4409988
-98.871544,172.10887,-22.047558,20.132519,5.008251,-7.314723,-24.039892,-18.995129,-2.7659433,22.163614,-12.160166,1.7802413,-27.814743,-1.4334574,-6.6407022,0.6048064,-0.5314186,2.70279,-10.29202,-0.5025239
-116.76388,171.06549,-16.95826,24.435833,0.013465807,-15.03418,-19.325893,-13.602995,-2.4018378,18.291779,-16.40081,4.562215,-22.036388,5.042327,-2.3541372,-0.020558536,0.004352875,5.825016,-5.695736,1.0488245
-159.46475,169.73007,-19.678333,30.294983,-7.276947,-23.258728,-3.8635983,-11.963255,-8.570009,18.228745,-18.702023,5.864176,-15.776848,9.116917,2.3204098,3.133819,2.801889,4.432972,-4.2107673,5.665944
-216.06374,179.49585,-50.74257,37.73561,2.4071317,-33.66978,-2.1908472,-21.21266,-10.571602,22.893333,-11.100307,11.782898,-11.097376,3.2075322,5.1656632,3.5788937,-3.9888506,-7.9841285,-12.639385,6.379909
-248.6473,220.02423,-91.66411,60.818336,2.1496756,-27.19009,-15.725915,-34.34619,-1.555844,9.794351,6.8839173,2.4533482,0.10543355,-14.203627,-9.6230955,-4.2506094,-7.395735,1.2214808,-6.469679,-0.049781144
-213.23106,227.12036,-84.776306,37.135124,15.33551,-7.072503,-5.4513607,-21.828411,-6.999893,11.663435,2.655577,5.8820095,-3.2014542,-4.535247,-4.904154,-9.786667,-14.645028,-1.938113,-3.5254385,3.42168
-166.78357,212.77008,-50.69551,5.169927,25.416573,-1.437526,-7.459834,-7.6511765,-10.201347,22.005642,-6.588764,3.0905066,-23.424774,1.3949744,-6.0941324,-11.347802,-9.007889,-0.8475434,-4.428195,10.292012
-134.25414,203.94717,-34.71425,0.95935166,20.251759,-3.6338992,-15.1618395,-9.404877,-8.671572,26.74347,-11.147007,-2.0494597,-31.515392,6.479433,-8.930819,-13.91614,1.3786237,0.055954307,-12.82984,12.648115
-121.37192,197.00839,-26.4389,8.539568,17.622875,-14.72557,-23.007092,-12.204636,-8.001837,28.403671,-13.802588,-2.5668473,-34.877262,8.338693,-4.9728456,-10.74939,6.701232,-2.2486606,-17.393713,11.041129
-129.86758,192.7283,-20.163952,17.006964,13.76332,-22.213148,-21.849594,-10.042417,-5.849779,27.84227,-18.145935,0.084894486,-30.154438,11.456178,-0.6023986,-8.822805,8.265721,0.3079446,-14.136822,11.74509
-161.61458,188.06638,-17.3395,23.42101,5.0277333,-25.561089,-13.528229,-7.4738197,-5.8583817,24.498196,-23.370354,2.425857,-19.947477,12.916776,3.206925,-5.3492846,5.11464,3.9005632,-7.99988,12.252521
-211.28598,185.00836,-37.563557,28.137245,6.747293,-28.22253,-9.676283,-11.182576,-9.4606495,20.785782,-16.778538,9.484701,-13.7758465,3.2785206,8.134348,7.0639787,3.4732866,-3.2786434,-9.833557,13.392927
-255.86148,217.41234,-82.58548,49.714466,10.053559,-29.07101,-19.031473,-27.18419,-2.6323175,13.412661,1.6204293,7.8825397,-1.9804652,-11.436911,-1.3345108,-5.6853514,-4.9875565,-4.874025,-7.3899775,1.8777162
-243.30637,239.51886,-94.99256,37.845535,15.436716,-8.978048,-11.170657,-27.151447,1.6169264,5.712872,7.4677086,7.839855,-4.0618777,-8.937237,-2.5137918,-13.032225,-10.691376,-0.37441418,-1.8341256,7.1997967
-196.44539,229.15387,-61.367104,9.58877,23.110783,-0.2775855,-3.4097028,-18.557724,2.4040265,12.948355,0.044437073,5.677559,-24.247719,4.3041186,-4.265016,-9.68326,-11.736784,-5.6326246,0.72198695,7.0094914
-158.07994,217.34698,-38.853764,3.3362494,14.509242,-0.21860945,-4.1337867,-22.73849,3.9484982,23.866514,-6.0248585,-5.9395046,-30.30446,7.70074,-13.332307,-3.7865438,-7.9284573,-4.536231,0.9783193,3.4235048
-141.59863,211.59537,-24.183426,6.7685313,8.203723,-9.797529,-10.90654,-29.603714,0.9552088,29.13844,-7.4002376,-14.954716,-32.538994,15.124073,-13.646307,-1.2302585,-3.1511695,-3.4307933,-7.2635307,-4.456703
-142.28154,208.33646,-18.868984,12.501268,6.808095,-17.765013,-13.50152,-26.512478,3.2835102,24.056772,-10.060974,-12.057007,-31.582989,20.255424,-10.941324,-1.2386537,-0.28136486,-0.26547977,-7.267859,-4.6383796
-166.73482,205.70764,-15.903838,18.44103,4.5482616,-24.56651,-11.345636,-19.21203,5.617838,16.367138,-14.37112,-8.339882,-25.701479,26.472324,-8.28223,-3.380364,1.8613448,3.5099807,-4.084507,-0.90321714
-206.26736,200.14058,-33.974396,28.10709,9.994448,-31.716732,-7.208082,-12.807886,-0.10621104,8.000994,-11.421658,1.0808882,-21.782488,14.922533,-2.4267492,11.072697,4.4693165,-4.4228888,-5.527594,4.7406034
-251.51245,217.82947,-73.6349,35.54907,16.305317,-35.936012,-9.513027,-25.1717,-2.9616838,9.95158,-1.8543634,11.444786,-7.911727,0.109749675,-3.4787345,-4.055192,-6.239753,-8.096371,-6.893304,1.6425338
-258.19724,243.68475,-94.67852,36.20851,22.0113,-24.233456,-13.57835,-32.108566,-3.109177,11.248412,6.8926163,8.693174,-9.85978,-10.831993,-1.9934032,-12.674982,-4.0788584,2.685186,-3.8454754,4.4723797
-221.20958,243.669,-78.26999,22.91829,21.097076,-3.8789587,1.0821633,-27.49592,4.7639847,8.126196,9.15413,-0.54196185,-16.398914,2.8707032,-0.667981,-9.711288,-15.02719,-2.7743974,-7.3173437,8.416807
-177.23935,223.71005,-43.938065,10.279551,8.955117,4.9351816,1.2861327,-25.408941,10.607618,13.767201,10.93768,-13.578188,-34.81305,9.081003,-10.436714,-2.8402543,-15.812783,1.8790236,-2.4763498,8.402206
-151.41394,215.71393,-23.093426,9.052742,2.2095485,-0.7156102,-12.627577,-27.779814,9.426134,13.448731,10.65798,-18.289669,-39.380928,13.569801,-6.6888,2.3607213,-14.509248,-0.22107162,-6.167072,1.931942
-140.85101,210.94676,-17.83931,9.395643,1.6085653,-6.2363234,-19.86126,-22.307701,8.788197,7.8714767,5.4366894,-17.178188,-31.07901,15.543181,-10.968737,5.2461452,-9.368871,-2.8127294,-4.4428616,3.8362317
-155.49962,207.21167,-12.537273,12.835595,0.40276062,-9.581562,-21.275627,-16.546463,11.182946,4.39045,-1.4587247,-14.148361,-19.596554,17.785196,-12.73177,7.7412505,-4.2596045,-2.8157754,-1.1760873,7.8087673
-194.47711,201.05731,-16.214008,20.732613,2.9160194,-16.029228,-20.578758,-9.573273,10.941418,-0.18271586,-4.4807525,-8.325451,-12.994052,13.637546,-8.736301,16.080626,0.02736348,-7.713916,-1.4466624,14.257088
-240.92056,202.08896,-53.219303,24.950054,12.26907,-22.502626,-20.39138,-17.638391,1.6554658,3.2355523,3.7318175,4.879386,-4.9831405,5.634989,-1.7234206,8.12355,-7.3335094,-5.506399,-3.1633162,8.492521
-270.28687,235.95952,-90.942276,35.537014,19.962624,-23.552628,-21.129133,-36.675743,-2.271044,11.459101,10.116106,8.989191,-7.2585936,-13.829208,-6.6216984,-8.993063,-8.0871315,4.7973223,-1.5346168,-1.2873127
-242.75546,251.74963,-88.68865,26.722366,18.615181,-6.806059,2.0142157,-33.44848,-0.003218621,14.660952,4.8230515,0.9056345,-5.9567556,-6.7063847,3.5268097,-9.622293,-19.992115,-0.3462246,-2.6408172,0.0053278804
-190.54356,227.03516,-50.071396,8.564423,15.491943,-2.2417555,9.878891,-33.045868,7.441324,27.213165,-5.863295,-2.5516195,-28.540646,3.6339264,-8.332163,-2.7044666,-15.185114,-3.8459413,1.4271125,0.5512038
-155.40714,214.67883,-28.97129,10.130271,6.8073344,-9.322281,3.7594914,-33.999344,4.8003244,30.086327,-4.9194574,-11.850692,-35.858845,11.2757015,-12.214786,2.2978733,-7.6271152,-9.56599,-2.5562654,0.6626253
-137.97754,208.62396,-19.103128,11.208713,1.3509445,-16.329336,-0.41327745,-25.842522,-2.8737345,21.192034,-1.9367518,-12.359299,-34.557957,15.675091,-12.006061,2.1083703,-5.592292,-8.74304,-0.84727466,1.5762101
-144.55075,204.97998,-12.334842,15.093213,0.8502896,-21.011715,-3.128969,-16.243671,-2.9659395,14.022583,-3.0086105,-9.936632,-27.2763,19.619705,-12.722215,3.2343874,0.027613314,-6.3070946,-0.28169852,5.001551
-176.53145,198.63503,-11.07667,24.30537,3.5665793,-29.00418,-7.3472605,-5.2023287,1.6387397,4.8323674,-7.2290397,-3.7147696,-21.398727,17.53413,-7.3961616,8.263575,1.1379915,-6.395192,1.132642,10.437519
-224.55055,199.30801,-34.82283,20.634134,18.369286,-24.735634,-17.69525,-10.160444,1.8808713,3.130021,-1.2119114,4.8417215,-18.042494,11.997486,0.33279252,9.985477,-1.0400013,-6.168768,1.004795,9.596853
-272.09274,231.16083,-83.17132,26.712894,21.640007,-25.020567,-21.160007,-31.74886,1.2584575,9.438942,8.592106,10.135187,-6.483152,-10.254988,-3.729933,-8.887216,-8.784469,0.8127081,-4.137297,-2.229301
-254.83014,248.35995,-94.27176,25.605265,14.8342495,-7.7983527,-0.44273025,-36.46988,-0.35897833,16.392452,4.2113605,4.970048,-6.7727146,-9.622194,-0.56407344,-10.844655,-17.725437,1.6424026,1.8876948,1.3388567
-200.21794,225.5816,-59.484642,16.033524,5.4694123,13.06035,-0.7381463,-27.720768,7.925746,16.34655,8.988089,-14.657673,-9.93346,-5.908702,-1.0858712,-6.523039,-18.015392,1.1756082,-6.9799886,5.795329
-162.53023,211.30803,-28.06601,12.182142,-9.346247,17.06164,-7.42939,-32.07495,12.602106,19.91768,9.514662,-28.456625,-15.54619,-2.0240767,-6.078631,-1.0783854,-12.629528,1.4513347,-13.117641,7.885871
-141.42062,206.21997,-14.476632,12.991699,-18.284447,12.138945,-13.589577,-32.906067,13.135525,9.320539,5.926098,-23.44189,-14.321621,-5.496201,-3.2104561,4.816788,-16.037481,1.8425826,-10.524846,5.8345594
-145.00174,203.92668,-2.6994252,15.892899,-24.041111,9.254385,-13.643375,-28.789822,15.273384,-0.7295788,2.9790812,-13.837379,-10.289005,-9.38719,1.284197,10.593725,-18.88855,4.4573526,-3.721324,6.3279314
-169.78769,198.33345,1.5539913,26.175781,-22.35546,-1.8110487,-15.130209,-16.068676,16.966106,-11.772685,1.5604235,-5.0000205,-8.739557,-9.223286,6.860891,13.475064,-17.79514,6.1245136,-0.8407018,9.234661
-204.99571,192.0149,-24.136951,34.686234,-0.6614706,-8.188221,-22.942337,-14.126051,14.717281,-8.323533,5.9589233,-7.295616,-10.663683,-3.1566164,10.748667,14.778379,-9.621847,6.043168,-3.632985,7.0652747
-250.35593,210.54666,-69.56671,31.001888,12.390944,-17.968374,-23.745884,-22.968315,4.883196,3.0947742,15.3330555,2.3504295,-0.3341996,-3.5536494,-0.6207019,-4.8501596,-10.259743,1.7402692,-7.6817646,-1.0288832
-261.72153,243.56097,-94.72197,24.820797,15.601922,-13.278667,-8.567738,-37.793324,-5.5894527,14.349348,8.424183,3.9960434,-6.877754,-10.957016,-3.3275158,-11.330669,-15.797569,7.3169594,1.1259091,-0.1701546
-230.09369,245.02827,-72.4211,14.545555,11.414341,8.931599,0.47599718,-31.409693,4.2627273,16.9525,6.3498783,-8.856523,-7.0195637,-6.057884,2.270215,-9.684804,-17.107708,-0.42523915,-7.1418486,4.274953
-183.13008,223.57187,-39.601685,9.286194,0.256625,12.870802,-3.6210792,-24.878105,7.1715765,22.328514,11.157248,-27.091694,-17.588837,-2.1481056,-8.378366,-3.1520119,-10.997747,1.0102046,-9.656203,8.027625
-151.52115,215.09575,-24.099041,15.744181,-12.568163,1.9912932,-5.096855,-24.972948,-0.7453469,15.603037,14.555349,-30.081554,-19.963135,3.451716,-5.9073,-2.3684902,-11.754299,4.7160425,-10.434422,1.1786809
-144.34044,210.20613,-15.273067,22.644127,-20.14878,-6.090083,-3.6586857,-20.984848,-2.0020127,6.56679,12.019863,-26.171768,-14.944683,4.364875,-6.274823,-1.2245468,-10.490766,8.640118,-10.082418,0.19613464
-160.66438,206.0326,-11.856077,34.5,-18.576948,-17.764847,-6.848706,-9.042723,5.4773088,-7.3390036,6.022316,-15.130974,-6.3967476,-1.1183385,-5.15378,8.51543,-9.822006,5.4177694,-5.639598,8.179625
-197.6864,205.36674,-24.410738,36.518166,-4.7077346,-14.443607,-14.430704,-13.958216,12.027576,-7.1911774,7.00653,-13.75828,-6.8632164,-3.7456274,3.2032385,17.582493,-10.710873,3.559317,-2.6982398,10.480738
-246.86171,212.21428,-59.256374,30.254196,8.920569,-14.297838,-21.81797,-26.124825,11.859434,-1.1193578,8.25013,-0.5642219,2.8785272,-3.8521378,2.0117104,5.8901267,-10.686794,4.88091,-2.8705482,4.097627
-273.08633,242.10684,-94.692444,23.625225,17.659939,-18.43182,-7.4507923,-43.124866,-3.9805012,21.633648,4.8356466,11.1700115,-6.1055613,-15.754549,-3.5656972,-12.849802,-12.920601,5.4468718,4.437026,-3.218992
-251.47214,258.39532,-86.943924,17.54152,14.60759,-0.2614864,3.4978747,-34.534565,-4.1632495,22.756836,3.026166,-3.7386565,-4.260396,-5.188004,3.5454018,-11.598483,-14.797952,0.5097133,-5.370676,0.5672647
-202.91711,234.5662,-48.701614,11.757387,-5.6881237,27.810387,-16.00372,-13.544021,-4.3752356,33.67108,3.1583056,-19.262434,-14.458172,-3.523955,-8.107074,-6.8067045,-4.5379176,-6.2795086,-4.5778184,3.761416
-167.86356,224.57014,-26.149506,14.155188,-19.21558,25.333471,-25.689913,-10.631409,-7.192339,29.180372,0.9171588,-19.24383,-18.907001,-2.0429935,-7.3866453,-1.9140922,-4.254901,-6.822725,-2.6617684,-0.6346501
-153.96638,219.24696,-15.174952,18.5761,-28.529415,19.377102,-29.988914,-6.618328,-7.2301683,19.671516,-7.758168,-13.516525,-13.36037,-2.971332,-8.305692,-0.63897395,-3.9262733,-4.5084047,-1.9875543,-4.1533546
-162.99576,214.16983,-8.4097395,31.658115,-30.42149,6.6853576,-32.194637,7.9605184,-4.480138,6.869617,-12.067249,-4.186507,-8.565878,-3.7262387,-5.2133617,2.3470776,-2.475224,-2.448915,0.78595304,-3.105403
-189.08684,211.8646,-18.670387,38.07788,-19.469471,5.2321906,-37.200924,9.984091,-4.373007,5.938732,-7.1907196,-3.1416554,-13.650967,-3.013021,6.370275,7.5256743,-4.1255846,-3.8529277,5.422965,-2.3664987
-229.89062,212.22842,-49.01212,36.838215,-1.1623429,4.1222863,-36.674583,1.2172487,-7.435748,7.576753,-1.1626942,-1.388181,-3.757506,0.77592367,4.1574564,1.2109365,0.07690463,0.1793195,4.870859,-4.907561
-275.8646,235.40665,-89.725815,20.979301,13.508368,-15.514686,-15.712362,-36.32878,-6.1761312,20.532442,10.730171,4.572153,0.21296416,-12.463988,-0.8580547,-7.3383713,-11.981392,7.318193,-0.71402144,-3.9353104
-270.6452,259.9254,-89.41969,6.6899586,21.045258,-7.067296,2.1383123,-36.243847,-7.3959794,25.775932,2.3818817,-2.4229121,-3.7584379,-8.108765,0.89761996,-11.433048,-14.362802,6.3664927,-3.1514916,-0.044908583
-229.59161,247.06247,-54.017563,2.9596548,2.2217724,28.014158,-14.132632,-17.532467,-0.45449427,30.048569,4.5656853,-14.353276,-15.088762,-2.3531122,-2.6461217,-14.895351,-4.028861,1.5685306,-13.528349,2.0766711
-187.31184,233.00018,-25.30984,3.741516,-11.772514,28.816078,-27.091751,-9.680523,-2.851752,26.219585,5.85692,-16.812523,-26.037518,3.5927656,-5.3890963,-12.650327,1.2268738,1.5157607,-16.67506,2.924263
-161.1773,225.52658,-16.243214,11.217646,-19.9525,17.840664,-32.988182,-1.7686069,-5.4438076,13.405487,-1.7220128,-10.279566,-21.762451,1.9734044,-6.439397,-8.261311,-0.6653042,0.00925827,-11.794741,1.8044512
-163.26926,219.96143,-6.2791615,23.319195,-24.572248,6.6528807,-35.33438,9.597666,-1.7262503,2.7389116,-10.381126,-2.0245976,-13.119638,-0.32908857,-7.1127887,-2.12451,0.6810618,-1.094367,-7.3003364,4.36263
-182.21278,217.09033,-10.655003,30.31305,-18.772575,5.3082027,-37.05751,10.5822115,-2.4671364,2.8487802,-8.037718,-0.7284107,-14.934691,-0.69225705,1.6335526,5.1712418,-0.9188531,-3.3137028,-2.388691,5.825204
-218.8994,215.67319,-35.434753,34.10002,-3.5121326,8.323431,-37.10498,4.647295,-5.38688,6.5879326,-6.2099094,-2.0918427,-10.529173,0.55313134,5.937618,5.1465554,0.5952967,2.1988173,2.060141,-1.8496478
-268.16034,228.18088,-74.42996,19.003132,9.358507,-4.209342,-27.03091,-23.771614,-7.562547,18.290897,11.515833,3.589775,1.3582175,-8.105154,4.2110095,-5.4048553,-9.1965065,2.6673486,1.5275803,-7.4636636
-285.0367,256.73193,-92.13693,-1.4446692,23.205544,-15.39501,-5.0691295,-39.830547,-13.354805,26.3004,2.8631163,-0.3743768,-5.2259927,-11.80834,-1.7785656,-16.41047,-11.612513,6.8642344,-4.473601,1.9834586
-254.34282,260.36475,-65.572556,-1.7190257,16.497974,10.085759,-0.94316375,-26.735088,-8.062294,34.84649,2.9293132,-15.431916,-5.0949516,-1.8752718,-4.789234,-11.968445,-6.704895,-1.4997709,-13.860405,2.6973948
-201.37187,231.54727,-24.434746,-6.7603283,2.6103272,18.04677,-13.8919525,-14.630271,-4.343523,32.664566,5.1295695,-19.360867,-24.277046,2.2472079,-9.472641,-9.509116,-2.041697,1.5306247,-13.944271,4.683988
-170.6311,224.3179,-4.8959703,-6.8972483,-6.4272733,11.273731,-24.826498,-6.8710165,-4.300234,15.481494,-0.8944596,-9.625958,-24.735844,2.3252385,-6.642971,-6.7280273,-5.8255987,2.120681,-9.588906,2.9201975
-162.77379,216.4852,5.892334,5.067383,-10.678061,-2.3702147,-28.297306,5.486025,-1.1277728,2.4271553,-8.83383,-0.45250028,-18.417515,-0.5188288,-5.6912346,-1.186166,-7.761469,2.2735586,-4.8615146,3.02501
-174.17928,212.08565,7.263654,12.401184,-7.4512386,-5.6525803,-28.546877,8.03363,-1.1301792,0.28464654,-7.5069113,3.2461452,-18.854473,-2.3860335,2.0645595,7.133154,-10.119049,0.12434074,-0.3210286,4.6593175
-201.07652,206.85255,-10.969135,19.069237,6.465313,-3.5226202,-29.068783,-0.30983514,-0.7441237,8.950938,-8.000288,-1.9986123,-14.687,-0.24101117,5.1903367,10.919953,-6.856517,1.934545,0.45896095,1.8145878
-247.40768,214.5832,-48.732483,14.629335,16.969376,-4.6612153,-23.792408,-16.835222,-10.694104,19.068954,4.331688,4.0486712,-3.398615,-0.7119124,2.9098687,1.1631844,-9.484403,6.2492104,0.7307121,-3.5736134
-291.46735,254.79147,-90.80272,-1.2873414,26.034798,-16.839348,-7.390525,-38.821575,-13.649254,27.143753,7.9051514,3.513341,-5.206666,-12.004928,-4.2416654,-18.72098,-9.477382,8.723038,-3.971808,-0.3323899
-280.38806,277.3989,-76.757195,-8.677282,25.607853,-2.0450547,4.5392847,-35.14962,-10.996417,31.231565,1.1288565,-10.742385,-3.1772842,0.52164406,-1.3550467,-16.945328,-4.1208878,1.0092742,-16.552372,5.2777796
-257.49387,283.375,-57.877956,-6.450067,19.99158,-1.7687094,5.31425,-21.656137,-7.543236,39.58454,4.07298,-23.48664,-12.76889,-6.450719,-5.1800575,-11.322147,-6.5569496,6.578822,-16.017574,0.51647407
-220.69281,273.7559,-34.69289,-6.9605083,13.753639,-9.029076,-9.899113,-10.223848,-7.381278,25.0849,-1.6389227,-15.085434,-15.4176445,-7.832946,-4.0770683,-3.902946,-10.28907,5.2008123,-10.438251,-0.5912974
-209.13716,266.68414,-19.268776,-0.73918873,8.454631,-20.956522,-18.20707,2.011745,-4.779576,8.8365135,-8.648886,-7.9583616,-11.890989,-7.1827493,-6.2847557,-0.01830712,-8.828027,0.31126052,-6.745372,4.1272597
-212.53906,260.19504,-14.778133,10.111023,7.273283,-26.634542,-16.581646,5.2455897,-5.1177797,5.5765305,-8.595512,-3.9178472,-12.853162,-7.144567,1.1810721,5.54933,-9.396795,-1.3484256,-4.276389,8.837614
-231.55211,254.78528,-27.63573,16.95572,18.046755,-23.148335,-18.204588,-3.601788,-2.339406,13.039425,-10.107335,-6.7103305,-11.89703,-5.845786,7.9305186,8.947556,-7.6855564,1.855344,-4.434552,4.8744645
-270.7094,255.87294,-55.189327,14.461489,28.398531,-15.978426,-11.9095,-17.997496,-8.13118,15.637873,-4.556918,-0.71598876,-3.0045395,-4.31546,7.697117,-0.4025312,-5.9349146,9.357204,-2.3618326,-0.79796326
-298.0679,255.401,-86.193695,-1.9581405,27.794823,-16.408363,-6.7805166,-37.665627,-13.846113,31.326199,10.250937,4.702522,0.72868955,-9.075996,-2.7703748,-14.846434,-7.819275,7.951519,-4.103425,0.21060446
-288.44644,269.4217,-81.53465,-10.754332,23.625301,-6.2855597,5.185309,-37.60885,-16.176884,35.41031,0.99478203,-12.263338,2.9414382,-3.3802886,-5.9708323,-12.29067,-6.0608263,1.4120466,-7.297387,6.6346407
-270.93613,288.0431,-68.99687,-3.299254,22.684044,-5.72021,13.461015,-26.36715,-7.5367403,40.11995,2.140725,-18.552685,-8.22575,-7.8719845,-1.649374,-10.648791,-8.810873,3.052424,-8.294533,-1.2098689
-254.87138,304.93585,-57.768837,2.4416666,19.283104,-16.33591,2.9591305,-20.32499,-0.1608106,28.951405,-2.7877533,-12.640126,-12.9748125,-15.6525955,2.4650202,-3.99093,-11.338842,2.4428086,-3.6930053,-5.781399
-248.91309,312.5512,-47.98663,9.407866,13.554151,-30.11499,-4.6897106,-12.115681,3.5270627,11.804354,-12.372328,-4.1938715,-9.562836,-18.418047,3.9853225,-1.8771037,-12.8945465,1.3959675,-1.7217641,-5.058511
-252.84212,310.61603,-41.265804,19.676004,11.36073,-40.360153,-2.8962312,-6.810499,0.7246756,8.196735,-14.237058,-3.069509,-7.159566,-18.678162,7.3831525,4.574723,-13.686466,-2.3168273,1.4625142,-0.41589296
-262.99487,302.82166,-45.9935,21.309366,23.295803,-37.046135,-6.643214,-11.129431,-0.5926945,15.94027,-12.708648,-8.919376,-6.238103,-14.684499,11.31525,9.232642,-11.078187,-1.1421671,1.28473,-2.1255226
-282.9059,285.28772,-56.86942,15.154114,33.97551,-24.902023,-3.8527274,-15.41419,-8.190548,15.782549,-8.718784,-7.9824944,-1.7267718,-7.13937,8.875919,1.2114716,-4.960869,10.879635,0.70862645,-6.108384
-305.16348,266.97522,-74.02655,-9.113262,33.935364,-14.685482,-12.302888,-30.532684,-14.683168,27.217945,12.657085,-0.06337327,-0.41787684,-2.2780843,1.9354781,-11.666941,-6.558733,8.951155,-5.033636,-0.71983254
-304.7,267.213,-79.274796,-22.997715,26.782797,-6.303523,-7.5250874,-35.32576,-16.355503,28.41784,9.344262,-9.5163765,-5.9368114,-2.165213,-6.9148707,-20.24532,-4.7418766,5.8302116,-7.748572,5.8916154
-285.85483,286.59088,-65.96225,-14.138014,27.306005,-0.58467966,4.850548,-25.421486,-7.5529876,31.659058,6.8183174,-13.512709,-12.609383,-1.5180123,2.6577988,-17.228453,-7.5830126,4.5740814,-12.469825,-1.1908082
-266.04492,301.65027,-59.125,-2.9109664,25.285303,-14.279491,2.5219853,-15.761859,-0.55000114,29.989037,2.222524,-13.941168,-17.102901,-13.925554,1.9239618,-8.607958,-9.481267,3.6647906,-6.8082786,-4.038944
-251.06123,311.38245,-53.1183,10.337828,18.923004,-35.55613,0.59566706,-7.84277,-4.6388803,18.592728,-6.585995,-10.766644,-9.086712,-16.000748,1.1860154,-3.1113865,-11.011567,1.1449583,-3.5521874,-4.2897778
-254.00665,312.4998,-42.806686,20.49571,14.492114,-48.041744,0.8717765,-0.8210204,-6.751739,12.078268,-10.009176,-9.175148,-5.905078,-16.442518,3.7638876,2.7562401,-13.094302,-2.3845735,0.28320384,-1.1787724
-261.387,308.14294,-43.360016,21.04437,23.351719,-41.760834,-4.9246335,-6.672241,-4.4420853,17.665817,-8.601885,-12.822339,-7.1986904,-12.42189,9.393469,7.4205794,-11.161688,-2.0719178,0.17022423,-2.0096803
-279.67038,294.80582,-48.83864,14.073291,31.984756,-27.329987,-4.7442293,-11.307883,-6.674241,15.8007345,-7.439948,-10.969715,-4.078953,-5.282387,8.553839,-0.2292606,-4.403104,10.496691,-1.2660851,-6.4951353
-300.76825,274.61298,-64.33246,-1.3668721,36.20775,-13.306843,-7.5864697,-28.006073,-15.741505,26.97065,9.300877,-6.3977647,-1.3901982,0.4598647,4.610468,-7.7337313,-4.5851936,8.609355,-5.1184072,-1.7818103
-311.14102,258.24515,-80.287704,-20.175638,20.224365,-9.278355,-5.3080797,-43.88124,-19.786549,37.632473,10.688267,-9.979132,-0.74393433,-4.368967,-10.218785,-18.342972,-4.5605764,8.681437,-5.693549,0.11321294
-293.59808,278.63797,-67.89229,-14.732987,23.153355,-1.959013,6.140811,-33.460823,-15.517452,34.661263,5.5574408,-15.764393,-4.8625255,1.1946679,1.6045699,-13.905323,-9.437626,4.031674,-9.306637,-4.738141
-276.09225,295.5133,-60.646446,-7.242556,27.733307,-10.463313,1.4572186,-15.709294,-0.23863992,32.166576,2.5890265,-15.461784,-13.815841,-15.839916,-0.8280909,-4.6461067,-11.887841,0.57279277,-3.1830876,-3.9450045
-260.7885,310.75528,-50.88048,1.5712981,22.634022,-28.630882,-3.630704,-7.213196,-2.2209663,20.105417,-6.037261,-12.170069,-6.0201073,-19.71001,-1.5396128,2.8846552,-14.848085,-1.5957658,1.655316,-5.909759
-263.94028,316.23145,-36.94574,9.871146,17.634336,-43.20465,-5.624508,1.4119958,-3.831235,10.955576,-11.904335,-9.9431505,-1.9895734,-21.307922,1.369417,7.692303,-19.51795,-3.0716002,6.1579437,-5.693694
-268.25626,315.40472,-35.467323,11.060774,24.601887,-37.659306,-10.466648,-4.9297333,-0.7021313,14.615097,-10.788719,-10.487631,-7.2327676,-17.202272,10.76473,9.034975,-17.762775,-1.3656393,4.629162,-5.386945
-280.4869,303.99573,-39.540825,8.759633,30.730755,-25.151485,-9.751377,-10.845714,-1.2516291,13.782209,-10.082696,-9.110366,-6.3025684,-9.084595,10.903328,0.3957417,-9.075148,10.374283,1.0868032,-8.50935
-296.5995,282.0206,-54.296272,3.3205724,35.51214,-8.546412,-5.237604,-29.865719,-10.823477,25.564468,-1.5645711,-8.034831,-0.4887546,-5.0147953,5.915406,-1.2823168,-5.4638147,7.7085686,-0.0022171736,-2.8379073
-315.0224,260.2312,-71.694824,-18.649397,20.396221,-2.1794643,-5.160368,-47.50454,-9.660904,45.649292,7.5421925,-3.4106193,7.625461,-9.279449,-9.076727,-8.729533,-4.773786,6.4058685,-1.7762245,-1.9715981
-303.463,270.96707,-70.72771,-21.227077,18.925962,-2.1935005,1.1031973,-38.758064,-12.890474,35.805412,2.1140213,-12.421478,-1.8808649,-4.781259,0.7735335,-10.092779,-11.284346,5.5763636,-2.6423202,-2.5321674
-284.6615,290.77118,-62.602802,-11.206205,30.661135,-8.770042,-1.8304678,-15.147061,0.43405372,29.606401,4.309122,-11.616623,-13.538227,-12.877886,3.9773765,-5.468693,-13.12174,2.1253526,-5.1610065,-4.5171022
-268.7049,307.71185,-51.671165,-2.7835753,27.74261,-24.903969,-7.5168715,-3.19871,1.1108329,18.66761,0.4102437,-10.954922,-11.402718,-16.348675,0.3013594,-0.16898537,-12.68198,-0.19789028,-2.5167918,-3.7907445
-268.96957,315.44238,-35.449684,5.5305805,19.811745,-40.37668,-11.6030855,4.867372,-0.8552146,6.385702,-5.3555975,-9.973038,-7.924977,-15.046577,-0.5787076,2.653508,-13.357702,-4.253954,0.8654369,-0.65224695
-270.83127,317.06143,-32.94787,6.200955,24.98037,-37.83503,-17.188728,0.6172168,-1.4721358,6.8145657,-1.2083068,-12.680048,-15.988159,-8.188723,6.7792163,0.8040057,-9.029675,-4.38908,-2.7192817,2.8264744
-280.72882,310.45,-35.247044,4.0549316,31.991692,-28.012,-17.256214,-4.877277,-1.9904447,7.008998,-0.38227826,-11.683844,-16.912006,0.9402467,8.387933,-8.761339,1.73351,5.8003263,-8.138462,2.2570257
-296.45,291.08987,-46.629417,-0.6991972,38.355797,-8.178829,-11.285289,-20.671764,-8.603455,13.854646,2.4768748,-11.2509,-12.863644,4.69296,6.282069,-10.191517,7.8161507,9.253923,-9.092102,5.578627
-311.60684,270.3459,-64.8551,-15.910542,31.631285,-3.5234792,-13.881962,-36.35234,-10.976128,29.495598,15.312725,-2.7500205,-5.318497,3.3707287,-1.9588256,-16.93703,4.6516905,8.51593,-10.021141,5.9585376
-307.8891,267.25513,-73.34694,-21.132004,24.409695,-3.8456316,-4.3757358,-33.804916,-12.353738,30.330381,9.437092,-9.238208,-9.357193,-3.5934005,-2.065874,-18.015797,-7.9701347,6.512184,-4.3057756,1.4916157
-287.6677,282.9741,-66.55922,-8.052305,28.624126,-9.041559,1.2307357,-20.451931,-3.6662421,29.940136,2.215979,-11.016674,-10.114433,-10.377588,4.2679353,-5.260741,-12.6704445,-0.89466226,-4.2930675,-1.0670315
-272.40106,299.64355,-55.447304,1.9365473,27.486593,-23.583378,-1.4670736,-6.6943703,2.5091305,26.131237,-1.218848,-11.179637,-11.571789,-19.747366,0.7291529,0.7044747,-13.530804,-2.5845335,-1.6560438,-1.1695583
-270.7203,312.556,-36.009933,8.562902,19.502857,-39.00437,-7.6593337,1.0327848,1.2331203,12.06082,-7.5199785,-7.453292,-8.077866,-19.197762,1.641109,3.38309,-14.24227,-4.361761,1.4724267,-0.9412943
-272.64258,317.2532,-29.720554,7.408167,21.556004,-37.22162,-14.688365,-4.434765,1.6998563,11.264038,-7.80727,-9.323064,-13.542373,-15.874607,8.605892,2.4039633,-14.4385,-3.4957333,0.06847849,-0.9957539
-278.82526,313.3875,-29.986256,6.208994,26.966915,-27.981653,-15.285185,-10.638577,1.0139719,13.916407,-7.1159306,-11.095535,-11.687759,-8.850562,9.0791,-1.1272597,-7.905897,4.7533455,-1.6943052,-5.8132353
-292.10126,298.0886,-37.958282,2.1368062,31.770487,-9.5112095,-7.9053707,-23.914572,-4.5096855,20.393602,-6.900739,-12.581443,-6.1096077,-4.707554,6.6095076,-1.2368014,-2.1704626,8.97337,-0.64696264,-5.2044454
-308.22742,278.2918,-53.59591,-9.932701,32.22676,1.6165383,-10.018848,-39.379818,-7.175992,31.452385,3.2861853,-4.066923,0.28243294,-4.477027,2.4710631,-5.350751,-4.5659738,7.6021986,-0.38623005,-2.165874
-318.47534,261.00763,-73.17203,-26.7453,21.832277,-1.327323,-9.774927,-38.362785,-5.638735,33.54052,9.883071,0.502065,-5.605476,-9.276138,0.49281758,-15.789461,-11.860006,10.485033,-1.1400199,-4.604349
-299.533,278.3626,-66.83528,-16.551926,28.928055,-6.4956913,-5.211076,-23.211857,-5.3136325,24.042278,3.8140416,-5.5709515,-9.77391,-6.3181,9.642455,-8.222646,-13.970343,1.6518009,-7.005722,-2.5926986
-285.7818,295.25092,-54.602562,-6.0217547,30.873459,-17.432018,-5.4575176,-5.274001,6.6113443,24.46886,2.4478388,-8.341787,-17.228662,-18.418243,3.7561579,-3.8644545,-12.593483,-1.4569976,-5.8456125,1.54199
-279.4797,311.39337,-34.68602,2.2302964,23.086298,-34.173676,-11.127388,2.8693895,4.0580235,10.671461,-2.3019533,-5.2608657,-15.127529,-17.152721,4.75836,-2.263981,-11.132942,-1.8025765,-5.422304,2.1543655
-275.86172,316.2522,-28.50922,7.435245,21.770136,-39.05856,-14.999288,-0.8590229,0.9017449,10.092834,-3.0950732,-10.374381,-18.437677,-12.260295,9.187203,-3.7999346,-12.1075,-0.8394197,-5.261114,0.35328954
-277.04126,315.04834,-28.967224,8.017498,25.735382,-32.080025,-13.413688,-7.8619657,-2.49536,15.14185,-2.6385772,-15.062851,-14.594351,-5.4203024,7.2205567,-4.983557,-5.5097265,4.2219462,-5.9896173,-3.1794343
-288.3701,304.85498,-33.302784,3.6940823,29.94694,-16.178432,-6.478426,-18.599644,-8.033175,21.21853,-3.7572749,-17.777048,-6.5610456,-1.328826,3.1070554,-4.4509435,-0.52908903,9.135026,-3.9302545,-4.853713
-305.986,285.4361,-45.346214,-4.206376,35.1264,0.7471813,-4.869637,-35.626976,-13.798145,31.233017,3.7750096,-14.375564,-2.6141243,1.5309539,1.9384899,-8.874472,-0.619391,11.12655,-7.0767956,-1.7044077
-321.6592,259.7448,-70.23744,-21.422245,23.403923,-4.6686463,-8.425538,-41.41626,-13.280266,39.712128,15.729158,-2.2845643,-1.0472901,-5.8175344,-2.4816804,-14.784409,-7.034832,15.188496,-1.9229512,-5.898739
-305.22128,268.33746,-74.71272,-17.739626,24.996964,-12.660614,-4.9042206,-27.33519,-12.917147,26.507843,4.2866306,-8.688049,-5.1829305,-5.7351885,6.4507923,-5.5503855,-12.644367,3.8965893,-2.0649688,-0.6639769
-290.19772,289.0487,-59.160194,-5.4813633,31.741322,-19.70854,-3.8023257,-6.561819,0.088458,26.879543,4.778058,-11.625831,-12.36488,-14.281292,2.9312415,0.35533947,-11.827583,-3.8605437,-4.080741,0.938849
-284.43823,307.11615,-37.60772,0.6133753,24.851149,-32.247448,-7.9641304,2.8374496,1.9703317,16.493515,0.0011698417,-8.736779,-11.843878,-18.416485,0.78955126,2.8181698,-11.805082,-5.8604035,-1.9105017,2.0737143
-282.3734,316.44727,-24.504044,3.414082,20.900223,-36.026306,-15.28291,-1.4707967,2.7441168,11.809534,-4.7178173,-9.8990555,-15.030979,-15.1158495,6.9385996,-0.65946746,-14.023315,-2.1777453,-1.8122497,-0.6870235
-281.9849,318.61603,-22.986458,2.0526347,24.580643,-28.73835,-17.529238,-9.057663,0.86426616,13.783266,-3.8101768,-13.496323,-15.87409,-7.840437,7.25519,-4.796652,-6.853847,3.2254057,-6.1803455,-3.3589
-290.58243,312.61743,-24.760818,-1.9894092,28.467377,-15.187859,-12.010441,-16.98706,-3.8904212,17.47453,-5.316636,-16.182123,-7.211341,-2.0342548,1.6189072,-5.440425,-0.21783441,7.9487467,-3.8244088,-4.6557083
-305.4451,293.59106,-36.376137,-5.543473,35.39115,4.076417,-5.574581,-34.545147,-10.905512,28.107227,-2.987286,-17.169174,-3.0882478,-1.3088355,2.503284,-3.8629587,-0.40197247,10.705116,-3.5174088,-3.0582623
-317.11978,272.58313,-57.19786,-16.621693,28.474783,-0.935206,-7.863241,-40.05257,-12.756414,38.39517,11.14039,-5.695349,-0.057921857,-7.6271453,-0.28578535,-7.3700733,-9.742035,13.330196,3.810887,-9.190001
-317.59,263.9334,-74.17816,-27.535353,23.136532,-9.538143,-11.172231,-30.887383,-7.835835,28.373943,1.8958149,-5.1049595,-2.9150064,-15.57872,2.3149886,-1.2921889,-19.452215,1.6978772,7.618955,-4.3140154
-302.0522,285.19064,-57.979683,-15.0825615,31.311792,-13.235382,-10.190937,-12.32358,3.3802025,23.977018,-0.3224248,-6.311013,-7.6569753,-17.35773,6.1914234,6.719391,-17.212688,-7.080739,1.6111145,-2.347385
-293.04456,303.33594,-39.043247,-7.7385836,26.450363,-24.502966,-10.21159,3.4862232,7.646408,14.155183,0.15659249,-3.8098521,-14.596518,-20.999384,3.118752,1.5341228,-13.901758,-4.7405834,-1.0320383,2.2655528
-285.90344,314.6194,-25.018688,0.43645665,20.170078,-34.108826,-14.075817,0.10618919,4.039479,11.167988,-4.5216084,-7.4098277,-13.759608,-16.392302,6.2491345,-0.879759,-14.864426,-0.65633726,0.045661807,-1.721035
-282.74136,317.2746,-23.271795,2.2232664,21.534184,-30.560776,-15.775167,-11.771555,-0.3323694,18.730911,-6.265101,-16.193985,-11.275082,-12.360738,2.7646756,0.9439814,-9.312315,-1.0039539,-2.547432,-5.7629356
-290.19473,314.76816,-21.694458,-1.3623167,25.027332,-19.325161,-12.45063,-17.855968,-4.0176973,21.155626,-7.5054793,-19.282497,-3.3332012,-5.102692,-3.1287084,-1.0917319,-1.6069021,4.0985575,-1.5748268,-7.3838105
-302.5669,301.4255,-33.228302,-7.696134,38.278305,-0.9587358,-11.521435,-26.617504,-9.146475,22.59876,-1.774858,-18.477324,-6.2954264,-1.7908522,1.218615,-1.0597093,0.54482996,6.3755975,-1.724065,-2.7971053
-317.3127,285.27985,-48.55178,-19.140835,40.953186,-0.07558182,-16.283432,-27.994774,-14.008183,25.91563,17.067734,-9.986299,-8.73826,2.0404913,0.084680766,-10.552336,-1.4462284,9.638626,-1.8503493,-2.1253524
-323.78815,267.39343,-71.8191,-29.652596,35.528976,-11.021555,-17.449444,-18.695164,-11.556726,24.899912,20.740326,-6.1977615,-10.2241955,-4.525073,-3.0453029,-10.835016,-8.540604,3.9824076,0.78178775,-0.45665348
-308.85403,281.00623,-63.128212,-18.809532,36.89792,-17.615652,-15.533495,-9.125876,-7.3994875,17.050083,8.103836,-10.640848,-10.033838,-6.4939356,3.7680519,2.0980644,-10.400225,-8.294545,-3.5826783,1.4140922
-298.8847,298.39618,-44.342964,-10.461957,31.568325,-24.007267,-9.007543,8.4495735,3.635404,15.272329,6.9798183,-8.846478,-15.308311,-16.640049,-3.2001529,0.7595184,-9.885633,-9.472073,-0.9068558,6.605687
-291.27554,313.8188,-26.208279,-2.8846397,25.125032,-34.65513,-14.034159,8.428221,0.752264,9.794177,3.703703,-11.765831,-14.59887,-10.066438,-1.3866439,-2.4559455,-8.687965,-5.656848,1.1753317,3.0596733
-286.6157,319.80768,-22.497581,-2.3739538,26.312366,-31.6306,-18.886936,-4.2251034,-2.8114212,15.66564,1.7740673,-19.860397,-14.806204,-6.1568527,-2.5092683,-2.7932038,-3.5601068,-3.7353442,-4.7813697,-2.4811792
-292.3294,319.08392,-17.75593,-4.4978356,26.24836,-21.111624,-15.580657,-13.574079,-5.201927,19.51046,-1.9575475,-22.414309,-8.028203,-1.1192056,-5.5148525,-5.470238,2.2046795,3.5313053,-6.3681254,-5.9649944
-297.88403,307.9654,-30.018337,-6.379893,37.972553,-7.0614023,-12.64995,-21.496435,-10.294294,22.108677,0.6820285,-21.253902,-7.6933026,-1.1936741,-0.4869043,-1.1101829,0.16093022,5.742153,-2.093943,-6.3463354
-311.64023,289.70358,-43.33461,-10.934519,42.729202,1.2570946,-11.756414,-29.53798,-14.789219,27.301418,9.35171,-14.229289,-4.6034336,-1.6568507,-0.5433743,-2.269785,-3.9595816,6.082508,3.401276,-4.4129887
-326.48264,265.26746,-68.40117,-26.461845,34.656944,-7.819528,-17.568073,-25.561758,-9.089784,31.03621,20.84511,-0.2773322,-3.5309563,-8.042801,-3.4222326,-4.9071655,-8.485334,4.7756014,6.4319286,-4.726818
-320.6823,272.654,-66.710495,-29.017223,32.51323,-14.359741,-20.791862,-15.478428,-5.414343,15.263744,5.734288,-4.7339354,-7.7580194,-8.88817,6.4158916,3.095008,-13.249292,-5.5097713,0.9115701,-0.19023421
-311.0884,296.18317,-41.27551,-21.394335,31.827908,-14.361855,-16.218521,2.1931374,10.080203,12.422773,2.6897464,-0.26019233,-13.603758,-20.164343,5.317705,4.097574,-15.563272,-5.3829775,0.6580907,-0.15995282
-304.1269,313.4788,-20.03304,-14.207891,24.257204,-23.112328,-17.516178,4.9622355,9.914357,9.084864,-1.8554014,-3.473535,-12.183622,-18.602592,2.6197848,1.1667467,-16.2478,-2.5999408,5.772149,-2.3493516
-295.6583,322.47366,-14.417721,-12.261793,23.680077,-20.72365,-22.019955,-9.817856,6.047278,15.978691,-5.354958,-12.264947,-11.092934,-14.98817,0.52786684,1.7253038,-11.069727,-1.9562552,1.4817965,-7.70364
-300.33517,324.74414,-6.5893536,-14.805389,21.919104,-10.762114,-19.80003,-20.921453,2.9756014,20.741016,-8.818447,-17.122612,-5.8066626,-9.67963,-3.1107697,-0.60355717,-5.5614595,3.002153,0.51999295,-11.671635
-300.37943,315.7237,-18.493324,-11.979584,31.97398,-2.4454217,-14.851818,-25.532228,-4.7111254,22.496365,-3.9714985,-18.443436,-7.031792,-4.686632,1.0187364,-1.9700075,-3.7057457,7.993011,-0.7961836,-10.50212
-309.79913,294.97638,-35.086037,-7.6434107,42.177883,4.9932823,-10.157079,-31.130888,-12.909589,25.12304,4.133796,-16.1198,-8.966785,-2.5191855,3.839492,-3.772622,-3.3598056,10.103233,0.27959192,-4.343201
-319.9698,275.02826,-56.987053,-17.370401,39.412804,-3.8017015,-17.58714,-28.425877,-10.007872,27.697308,18.3511,-0.8149394,-8.888952,-9.051696,-0.4596547,-8.214646,-6.028158,10.14584,2.4346452,-3.2574553
-325.1658,263.4268,-73.11847,-30.424889,27.713634,-17.179388,-20.844128,-19.516926,-7.67111,17.377308,7.7789516,-5.240627,-10.843519,-10.266247,3.412476,-2.273296,-10.476944,-1.9297166,-1.1533499,3.774968
-308.64667,285.03363,-51.667576,-13.605305,28.488739,-20.638865,-9.622995,-2.6916943,-0.2778045,16.33556,5.0065503,-4.7258854,-11.194954,-14.375902,5.23758,3.1453722,-11.835924,-5.128803,-4.0766335,0.83925825
-301.5252,301.99304,-30.838856,-5.481217,21.038353,-28.950956,-4.3813,7.2012825,1.3984823,15.703262,3.2632098,-8.862846,-11.515488,-16.388943,-1.636157,-1.5085804,-14.101379,-2.248333,2.6329618,-0.22492123
-293.6755,317.06448,-20.164877,-6.511713,21.943218,-27.078815,-13.160799,-5.409703,-2.0313034,19.86601,0.9717122,-17.858667,-10.952439,-9.605169,-2.9387112,-3.108824,-8.237312,0.8010833,-2.1978405,-6.6636
-297.6757,322.5076,-10.602416,-9.721615,21.946726,-19.515032,-15.527413,-15.001551,-6.172475,22.011086,2.1565003,-23.65313,-13.087551,-1.6248384,-3.246974,-10.364275,-1.3784683,8.907085,-9.240032,-12.627916
-304.6951,320.41483,-9.104122,-14.681492,25.641365,-3.8908048,-11.037802,-25.632725,-11.193594,27.985146,3.6218143,-29.085327,-10.118568,7.1769123,-4.2283936,-13.266509,4.8606005,12.631604,-11.952068,-10.417917
-309.68472,301.9702,-27.70174,-8.906935,40.979156,3.9776874,-9.198996,-27.731728,-15.544969,24.504404,7.27319,-21.79243,-13.1296835,2.0277796,3.6521769,-6.4850984,-1.2521938,10.49026,-1.4158264,-4.263583
-314.39667,283.63965,-49.80078,-12.461386,43.020462,-2.4884706,-15.105808,-26.386724,-12.5078745,25.853607,16.161564,-5.3805113,-9.061263,-7.129401,0.54318607,-5.400206,-5.741543,8.975477,3.8624187,-3.539482
-329.1698,262.41074,-72.07099,-31.548515,30.4719,-13.52545,-20.525143,-18.10657,-4.1566787,22.172333,13.644407,-0.055046238,-8.067547,-11.473955,1.7843264,-1.3120643,-9.787028,0.8729411,2.7775784,1.2667749
-321.63983,280.30267,-52.730804,-24.613087,29.373814,-17.027561,-18.595963,-7.964201,-1.5539479,12.214817,4.4466133,-2.9190054,-9.099739,-12.400148,6.7296486,7.4315605,-10.966815,-8.221426,-1.790636,1.0301191
-314.41232,299.3009,-29.64534,-16.9394,22.466354,-21.733534,-7.8693285,8.454624,4.370843,12.779549,4.8137016,-5.311679,-12.007763,-18.46685,-2.1393387,1.3564248,-14.60034,-5.2852826,5.9066706,1.7009367
-304.44196,317.3261,-15.48347,-16.480274,21.713963,-20.206097,-16.38896,-3.890037,3.3829975,16.512497,0.15904939,-12.54568,-10.801537,-12.602821,-1.2274201,-1.577811,-12.279318,1.0626231,3.7071652,-8.171024
-304.3807,323.19614,-5.7723494,-16.411575,19.764877,-13.326252,-20.283417,-20.029766,2.2720275,22.559,-5.6015186,-17.624619,-9.424732,-12.221113,-1.6284585,-2.113406,-9.175644,6.354148,-1.2559398,-17.8171
-305.59024,321.71613,-6.6926174,-16.233723,24.379211,-4.287007,-17.473923,-27.331844,-2.8320904,24.896313,-4.59342,-20.313501,-8.232301,-6.729497,-0.30571645,-4.379057,-6.6433783,11.435635,-1.0657403,-19.654041
-310.6905,308.9612,-19.488667,-13.463459,37.120243,5.0303793,-13.20547,-30.381691,-11.7032795,24.546804,3.345418,-20.390064,-12.822201,-3.3409982,5.392947,-2.8785748,-7.1636667,11.158646,3.2032285,-13.274767
-315.9258,292.01855,-39.6762,-14.681349,45.70996,3.8253682,-17.743292,-28.011797,-10.656637,21.505156,9.603327,-6.2765093,-9.551837,-10.375301,3.456245,-0.6988449,-8.965888,9.488405,8.554981,-6.458105
-330.11353,270.3111,-62.51186,-29.887829,38.254967,-7.2678156,-23.65843,-17.814318,-2.629291,21.294228,17.620113,4.285625,-9.173964,-13.251339,1.714358,-2.7829437,-10.091877,5.590561,3.507729,-4.195593
-329.66406,272.71063,-59.004353,-30.232918,29.68459,-18.602976,-22.80167,-9.179756,-5.8446803,8.983613,7.673435,-3.3552089,-11.062429,-8.83071,7.910017,5.1188393,-9.753445,-5.7746916,-2.5328987,1.300092
-318.47275,295.08667,-32.32905,-18.898777,22.451065,-21.252724,-7.653814,8.24957,0.80037737,10.926304,8.754375,-4.6624675,-12.300343,-13.03007,-0.9492465,1.1747367,-9.185352,-7.047157,1.401489,5.6852827
-308.27655,313.50653,-16.551472,-16.67667,20.807957,-19.879911,-11.699017,1.0301789,2.5731227,16.83317,4.530825,-13.617638,-11.170971,-7.512986,-4.6192164,-5.3042097,-6.958228,-1.794732,1.0818446,0.57083523
-303.01962,322.38232,-8.723745,-14.715504,22.142166,-16.894722,-18.811638,-12.967554,0.5327482,21.607197,0.33938733,-19.992754,-10.49519,-5.3158674,-6.223884,-6.068068,-0.47001144,2.5874643,-7.909644,-7.354996
-301.83652,322.2779,-10.820093,-12.846176,29.409708,-13.280888,-22.231445,-17.697155,-3.2990558,19.777298,0.9087161,-21.26,-11.931312,-2.6226096,-4.8698606,-7.792956,1.8735483,6.5102167,-9.714219,-10.474085
-305.03754,314.27197,-20.661877,-12.219927,41.045204,-3.2671366,-18.105095,-21.776466,-12.919996,20.90089,9.007532,-23.433796,-15.408684,2.261566,0.11922527,-5.774439,1.2897996,6.0341415,-5.4272275,-6.2934747
-313.9242,297.62946,-36.408314,-11.679976,51.837986,0.9590131,-16.765995,-20.329317,-17.337597,18.589378,14.518734,-16.46038,-12.381045,-1.6928668,-1.1870115,-0.12511116,-1.4551747,3.7448025,6.782641,-1.5973529
-325.643,278.07245,-53.73696,-20.409384,45.178905,-6.409506,-22.362154,-19.69608,-9.433049,24.185963,20.92858,-0.8593453,-6.0966067,-12.203625,-6.074394,1.9889494,-4.7091923,2.2321925,9.117733,-3.480401
-330.67093,266.17377,-62.510735,-26.99494,26.9538,-17.61905,-17.323082,-12.458272,-4.8795624,17.152817,8.551031,-2.6517353,-7.804435,-12.371166,4.111128,5.5216513,-11.002754,-6.7168446,-0.9257437,0.6028334
-321.29547,286.02496,-37.54943,-17.85056,17.434715,-20.545296,-4.8045573,0.27075237,-1.9071336,12.060152,4.647636,-1.9367964,-9.382864,-15.108923,3.2416453,3.26545,-11.698818,-5.346757,-0.3523762,2.4584432
-314.0667,306.28363,-18.207397,-17.830994,16.280064,-16.60004,-6.6253314,0.30413654,5.3137774,17.398438,1.8788867,-9.740623,-11.150161,-11.329807,-2.2923467,-7.635596,-11.539989,1.6656684,1.5680264,-0.92776686
-306.0506,320.8722,-9.415432,-17.21694,21.631414,-16.299286,-17.22543,-9.752377,0.7546536,20.422607,1.5417894,-19.201584,-10.192744,-4.779139,-7.141077,-7.1648626,-1.4723603,1.9079177,-6.4792275,-6.155078
-303.84995,322.1073,-8.842379,-11.642602,29.194992,-15.886129,-23.661812,-16.380707,-1.5459174,21.670565,-0.048030913,-22.2991,-9.503591,-5.5430326,-8.492587,-3.1377614,1.0880884,1.8080314,-6.3222513,-11.964767
-305.12216,318.5727,-15.083567,-13.517816,39.041626,-2.4335628,-21.272907,-24.415693,-6.7984343,23.565073,2.6819286,-21.21075,-10.104418,-5.7290235,-2.1617527,2.192129,-3.5183172,0.8941826,0.77787733,-9.240967
-316.14676,304.6183,-26.624453,-15.283742,52.087746,8.625852,-20.1011,-22.984798,-9.532461,15.599084,5.9068975,-11.943547,-12.533552,-9.881468,3.7394106,4.4739475,-8.523067,4.9427,11.786933,-5.97272
-326.02036,289.67017,-40.259712,-23.167408,49.380936,4.3564663,-27.121803,-21.304123,-2.8604853,16.087254,14.858745,4.7812877,-11.585314,-16.842539,1.2185323,0.8223462,-7.658889,8.046959,10.128521,-5.2491035
-342.462,263.79413,-61.533813,-39.447197,26.499832,-11.6278,-24.868208,-13.486786,1.974272,15.392105,11.504621,5.0809584,-10.712178,-15.269058,5.574293,2.6921945,-10.327751,-1.7386609,0.21031186,0.99714535
-334.6716,281.3316,-37.31506,-29.080803,16.826542,-15.5595665,-13.577964,-6.4989567,-1.1567739,8.116577,2.327185,1.8312107,-7.792517,-14.644712,7.372563,7.2291565,-11.574723,-7.2097263,-1.4409363,2.106562
-325.43018,301.25525,-16.493877,-24.314167,13.452538,-11.841219,-6.294789,-1.0372937,8.7386675,18.645103,-1.126579,-7.9334593,-7.5012493,-14.348404,-3.1100802,-3.821487,-14.451969,-1.3283515,6.2229214,0.25629336
-311.76614,317.8146,-8.513418,-20.440697,18.404291,-14.002691,-14.566639,-9.266167,2.4763036,21.813053,1.0773568,-18.486462,-9.309542,-5.0487013,-6.560001,-8.1023035,-3.6789002,2.8977914,-5.551294,-6.230881
-308.02878,322.0791,-6.4252462,-14.153196,27.7755,-17.16684,-25.004635,-12.918546,-0.8529953,19.653389,3.3856573,-22.850868,-14.060253,-1.4966071,-7.3698063,-10.009985,3.687708,5.705598,-13.261761,-11.657663
-303.35046,319.64005,-14.606581,-11.911048,37.79381,-7.9163866,-23.131603,-20.55412,-7.250514,20.930912,6.969084,-21.627258,-17.007727,-2.1865988,-0.12096411,-6.0686917,-0.17068748,5.6222534,-9.05978,-8.629852
-308.74506,306.55798,-26.011383,-8.322962,48.758568,1.9352033,-17.657711,-22.943394,-12.766219,17.13295,7.675435,-14.743502,-15.177314,-6.9923534,4.2959156,-0.35770008,-6.466749,5.8540373,3.3658905,-4.408847
-315.97723,292.5722,-39.645706,-12.143622,49.43284,0.19544488,-18.421192,-20.653257,-11.059702,17.650925,12.932992,-3.9521751,-10.779463,-13.590069,-0.594156,1.2365751,-5.693426,7.3981752,8.050334,-3.842909
-333.5959,270.78693,-55.92272,-26.447765,34.277004,-11.160562,-18.03675,-11.208787,-4.479501,19.753517,17.47702,1.151681,-9.495796,-14.432674,-1.7082068,0.98233557,-8.320009,-1.6822817,1.0854616,-2.05167
-342.52777,269.15973,-48.18897,-32.118015,15.648491,-22.6011,-16.72079,-8.603489,-10.397254,7.0651712,6.7282066,-2.9689846,-7.7848315,-8.365672,7.055542,9.332072,-5.9806366,-6.0273056,0.25168657,5.08888
-330.30093,294.86285,-20.666706,-23.750637,13.011907,-17.063282,-5.410757,1.0572656,1.7342939,17.963764,4.2560873,-10.843906,-6.4671135,-7.086237,-2.368908,-2.514711,-10.369253,-1.0239999,6.4619374,0.70752233
-316.98438,313.49158,-9.908075,-22.216434,16.90699,-13.410454,-10.914677,-7.187637,1.9792571,24.961926,2.9909115,-20.467133,-6.3925343,-2.9782386,-9.634176,-6.4868507,-2.6949034,-0.2713048,-2.46392,-2.9776852
-308.73553,319.57117,-6.376093,-12.845741,22.748436,-17.986036,-19.012222,-14.501028,-2.0404148,25.769531,1.2945267,-26.226994,-7.0192547,-0.9375644,-12.270201,-5.973963,4.1991596,1.2259194,-9.1691265,-9.29627
-301.88965,318.45447,-14.792255,-9.257219,33.250298,-12.9650135,-20.923073,-21.650211,-9.278039,24.76234,5.426606,-25.648476,-13.2378025,-2.8251336,-5.0766077,-2.6448216,0.073508166,0.31581944,-6.228964,-8.437191
-305.80576,309.42145,-23.460064,-6.5727262,45.094856,-3.147191,-18.53865,-23.985699,-13.905917,19.438313,7.397271,-17.822111,-14.740803,-7.0998464,3.1224294,1.7988296,-7.1033306,2.7149925,3.4689853,-6.8071885
-317.01205,298.11853,-32.651714,-13.413303,50.56816,3.868995,-19.757519,-22.008764,-10.744797,14.886313,7.6501436,-6.965682,-10.813003,-14.432589,0.64193714,5.373659,-6.7178316,5.772046,11.397992,-4.2001166
-335.07053,282.01917,-41.30294,-25.84721,40.49512,-2.7022662,-23.92511,-17.737068,-4.0277915,17.925491,14.545747,3.4333067,-7.3409386,-19.375853,-3.4802601,6.5066376,-7.8018904,0.8080602,10.245394,-3.6635585
-354.58792,272.33978,-40.923695,-43.009567,20.811623,-11.837997,-23.324257,-7.4824734,-1.9755528,6.8928537,8.757486,2.007664,-9.08403,-13.554764,4.917083,9.040989,-11.643843,-9.188217,2.9235835,-0.32641
-347.76694,295.90756,-14.21913,-40.35769,15.683789,-8.806017,-17.667233,0.6219183,5.9935017,8.927637,4.259385,-5.8720617,-8.989188,-6.2751102,1.0852993,-2.0228236,-11.844897,-1.884586,7.6864915,-1.8077972
-330.64502,313.2992,-5.53456,-34.736977,18.702036,-5.0346155,-15.275466,-3.6067386,8.143734,21.397842,3.978852,-18.030392,-8.599115,-2.7214365,-10.085232,-9.102334,-3.827185,-0.25220302,-1.1708242,-2.034297
-319.77414,323.3498,1.4742215,-25.13488,22.63239,-9.137724,-22.934025,-13.281404,4.138799,24.260021,0.8827369,-25.089735,-6.618671,1.0956397,-13.645981,-8.075836,5.219654,0.81224394,-9.759374,-7.392661
-311.43143,324.2658,-6.432911,-20.16716,35.69358,-8.235252,-30.762886,-18.239641,-1.3836939,19.824802,5.2634115,-22.516861,-15.580889,-3.9503264,-5.300087,-2.4548955,-0.31591418,-2.4779465,-5.645143,-7.760763
-311.7849,318.05334,-14.798837,-16.408382,47.770912,-0.95765454,-29.022564,-19.720108,-8.269966,14.363822,10.517418,-16.39023,-19.776237,-5.5348163,3.0666296,-0.5391321,-5.4419484,0.5866394,0.4498703,-6.429628
-318.9008,303.5945,-27.180292,-14.803836,56.295883,6.152545,-23.39024,-17.010891,-10.454091,8.885307,10.034328,-8.990854,-17.237186,-10.381125,2.6842394,1.6025159,-4.3293486,6.927389,7.7454867,-3.292266
-330.90155,287.72998,-35.44249,-17.77063,47.964592,-1.3885696,-24.061499,-17.024187,-7.8839135,16.088745,18.588402,2.3157907,-11.135938,-17.489902,-4.1539865,3.027056,-3.7947788,5.961191,8.726823,-4.7094584
-353.7601,266.65784,-45.02941,-37.465862,20.65815,-12.684471,-17.934433,-8.027723,-1.507916,15.730288,12.564396,1.6056224,-6.9019694,-14.654507,1.8256168,9.034623,-10.164614,-7.8613615,2.8716083,-0.4865992
-349.11224,283.76843,-23.146149,-35.53518,9.530983,-15.015394,-13.59247,-7.31021,-2.4425159,12.439626,0.8932101,-9.355303,-3.2399664,-5.961049,0.1320018,3.0065317,-11.499238,-5.3123965,7.384331,-2.0227325
-333.5758,304.72458,-11.114869,-32.629654,15.180028,-7.6137967,-9.539654,-3.3189473,5.0941367,24.69572,4.9749093,-20.953442,-6.8781056,-0.47974962,-12.380646,-9.989433,-2.9336028,-2.544615,-1.2146933,1.6799747
-319.8027,319.43604,-5.12829,-24.80742,25.08419,-13.812161,-22.172745,-4.6624427,2.5122116,20.421352,7.028982,-24.943884,-11.280767,5.057426,-12.552642,-12.728785,5.2326984,0.5448327,-10.282919,-4.1539626
-308.24237,321.48358,-10.873323,-15.35951,35.474625,-15.584677,-28.63168,-12.420622,-3.116027,19.432331,8.042726,-24.121922,-16.979794,-1.6983224,-5.4856453,-5.1185594,-0.5498295,-1.5014646,-6.8950043,-8.731329
-306.83853,318.29578,-16.110329,-12.052338,44.99029,-6.738312,-26.425476,-18.689865,-9.965439,17.583385,10.663147,-19.589588,-18.106314,-5.567225,-0.18327877,0.48452467,-5.0433664,-1.8178053,0.9419967,-7.1025305
-314.66898,306.36356,-23.894783,-9.730251,53.88452,3.1116948,-20.735409,-19.241661,-13.5035305,13.246971,9.661684,-13.923638,-14.28745,-8.7403,-1.3002392,4.1648483,-3.5022838,-0.46134013,8.399368,0.24798879
-326.21408,293.99997,-30.08327,-13.805727,49.80934,-0.16690934,-21.236404,-16.306519,-10.951111,15.006695,16.740845,-4.1205115,-12.277153,-14.344081,-5.9621124,4.420537,0.09036358,2.5328312,9.513532,0.27737212
-349.56683,274.5294,-37.04319,-31.041348,27.967476,-8.5636015,-17.616463,-6.5247283,-1.2481046,16.154455,16.354637,0.48298496,-11.584812,-14.707574,-0.49383125,5.148886,-7.322092,-6.2040753,1.3805143,0.42551443
-362.33142,273.47687,-29.853735,-45.57433,8.508501,-15.8423195,-22.093506,-8.821531,-4.140071,3.997543,3.260982,-5.100789,-9.356933,-3.0096664,8.565168,0.6061515,-10.511687,-0.5612626,2.9901867,-1.7813097
-345.53577,302.26184,-8.244886,-42.705826,14.314253,-2.1122599,-16.790127,-4.7803497,10.770266,17.926998,2.557125,-12.5320215,-9.227474,-1.9121118,-1.5139817,-9.5526905,-8.457451,4.4510593,1.2818009,-5.2342863
-333.2813,320.17618,2.3228567,-39.141144,22.536257,-0.53636587,-27.791576,-8.51075,15.62781,17.792562,-0.82156134,-14.647825,-10.312824,-3.869922,-5.126422,-9.330071,-5.376829,4.040766,-2.1832175,-11.219743
-317.67938,324.3861,-2.2536898,-26.060377,32.393517,-6.2077026,-34.951027,-14.697072,9.283539,15.100118,1.1954697,-14.548096,-17.865032,-7.166015,1.6784711,-6.166317,-6.85949,3.7797627,-4.7796125,-13.821104
-309.93118,321.7612,-9.999417,-18.692791,40.446434,-1.7447608,-31.181679,-21.797459,-1.2548617,13.731127,5.2211714,-11.968927,-21.471964,-9.821557,7.202535,-4.5415754,-10.44356,5.940667,-1.5840132,-12.843464
-316.1265,311.55093,-15.739752,-12.682485,50.97743,6.164641,-26.633396,-23.938545,-7.522519,11.1052685,6.8692684,-7.922773,-18.714909,-11.810917,7.099228,-0.43201017,-9.514798,6.1131783,3.6486425,-6.7078795
-328.16006,301.06238,-20.137804,-17.282516,49.81505,8.265343,-23.548223,-20.250782,-6.1960425,11.122393,8.884943,-2.9081793,-14.753632,-17.186531,0.34347725,4.5639486,-3.7689245,6.377846,9.530705,-2.0979214
-349.53876,286.727,-22.197695,-30.356953,33.669952,0.39015895,-22.184023,-12.3792,-1.376417,14.054421,14.811818,1.1729338,-11.574015,-16.177858,-2.7854042,6.241518,-4.3943653,-4.662348,5.956803,2.6913352
-367.90082,271.04483,-28.765684,-46.564896,10.082492,-12.727264,-19.915104,-7.537346,-4.105791,8.282278,8.2071295,-6.64785,-8.190189,-0.858361,3.7874808,1.5607538,-6.4922647,-5.755682,2.4859548,3.5265207
-351.0128,294.24652,-13.090487,-42.92174,11.333105,-7.6414995,-16.256111,-4.4842033,3.5612261,16.152945,6.5781975,-16.722292,-10.0280285,7.0921693,-1.6724902,-12.418554,-2.0108037,3.913032,-3.0402145,-0.2608148
-336.76047,312.10464,-3.2150507,-38.021408,19.320702,-3.7044084,-20.21899,-3.4757595,10.457441,20.388836,7.7980385,-20.788145,-15.337772,6.9784126,-7.442078,-20.788116,2.842016,6.920116,-12.463393,-2.9554827
-322.25174,322.13086,-1.22361,-28.235395,28.588923,-7.247738,-30.990757,-10.617401,7.6457376,16.524548,6.274911,-19.027794,-19.589943,2.1562448,-1.3001462,-14.044546,0.52322835,4.8798327,-11.435648,-7.7501044
-310.93256,321.42834,-9.302185,-20.333652,35.119614,-4.600782,-27.489082,-20.410664,-4.442868,16.947317,8.062821,-18.882381,-21.091316,-2.626935,1.7162709,-9.081433,-4.9855576,3.273589,-5.1432858,-8.741515
-312.31555,312.57187,-16.516678,-10.576725,47.507893,-0.04435812,-24.91145,-23.173538,-11.092819,15.281383,9.50416,-15.141108,-17.919415,-6.4210663,1.6208686,-2.010169,-4.5895376,1.3605491,-0.9310634,-4.464372
-323.8798,301.3688,-21.44398,-11.693975,51.132736,4.9402018,-18.975296,-18.154568,-12.285555,12.338716,9.820211,-11.942153,-15.526841,-11.601639,-2.878519,3.8328753,0.5350627,4.192116,7.3523564,0.12644994
-343.27026,289.55487,-19.415726,-19.95657,37.563335,-0.7992587,-18.538277,-15.606987,-9.105694,17.288147,17.350376,-3.7607212,-10.658571,-14.83161,-7.847767,5.749551,-0.17306235,-2.1072726,7.8681746,2.635818
-368.15524,269.94684,-26.02578,-41.38858,9.912628,-9.694933,-12.455332,-8.118933,-3.051679,18.33668,11.280682,-8.199455,-5.157241,-4.6208076,-2.7444422,4.3828444,-6.695057,-11.660048,3.5706935,4.7701483
-359.30087,285.92938,-15.651072,-45.37588,6.427296,-9.515999,-17.729675,-10.906758,0.46080697,16.535378,1.1410244,-18.105793,-3.5233493,6.10129,-3.2046561,-5.019444,-3.1220415,-3.0869532,1.7616184,2.1278002
-342.06577,306.18658,-5.2242317,-39.296745,16.17067,-2.7134457,-16.75211,-4.738765,11.497425,23.577919,4.112114,-20.14465,-9.934987,1.9083883,-8.241558,-12.864401,-3.479042,1.2184225,-2.1016512,-2.7729537
-331.45087,321.19177,6.104637,-33.26612,21.309484,-1.9587117,-25.755283,-13.821888,10.080139,22.659988,2.0688019,-20.371773,-13.556753,-0.42991906,-1.8992372,-10.5535,-6.5682983,6.0891733,-2.8324456,-15.626654
-320.97012,327.8366,0.5652375,-34.22911,33.96831,5.370081,-34.7741,-22.424168,7.276918,15.282276,-0.9738289,-12.633317,-15.116388,-11.201908,2.258463,-1.4881437,-13.243156,1.1206198,4.167508,-14.888135
-322.27188,323.56723,-4.038278,-29.012306,47.543755,12.025248,-37.924793,-26.230381,3.5940428,10.589306,-0.79463,-6.9863462,-13.613552,-16.367939,2.2074614,5.6366158,-12.111933,-2.817592,7.0176897,-9.323938
-330.87018,311.5512,-9.665546,-23.668148,54.336197,15.443647,-30.984116,-20.942514,-1.2943861,6.5729218,2.864255,-5.7117424,-15.517069,-16.75933,0.64124274,7.310831,-4.318781,1.2889376,9.189117,-1.9493178
-345.50952,298.01544,-9.615523,-22.710112,44.597603,8.405074,-26.398537,-18.719667,-3.836722,11.654462,13.551549,1.1752998,-13.803753,-19.858334,-4.5856123,6.5177436,-1.0824058,2.9329443,10.321745,-0.3516258
-366.25235,278.46057,-15.386207,-35.992607,18.143055,-2.7115984,-14.7493305,-7.3921623,1.2159846,15.71657,13.247081,-2.1974578,-12.743902,-11.505172,2.8326244,3.269225,-9.636528,-4.530771,2.9996073,-0.41144577
-369.15497,274.46063,-22.236076,-48.41493,4.33506,-13.470367,-22.336702,-11.595374,-0.898282,10.403084,1.3410304,-12.60614,-5.790608,7.2444487,6.3336945,-6.288859,-6.3621435,4.8612614,0.7017556,-3.4100823
-347.0628,300.8794,-8.991191,-41.20603,16.389668,-5.9107304,-20.03563,-2.357913,10.230143,18.170408,6.6112337,-16.191006,-12.100279,5.017213,-1.5246948,-13.692934,-3.1243181,5.4777427,-4.187499,-3.6563606
-333.9967,316.10187,0.8954229,-32.261623,23.502964,-7.241049,-25.52655,-3.9547057,10.409506,18.449907,7.5711203,-18.375956,-17.036644,2.5458984,-1.4985132,-14.309156,-3.709025,6.190145,-6.3377,-9.919589
-314.15952,323.39984,-8.755501,-25.80949,35.955772,-6.776819,-30.588942,-11.385943,1.5832889,13.934088,7.7046595,-16.276287,-18.544765,-3.0611753,0.084398694,-7.5730143,-5.6607914,1.0210518,-4.4786024,-7.2506247
-309.5536,320.1655,-15.056294,-17.74776,46.659447,-3.2544842,-30.880325,-17.522064,-5.8185616,11.786718,7.2224493,-14.358078,-16.039688,-7.4001284,-2.1945848,-1.2829684,-4.405751,-3.460135,-2.4808855,-3.205074
-320.63614,310.97058,-14.541273,-13.031824,54.22685,5.0078626,-27.45895,-19.20956,-8.394579,10.229496,7.328676,-11.495689,-14.095307,-10.707745,-3.6599486,4.9019766,-0.2885084,-4.0327673,2.360486,3.2609775
-339.50482,301.85162,-9.100115,-18.820496,47.111145,8.120059,-23.50627,-17.094242,-6.1652784,11.701763,10.750184,-6.090837,-12.85017,-16.316547,-7.858902,8.847862,3.9906409,-2.1078036,8.917046,6.1633625
-361.21143,286.71832,-7.54558,-28.658564,24.733482,-1.7614237,-15.426669,-7.951927,-3.5513263,15.269438,16.94955,-4.8108015,-14.193313,-11.1767235,-1.7003334,6.044054,-3.1698716,-7.221487,5.184746,5.7999887
-375.24252,270.5652,-22.022469,-47.680283,6.2115755,-13.164027,-19.594624,-7.7331514,-3.3780212,11.683359,6.601193,-15.805356,-6.3765316,11.094186,0.96622115,-9.087324,-3.5649357,-0.9152718,-2.6132479,0.08023849
-354.70663,294.77786,-12.396547,-45.730576,14.90263,-8.060093,-23.002804,-2.7077494,7.051443,14.551832,6.6591706,-17.535532,-11.29584,8.752306,-2.5805562,-13.818111,0.13918138,3.3718457,-6.5604906,-1.1403807
-339.94955,310.461,-3.4727137,-35.48775,24.778322,-8.482782,-27.274296,2.4001126,14.121627,14.551853,8.218925,-14.911139,-18.363405,0.2811885,-2.1381552,-14.351309,-4.6760225,3.90253,-5.2844143,-7.0939245
-319.67474,322.05298,-7.1187963,-29.68588,34.464237,-6.2306833,-32.768867,-8.304983,6.5794687,11.406237,6.9443383,-12.191866,-20.162792,-6.0126476,2.834111,-6.6237187,-8.768049,0.48129702,-2.4337692,-7.3767567
-312.3225,322.5943,-12.181911,-23.700325,44.648674,-1.8740886,-35.266525,-15.57848,0.3799784,7.1787734,5.4032087,-8.549702,-19.90426,-11.065161,3.3106513,-3.1920114,-9.070591,-0.22264858,-2.9068904,-6.4008265
-321.30997,315.4115,-10.401196,-17.05954,54.04048,6.367045,-33.834282,-19.187305,-3.1239529,5.169673,6.3871293,-4.8088784,-18.76882,-13.415834,3.8190699,1.2631853,-6.4384785,-0.13195974,-0.71812916,-1.7303624
-338.6565,307.58063,-5.489016,-22.465235,50.08522,12.76809,-26.57196,-14.506027,-1.9402614,4.411235,6.95355,-4.208186,-19.124237,-16.997433,0.24732992,6.1365795,0.50430787,3.5533,6.631859,1.9886887
-366.0825,297.8521,7.354587,-34.31266,30.377796,11.438786,-24.328022,-14.382288,2.5856385,9.795473,13.120018,2.7237046,-17.0905,-17.951727,1.2193,6.129096,-4.011942,-1.1572394,7.0131836,3.1789517
-387.4948,279.49377,-4.550849,-58.7361,8.814419,6.1052647,-24.349022,-10.620443,12.561165,12.439348,1.8934958,-5.3418884,-5.854944,0.3984378,2.9520788,-5.510043,-9.682693,-1.4435639,2.28012,-2.0841758
-370.35468,289.13104,-10.545269,-59.289635,9.140305,-3.1456122,-31.340696,-10.630318,10.599002,9.957129,-0.925117,-12.60979,-7.3166122,6.8747044,1.9259528,-8.981277,-1.757133,4.4211164,-2.8817616,-2.1599107
-348.3664,306.12115,-4.773595,-42.709576,23.28556,-5.64322,-29.743752,3.235208,18.742323,12.459576,5.732956,-11.134567,-16.368292,-1.2234991,-1.0373328,-12.449955,-5.6254454,3.7952147,-2.7009125,-5.62807
-329.5357,321.18076,-2.6143765,-36.6425,32.06782,-4.039277,-34.29235,-4.667428,10.021627,10.138538,9.694054,-11.265926,-22.54572,-3.4733984,4.0704803,-8.226881,-7.916505,0.072280034,-1.8360076,-4.961758
-319.78452,325.19043,-5.957823,-32.075844,40.859337,0.71775615,-37.4674,-14.127024,3.0725298,6.3671503,7.1156836,-9.061958,-21.507046,-8.540306,2.3065076,-3.9204698,-6.770954,-3.7591653,-2.5828958,-1.7757713
-324.4224,318.70322,-5.7936893,-22.633556,49.73545,5.84107,-35.770542,-19.67966,-3.8395128,5.1931505,8.075758,-7.4898996,-20.262291,-10.963978,1.7113826,0.3008564,-5.0607643,-4.958329,-2.078879,0.5696436
-336.6073,309.34174,-4.014283,-21.181011,48.281586,11.370488,-24.503027,-15.481623,-6.5271764,4.131716,7.7276063,-8.414498,-20.601625,-13.457062,-0.13895825,3.7308352,0.7472012,1.6881711,4.32203,3.0475824
-357.87283,297.77356,5.5510244,-22.189087,33.360435,6.377136,-18.60439,-15.788545,-9.450743,11.679649,18.943699,-3.9779947,-19.780365,-14.171185,-3.6157284,1.3320652,1.4163846,3.0399756,5.3993998,3.0476804
-374.56857,281.89624,-4.5863466,-40.235714,14.04951,0.22291657,-12.933176,-5.8761883,0.86728,16.299513,12.187727,-13.023591,-13.270606,2.817031,-1.2814422,-11.197959,-4.963722,1.6339924,-1.1673834,0.4944065
-374.66983,275.27756,-21.328068,-56.443596,4.0094833,-11.656139,-27.047104,-12.338003,0.2080602,10.754084,1.7912916,-17.017448,-4.949376,13.727224,2.4582114,-8.910279,1.4629927,6.3449373,-1.7841492,0.24094325
-349.7617,299.0323,-8.96014,-40.245308,17.489395,-8.198244,-22.599585,-0.90217376,12.527628,18.299652,4.61576,-15.588529,-8.535873,2.4607716,-4.018463,-7.7455797,-2.9492388,1.3192105,0.19284648,-4.1507034
-332.44073,314.68277,-2.8567557,-32.47289,25.124073,-5.254923,-24.040783,-6.121065,8.547966,20.055538,8.506535,-16.35661,-15.722365,-2.7152095,-0.65498364,-5.219522,-7.976301,-2.1149895,1.4695002,-5.6564684
-321.77863,323.85864,-2.3222663,-30.288677,33.91868,0.09598169,-29.061844,-15.178053,0.8246538,14.625573,8.226178,-14.069844,-17.687426,-6.3775725,0.33780137,-1.9411299,-7.7813854,-4.499577,0.79398686,-4.0811005
-326.7426,321.6584,0.5192989,-26.02059,42.055164,6.7085667,-31.543398,-22.326994,-5.2500668,10.648482,7.7884717,-12.244225,-18.104462,-9.661949,-0.74334025,1.3583419,-6.155887,-7.4915333,-0.34686738,-1.0760722
-338.7929,314.53235,4.305629,-24.22503,44.06261,13.933357,-24.355747,-20.015347,-8.209371,6.7145667,8.155277,-10.507143,-19.192753,-11.057013,-0.8183674,2.9515405,-1.4214917,-2.1678338,3.7248685,2.976171
-358.74326,303.92212,13.412131,-24.783337,32.969032,13.319385,-16.909071,-18.546032,-9.761118,10.612394,15.749086,-6.675193,-21.66776,-14.155556,-1.4803876,2.1833613,0.70703673,4.8751655,8.047029,1.2032733
-372.48447,291.11346,6.518632,-37.336548,18.201849,6.9979105,-15.114357,-11.26917,1.1943887,16.171394,11.453926,-10.514139,-14.991529,-2.5377228,0.37532032,-6.6448927,-4.386858,4.595328,2.8906,-1.5770767
-380.86426,273.8288,-17.20727,-57.330727,5.7199764,-4.245447,-25.694347,-12.568374,5.6498394,11.041004,-0.07990301,-11.072399,-3.00098,10.381521,5.391886,-9.35245,-5.893526,5.4783535,-2.2336502,-7.4876313
-356.22314,292.80936,-11.842407,-45.664257,12.154757,-8.169551,-24.836342,-5.710898,11.240118,14.265796,1.4260341,-12.018128,-8.976492,2.4314141,2.6128461,-9.043144,-6.5106688,6.7860403,-0.26386017,-9.728874
-338.7594,307.711,-4.149547,-34.210037,19.895699,-4.2280025,-21.78466,-6.660342,13.270845,21.352879,5.299945,-13.585432,-16.43589,-5.63029,2.4641137,-8.408062,-11.585067,3.4067428,-0.034463946,-9.730116
-325.49127,320.9752,-0.38189024,-31.642033,27.547039,1.3276289,-26.34916,-17.834091,5.085443,18.858068,4.0959263,-13.275887,-15.820465,-9.554953,2.2758648,-0.787635,-11.19269,-3.0060828,1.2382534,-6.460082
-326.33344,322.22043,2.5535917,-27.291935,35.251724,6.0079393,-28.104204,-23.952929,-3.6342456,14.504555,4.9692416,-13.373444,-16.100624,-11.350515,-0.5566027,2.7118742,-8.548218,-8.049745,0.33333328,-2.2320495
-336.14273,315.9452,6.6983075,-21.531635,39.788555,11.915733,-21.11331,-23.169441,-11.275823,10.37088,8.044857,-12.134965,-16.031406,-10.165086,-1.8487003,3.3695645,-4.2681565,-6.2096195,2.9736114,3.8680658
-351.6909,305.10413,12.493926,-18.73071,31.556786,12.178387,-8.484247,-18.497822,-15.08205,12.799988,13.331156,-13.177429,-20.194874,-12.3189335,-2.4727707,4.185261,1.4076921,3.3085485,8.240639,2.3274574
-365.57492,293.7499,10.62007,-25.254751,20.538261,7.049616,-10.219,-17.973906,-5.201478,22.838537,11.527691,-14.820898,-11.396366,-5.0679083,-6.080926,-2.0068922,1.2981031,3.520997,2.5374322,-0.30525804
-378.02414,276.54703,-10.999729,-48.555775,8.575666,1.2215614,-16.090118,-11.72393,6.521741,18.97415,0.16443941,-14.931737,-0.7754147,6.924897,-3.5299625,-10.166336,-4.404172,1.9595964,-3.419936,-4.9242983
-363.49384,283.2956,-19.08893,-50.82779,8.319407,-10.902388,-27.874784,-9.410295,6.839774,9.734684,-0.39709336,-12.694457,-9.946084,4.0147786,2.986031,-10.813633,-4.8324175,6.387784,-3.922679,-7.7517824
-344.72098,300.70853,-8.231564,-36.026134,18.463058,-6.6262264,-22.304863,-3.1958804,14.552312,19.049137,6.3617573,-12.437254,-18.275377,-3.7981782,2.9578235,-12.660557,-9.807283,6.172544,-4.2601533,-9.9297085
-326.73355,316.0545,-4.8614807,-30.971703,26.455582,-2.2798595,-25.981964,-13.617548,7.3399467,17.993443,5.5434484,-11.859636,-18.552969,-8.635063,4.5601788,-4.766862,-11.067362,0.3384443,-3.221837,-7.3594055
-324.90375,321.1159,0.598773,-27.883625,32.03251,3.7962904,-27.752764,-22.6431,-0.38120973,14.658792,3.1062045,-11.633135,-16.36554,-12.751681,1.2836006,1.775769,-9.811974,-6.924068,-1.8015487,-2.4125922
-336.52805,318.29498,9.38201,-24.78672,37.04754,13.111823,-24.233425,-25.781479,-7.3124485,9.646839,4.3407307,-8.982737,-14.782999,-12.9517145,-0.51933646,4.260148,-7.4349403,-9.669902,1.570489,5.3174086
-351.16055,309.95496,15.417984,-23.111565,32.641846,16.222206,-11.329613,-18.477732,-11.8493595,8.648195,9.056728,-12.518806,-20.706352,-12.359092,-1.6650863,4.197097,2.2059698,0.5094497,5.276608,6.3835907
-364.66605,298.88852,15.780151,-22.84702,27.078842,9.694166,-14.938541,-18.832851,-6.7046194,18.165062,14.342245,-12.060789,-15.948528,-7.368438,-7.2012515,-3.1341925,5.4670305,5.063731,0.87402564,2.4034114
-372.4682,283.964,-4.159176,-40.11911,16.519684,3.0497942,-14.538986,-6.039324,6.672407,16.21809,3.8582172,-14.403177,-6.2488203,5.2626433,-5.5184193,-13.390216,-1.8292463,4.725753,-1.844918,-1.3255365
-374.88626,275.96646,-22.81292,-60.23439,6.2222567,-9.359744,-32.779243,-11.704308,6.7168636,5.6103067,-1.5605346,-9.0500145,-6.3179426,6.770116,5.841421,-6.4174347,-2.0393405,6.5163546,-0.0073034763,-3.0238314
-355.20984,297.93555,-6.8781013,-45.147926,16.432884,-4.6394854,-28.402943,-3.9194524,17.394295,13.937893,3.677534,-8.369312,-15.759581,-2.6190572,5.6935644,-9.297417,-7.6218033,7.9467754,-1.3158928,-9.88464
-335.54623,314.15366,-3.0851583,-38.55701,25.784706,1.7419634,-29.58841,-11.133318,15.137093,15.926284,4.0625544,-6.8899984,-19.633564,-11.097068,8.179304,-4.355154,-13.34282,3.2413254,-1.3120818,-9.179023
-327.89398,321.7245,2.0232155,-32.67433,30.56115,5.548788,-30.546028,-20.465178,6.360256,12.435593,1.783824,-6.242724,-18.83562,-15.173132,7.742867,0.801579,-13.648131,-1.1149743,-1.5073159,-7.389161
-333.65103,317.88177,7.7795,-23.992657,33.417866,9.179703,-24.699675,-25.979214,-5.8159575,9.839735,2.9589863,-8.005889,-17.229942,-15.0266285,4.07015,3.3164763,-11.406222,-6.531856,-1.1222969,-0.9076208
-346.58084,310.96408,15.295912,-20.672401,29.127861,13.727308,-10.249784,-21.647877,-13.64213,8.6773815,6.6259336,-11.829081,-19.53141,-13.108603,0.8523134,4.0656595,-2.9324663,-1.4894226,4.512038,4.3319764
-361.19843,300.46106,17.806435,-18.668083,26.628008,10.565631,-11.576428,-20.643784,-10.213781,15.128355,11.795923,-11.278446,-18.183979,-12.231564,-4.728877,0.49716163,2.6453614,5.458457,6.7142553,1.3874784
-367.22665,289.18124,2.4190292,-31.23898,19.057564,2.4475129,-12.839426,-7.8147335,1.9649751,15.000483,5.0285006,-14.808936,-8.974583,2.6574357,-5.525996,-12.1104145,-0.6706386,7.8422284,2.4517815,-1.5528288
-373.14444,272.8565,-23.592487,-50.272293,10.244049,-8.735397,-21.129631,-5.9965606,1.0699108,10.212797,6.152938,-11.977485,-4.7042646,13.242692,3.2118568,-10.520052,-2.2477193,3.295113,-4.1592026,-5.716375
-358.2839,290.21893,-13.432084,-44.867264,12.31064,-11.528687,-24.365646,-2.9426813,7.308753,13.929262,7.5834703,-14.340141,-12.109276,6.395978,0.2867974,-11.179089,-0.7960963,5.4643717,-3.888008,-7.017514
-339.53763,306.97388,-7.4045515,-37.220257,23.094671,-1.386661,-22.823109,-8.029394,12.371715,23.400885,6.987619,-14.517092,-13.865437,-6.4125524,-2.7728295,-2.8426018,-6.505363,-5.3681087,-2.1309614,-1.7827941
-328.2325,318.32794,0.040588222,-30.355183,27.499237,2.575962,-24.92463,-18.862843,5.084652,19.947445,3.4045224,-12.314709,-13.634134,-11.784108,0.44895166,3.7590644,-8.786452,-8.118261,-1.6045929,-2.109584
-331.30435,317.8263,6.7095156,-22.813328,30.308025,5.5610886,-21.727966,-24.416042,-6.171297,14.466379,3.9491005,-11.869385,-15.330624,-13.665198,1.1360664,5.072897,-10.126639,-10.158432,-1.9275944,-0.5064464
-343.2385,313.00903,15.722582,-19.491566,27.253906,11.122437,-9.1780205,-21.582214,-15.730706,9.061846,7.910862,-11.68153,-18.945555,-11.928919,1.9457406,2.412077,-7.0198317,-3.3259814,2.6146069,2.441525
-360.21185,304.87372,22.263931,-20.049276,24.487743,13.5042305,-5.6130447,-18.96194,-13.749632,14.042167,11.483444,-16.253103,-20.611958,-8.91297,-3.584277,-1.2805091,3.6871145,6.9617662,3.679886,0.9087141
-369.50433,296.67987,14.066217,-30.07687,22.310593,7.837528,-14.644501,-10.837349,0.75658506,15.524944,7.353406,-15.762545,-11.199991,1.9238415,-8.031357,-12.254696,3.478199,8.773287,0.7775689,-0.48434702
-375.27917,280.09277,-12.87821,-48.96914,15.844246,-0.7713716,-19.56023,-2.5320678,4.0534983,8.966195,7.7864513,-12.237486,-10.380592,10.328541,0.9061768,-16.054016,-4.2203827,4.2324934,-6.0175176,-6.971737
-368.85077,282.51147,-18.500835,-54.388885,8.4978,-13.915595,-30.382223,-4.9509697,3.7188835,6.2565703,6.4081593,-12.761644,-13.842577,8.207469,4.0177517,-12.558,-1.2494583,9.291088,-4.3261123,-9.64512
-347.2311,302.42786,-10.198755,-42.728638,23.75064,-3.101819,-27.271385,-2.8877888,14.128323,17.74312,9.990459,-11.956643,-18.713228,-3.9486609,0.64914453,-7.754349,-5.3918724,0.12595022,-5.890723,-4.225134
-335.3013,317.58966,1.200255,-37.019993,27.533428,3.3690138,-29.29609,-15.292436,9.21983,17.946436,5.576534,-11.337938,-16.900887,-9.800573,1.5298519,0.45635447,-6.6728897,-5.951548,-5.863778,-1.9971735
-338.3064,322.0058,13.9121685,-33.05069,26.601295,11.396061,-26.222164,-27.211733,1.181778,16.328865,-0.122483075,-11.131487,-12.624773,-15.39345,-0.86816686,7.6992583,-8.382788,-12.858843,-2.9054441,1.4201337
-350.50223,318.85715,26.139717,-29.054504,23.61456,19.597767,-13.92301,-29.453018,-10.436724,10.859522,1.3217583,-8.830317,-11.61161,-15.622372,-0.72207236,7.454215,-10.322481,-10.731485,4.6291404,5.038257
-361.16132,309.21594,27.934793,-22.952307,22.671993,18.469305,-3.455851,-20.829973,-13.87923,12.399942,6.9832935,-16.620697,-19.112926,-11.171778,-2.2383313,3.5133748,1.1572181,3.3534427,7.3870506,3.0060802
-367.73688,299.68707,19.94849,-23.016174,25.403702,8.818598,-14.49708,-14.812709,-3.126458,16.517357,8.979893,-16.369587,-13.302921,-0.8300786,-8.319946,-9.73146,6.066172,10.59886,1.0328091,-0.6988089
-371.15787,286.3953,-4.546381,-40.727154,20.279408,3.0306606,-15.212991,-1.885056,3.968614,11.205352,7.336436,-14.43718,-10.896467,7.011162,-2.6997144,-12.933399,-0.79298615,4.624216,-0.31361726,-0.5103785
-376.39572,273.00336,-24.985598,-58.500214,5.1545124,-15.057535,-30.110592,-7.6807714,0.7201115,6.7819104,5.5199714,-12.958501,-7.790118,10.987845,2.3300028,-6.878035,2.5076017,3.4795284,-2.3975708,-2.9352164
-353.0026,296.4638,-13.9704,-45.26431,21.769592,-7.3614173,-29.19535,-1.2906531,11.769623,15.61535,11.532991,-12.769774,-16.607786,1.0821573,-0.4363633,-5.937827,0.7223533,-2.0390024,-6.9448605,-0.54819846
-339.63287,313.99475,-3.0079045,-40.361496,29.27952,0.3486071,-30.31052,-6.620638,9.735773,15.30011,12.367096,-11.970992,-20.671381,-4.0067525,0.21223092,-4.1105976,-1.821142,-6.2818575,-8.631313,2.1753743
-338.01974,321.92987,9.757544,-34.769905,29.749874,5.386153,-28.442505,-16.069864,-0.19815695,11.634394,10.319,-12.442772,-20.54171,-6.148241,0.32977143,-1.0092317,-2.1237092,-9.495134,-9.598526,3.9409547
-347.16122,318.85455,21.352081,-27.299465,26.453161,10.803882,-16.471722,-20.804943,-15.036347,6.1364293,11.481916,-11.16737,-19.744993,-6.61079,0.33326855,-2.0981681,-5.5952244,-9.192614,-5.1429935,7.010454
-359.17212,312.6797,28.429577,-23.963467,23.779089,14.580448,-5.8082495,-15.300055,-17.19017,5.4881077,13.398134,-14.584982,-26.188122,-7.164912,2.9920826,-2.14037,-2.0955415,3.035975,4.932503,3.8431342
-367.04025,301.6226,22.20055,-18.832644,31.336945,8.568134,-17.469658,-13.398872,-5.0624723,12.740715,12.061949,-15.859175,-19.403439,-3.0772543,-7.1592703,-8.908061,7.8094516,11.293547,2.1956596,0.62196183
-366.00586,291.43835,0.20989153,-32.209606,26.080576,1.8390994,-15.592173,0.041584052,1.9551542,9.412393,9.804842,-14.9421835,-14.976122,5.776436,-3.0344636,-14.264583,0.94225,8.235051,1.2427224,0.31554368
-373.5491,273.59943,-22.688728,-48.5306,13.015161,-10.474734,-22.086773,-2.2452314,0.28156778,7.9888215,8.873593,-12.064987,-8.028835,12.036109,2.558744,-9.802065,-0.9766009,1.2670672,-6.0128546,-6.193244
-358.38974,287.0306,-18.870722,-45.901123,14.331623,-12.169806,-27.635662,-6.5853157,6.8681507,16.572914,7.1200066,-15.215046,-11.626303,0.73682374,-2.0326576,-2.0215323,1.0140681,-3.2705426,-4.585868,-1.2951263
-342.60645,305.40512,-8.12931,-39.291595,23.176731,-1.4152479,-23.248028,-7.828515,9.507484,21.770557,9.749509,-14.105211,-15.303771,-6.742296,-3.655866,-1.097623,-3.8788667,-8.171377,-4.3759136,1.8789216
-338.28314,318.11972,7.2482414,-34.19661,24.982288,3.6891708,-24.260376,-16.82845,0.98858505,16.688625,8.410528,-13.083118,-16.759304,-8.46281,-0.5438603,2.201231,-4.726864,-9.809263,-5.359385,1.2875605
-348.0277,319.26886,22.305634,-29.718533,22.815937,9.650543,-17.404743,-21.936386,-12.503952,9.232254,10.3109665,-12.375251,-19.19514,-7.748922,0.3888399,-0.30546373,-6.688242,-9.858356,-4.6868057,3.3492951
-362.14285,316.04138,34.433205,-28.530731,19.26617,16.899307,-7.156359,-19.894955,-17.635628,6.034467,12.395859,-14.1125965,-24.68972,-6.022814,3.748442,-4.0460324,-5.75023,1.5841663,3.1073005,1.2209641
-366.93256,305.1373,26.274895,-20.918674,29.618454,12.435333,-15.449843,-15.421261,-5.8965945,11.116137,7.9753666,-17.423208,-19.24192,-4.0328283,-5.948333,-7.322644,6.085024,11.227736,3.9638486,-0.5904236
-366.7676,296.7812,10.086863,-29.112259,26.969877,5.647255,-17.421432,-6.3597965,2.0707812,11.718652,6.8068256,-15.7607765,-12.509298,2.9483838,-6.1131496,-11.381523,2.045926,7.1933184,4.097014,0.7385303
-373.68655,279.6775,-12.743214,-44.343704,17.396477,-2.7502594,-18.488308,-2.2241757,1.970369,9.8152485,8.29043,-13.574181,-8.708317,10.97456,0.3874643,-10.943963,-1.3917282,0.57773936,-4.738004,-5.0451784
-367.486,277.38947,-23.821953,-50.943626,7.7209573,-16.487762,-29.355669,-9.516932,2.65931,13.909833,5.958499,-15.678743,-9.488977,5.0987387,-0.19216406,-2.850267,2.3592696,-0.8312379,-5.1673613,-3.0532694
-347.36298,298.97906,-10.8064995,-40.48961,18.518394,-2.2670398,-19.564548,-8.147078,9.273195,24.677467,9.634285,-15.064886,-13.173656,-4.803314,-3.864931,-2.1475506,-3.2697773,-6.5648694,-4.9436574,1.620805
-338.811,314.051,4.6670012,-33.00141,21.192776,1.9562044,-19.472925,-15.859948,1.4002664,21.344894,9.573575,-14.571112,-15.632845,-6.8171926,-0.75114715,0.4462694,-4.3267555,-7.641699,-6.91031,0.5101303
-346.31937,318.68622,22.02207,-28.48442,19.026743,7.819704,-14.711259,-22.891064,-10.762758,15.572403,9.856941,-15.153601,-17.100456,-7.178882,-0.6530345,0.8839425,-5.511752,-9.916708,-6.414043,2.0105503
-361.88416,317.6142,37.617653,-29.63765,14.595547,18.631546,-6.2478657,-26.662117,-16.897139,11.3744755,7.193857,-16.015636,-16.721529,-6.2124414,-1.860923,-2.6762722,-5.3449326,-4.359807,-1.1694291,3.541369
-366.35165,308.3222,29.957073,-23.26944,26.777231,17.167376,-11.886251,-17.448471,-5.124734,10.483912,1.8752732,-19.494057,-18.701216,-5.5588436,-4.524492,-6.5662727,3.984522,12.031112,3.0627642,-2.1076279
-366.5249,299.7727,16.978909,-23.400913,29.460808,7.31948,-18.72107,-9.738204,2.119979,12.149071,5.2869854,-16.080713,-14.937365,-0.783263,-5.9961166,-12.106226,1.5292405,11.478214,4.1841636,-2.598262
-372.07355,287.0437,-1.94753,-39.28013,21.313,4.782114,-15.709839,-3.7893891,5.380271,12.823388,4.498996,-16.811686,-10.729799,4.899131,-4.3052855,-10.6408,-0.7836201,1.4670479,-1.3420465,-1.331351
-379.8639,272.84512,-20.459007,-58.0963,4.141615,-11.207434,-30.930485,-14.228439,4.442589,14.197681,0.860203,-16.246544,-3.547473,6.4138064,-3.3735452,0.18058075,5.577586,-4.59172,-4.904727,0.38296813
-357.5452,294.9016,-9.404037,-48.624985,13.287172,0.13783038,-22.068035,-12.549892,10.419301,25.71643,6.966546,-15.547506,-8.23576,-1.6549326,-4.9951067,1.2419573,1.6399956,-8.133869,-4.5679073,4.607299
-344.1301,309.85388,3.822791,-36.71798,16.646091,3.5938044,-16.194744,-16.769444,3.5482602,27.330757,9.008824,-17.199205,-11.394646,-5.357665,-5.2084265,1.7209778,-1.3871541,-10.621113,-6.4829974,4.1320305
-345.43988,316.93112,20.311543,-27.999758,15.252634,5.618593,-11.304072,-23.367466,-10.407317,22.735603,10.422039,-19.595982,-13.283934,-4.8798203,-4.9871325,2.8854237,-1.5645359,-12.823579,-7.1499834,4.4420137
-353.4925,315.1994,29.070946,-22.50027,17.297382,9.422286,-6.607129,-22.464815,-19.322681,10.221341,8.824091,-14.459663,-14.124813,-6.878666,-3.253337,-0.04506383,-7.3404775,-9.964913,0.08533327,5.303956
-363.16302,311.13568,31.06288,-23.37904,24.850273,16.559814,-11.284422,-18.149496,-5.0838733,9.3551445,-1.2743994,-17.48092,-15.557318,-8.475386,-3.341852,-1.6470459,-1.2133503,6.123266,7.104542,-0.8084676
-368.7213,302.17474,23.416042,-20.316532,33.698708,10.4440365,-24.25154,-12.618495,6.748247,9.124952,0.3758947,-10.594597,-15.830673,-9.396313,-2.0907125,-7.0621195,-3.0586925,15.689824,11.276452,-7.8586416
-366.53455,291.3117,2.4737134,-31.051867,25.311785,4.9388475,-15.888365,-4.674942,6.283965,11.86104,1.9212391,-14.087619,-11.738681,-1.107604,-0.77146053,-7.4628763,-4.740239,7.984209,6.4790697,-5.530596
-376.6484,272.1902,-19.127708,-47.41017,10.142689,-9.299021,-23.682392,-8.970195,3.8024378,12.781204,1.7696202,-13.042175,-3.6124222,5.438455,0.29390714,-2.9070125,-2.8046618,-2.3797665,-5.2445235,-10.739182
-364.0672,286.35748,-15.435802,-51.487118,9.582818,-6.4734516,-26.1286,-13.850138,6.4060144,21.806473,6.4621906,-16.153954,-9.258885,-0.55496055,-2.4932609,2.0544841,0.4796208,-7.126044,-3.8896518,0.103632316
-352.37802,305.28387,1.4931047,-43.403744,15.885895,3.8090372,-18.561865,-13.05677,6.1959496,25.931683,11.42897,-16.999437,-14.323377,-4.425112,-5.592492,-0.7838226,-1.2318482,-10.45805,-6.3096523,4.722171
-349.46136,316.37793,19.294197,-33.996006,15.358526,5.6736803,-15.608675,-20.052467,-5.9435167,20.81972,11.924061,-17.562675,-16.056324,-5.08348,-3.6373615,2.3053715,-1.6046342,-13.197548,-6.359436,5.395594
-353.06427,316.04004,26.876648,-25.092808,19.137962,6.7152185,-12.173423,-19.246052,-15.960079,7.8363533,9.814709,-12.863069,-15.441991,-6.5786543,-3.8202124,-0.100655116,-4.9615235,-12.976185,-3.7524955,8.1131115
-359.71277,312.9834,29.381485,-22.539639,25.723759,11.288536,-13.579746,-14.746882,-8.4026,5.2983913,3.0453653,-16.355606,-17.34356,-5.0962706,-3.2458055,-4.194026,-0.99191225,0.6250941,2.1260538,4.4932575
-368.9204,303.9147,26.632393,-17.807423,35.536575,10.0907135,-24.871536,-11.506125,6.358146,7.8379774,-1.0341827,-14.006756,-16.650826,-8.30598,-4.5770826,-5.86252,1.385112,12.143646,9.0486965,-2.3313954
-369.1066,298.6059,13.107762,-32.030872,29.035038,11.150661,-21.89028,-7.6274834,11.173107,9.313115,-1.0933065,-10.394286,-12.874421,-5.6872854,-0.38437948,-6.670825,-5.7551107,9.013311,8.567266,-5.129343
-375.98157,281.31006,-6.422434,-42.63645,17.929129,1.5660789,-21.215387,-6.654926,9.053426,10.341019,-1.1546215,-9.918737,-5.203419,1.636447,2.0939393,-3.4939823,-5.6110334,1.1048981,-1.1314853,-10.994627
-372.82413,277.34384,-20.930807,-56.9008,5.6436114,-10.259276,-31.233757,-16.137508,4.3046694,15.7169285,3.7992105,-14.920521,-11.7279625,-1.1591297,0.9473311,0.5495391,-1.5602849,-4.2421703,-4.300407,-2.861504
-358.0171,298.72757,-4.086315,-47.287437,14.953842,1.2589972,-20.05363,-9.168976,6.6867857,23.118076,14.211201,-15.988919,-18.070023,-2.7351575,-3.6514711,-4.605936,-1.4640973,-7.942155,-7.444354,4.4441357
-353.02353,313.86526,15.965345,-38.38262,15.865471,4.0045457,-17.943836,-14.569888,-3.931364,18.800644,17.15966,-16.888855,-21.3643,-1.110235,-1.3990811,-3.4052298,0.35925424,-9.877741,-10.195044,6.122146
-356.46158,317.47156,28.54863,-30.801046,17.756638,7.093222,-15.8440075,-17.757832,-12.206985,8.721491,12.52697,-13.5267315,-18.736435,-3.917251,-2.983211,-2.0884624,-1.3471892,-12.99328,-8.385732,10.003958
-361.44373,314.81506,31.405666,-26.190905,23.759525,10.592119,-16.286818,-15.689249,-9.778816,3.7045116,5.1282597,-15.828837,-18.015158,-2.7667885,-3.8118231,-6.157938,-1.0422971,-4.7781982,-2.0235245,9.058622
-369.23117,305.62872,28.714441,-18.670374,33.872887,9.228107,-22.673073,-8.523489,3.801629,4.8233213,-1.4438691,-18.87961,-19.521957,-3.8243473,-4.568472,-8.360664,4.0467744,10.70578,5.8948793,1.6172004
-371.3072,301.80423,20.636845,-29.106064,30.513458,11.971793,-23.532951,-9.888262,8.335835,9.446393,1.3266876,-13.688875,-15.637665,-3.0105329,-3.5896,-10.635067,-0.61824125,10.56539,5.8555374,-2.0176163
-381.4986,290.7464,9.161697,-45.818512,20.691965,13.239145,-23.254688,-9.116079,15.467556,10.815683,-4.541692,-10.525706,-6.758257,-1.3394058,-2.025877,-4.982234,-2.2131486,1.9392163,-0.016629625,-5.1931496
-387.97348,277.8828,-10.121364,-66.9038,4.8043365,2.9066133,-35.532185,-21.001059,14.9354,17.083305,-1.0956576,-6.8321733,-4.027379,-1.552766,5.369753,7.0091915,-1.8177469,-4.6560783,-1.8752737,-4.669408
-368.2237,296.03174,-0.15922172,-56.290672,8.599096,7.1391172,-23.752258,-17.73522,11.662277,23.993252,6.342444,-10.98393,-11.224728,-6.3392935,0.48460227,2.7070775,-4.3222713,-6.1512403,-1.8500762,0.06064955
-359.54285,310.67786,18.702312,-42.847843,9.455233,10.030558,-14.044227,-19.895483,1.6128801,26.67889,12.244586,-16.123241,-15.732824,-5.16374,-1.546821,0.118201986,-3.5181298,-8.4003525,-6.170653,2.2010264
-359.8437,317.28717,33.695755,-32.517067,10.959251,10.906839,-11.949562,-23.738417,-8.669036,18.60122,10.544122,-15.64932,-16.02142,-5.239654,-1.5401721,0.1311146,-3.2073565,-9.896452,-7.9383116,4.353554
-361.15683,314.8534,33.90936,-24.824362,19.933321,11.395908,-14.506069,-21.166025,-9.7714,7.697588,2.4786024,-13.978113,-13.917695,-6.3532963,-2.1387773,-2.8973281,-8.207695,-6.8214025,1.1690667,4.873062
-366.49847,306.69046,31.321835,-16.013,28.376122,8.748341,-17.078514,-12.027523,1.2057878,7.238021,-5.7974215,-20.279804,-16.313425,-6.9495173,-2.716201,-3.9011436,-3.588768,7.5528255,11.929914,-1.2121804
-367.83932,301.1475,23.214703,-18.337427,30.57678,8.500184,-18.701008,-12.740839,1.5511513,12.769102,2.131813,-18.14191,-15.549126,-4.194466,-5.991003,-9.300631,-0.8012177,12.318405,11.047627,-3.8462245
-371.64917,293.11533,8.471453,-32.992256,25.503426,7.438133,-17.99785,-4.726941,8.446979,11.079445,-0.3736723,-16.492958,-10.8012495,0.105896726,-5.9482718,-8.012011,1.5411277,4.9368677,1.6414294,-1.5669395
-381.5396,277.17944,-10.401897,-51.23733,12.6132145,-0.40356016,-26.879793,-13.962284,7.2655497,16.167786,2.4434545,-14.502579,-6.799903,3.4669945,-0.5880925,-0.14944783,0.7767343,-7.970169,-10.772112,-5.3666706
-373.5906,285.24774,-9.175762,-58.103107,3.8186765,-0.18583964,-24.019348,-18.449642,6.528723,24.483871,8.038658,-14.391373,-9.633132,-1.3418622,-1.0646243,2.2306032,-0.04671844,-7.0148416,-5.548567,1.078948
-368.0728,305.15204,17.012184,-50.003044,5.4959097,12.930937,-13.914282,-20.295332,6.5349402,29.89595,11.354811,-14.846537,-13.895115,-6.5890336,-2.8223808,0.59076566,-3.9508038,-9.8302555,-6.602931,3.487977
-365.34366,315.7768,35.25569,-37.514816,6.724248,11.53773,-11.5721855,-22.825665,-6.887095,20.501966,14.85561,-14.186429,-20.59721,-5.4116774,3.8502789,-0.7355921,-7.4959574,-7.219542,-5.001122,-0.17496818
-364.259,315.021,36.648026,-26.937431,16.65756,11.137833,-13.225023,-21.428085,-12.666262,8.988996,9.125826,-13.740295,-18.087856,-2.6411104,2.0565853,-7.1836705,-11.063139,-4.5634346,-0.0058237165,1.6162221
-368.2758,310.15375,36.547043,-19.480263,24.12025,9.759996,-15.895786,-13.967849,-2.6993685,7.8132925,-0.36196673,-20.49427,-19.282093,-2.3603604,0.89395285,-8.395409,-7.212044,6.910015,9.801873,-2.3598833
-372.38943,303.1937,30.659327,-17.945282,31.658104,12.522039,-20.598242,-14.8076515,4.3464637,12.425218,-0.76686114,-18.03482,-16.10299,-6.7284737,-6.0246673,-7.262686,-0.22532144,12.4164505,13.330326,-2.6212335
-369.8918,297.47766,14.72481,-28.765888,27.454494,9.318803,-17.939198,-6.504157,8.658857,11.691231,-1.7677875,-16.34161,-9.976938,-2.3573818,-7.67986,-6.575585,1.6111693,4.852423,4.8488407,0.15060025
-376.98978,282.79727,-3.1920097,-41.51626,19.277864,3.7447462,-21.061497,-10.179583,6.4086742,14.254372,0.66261876,-15.488181,-5.46249,4.0537734,-2.5337763,-0.9799507,2.2238994,-6.034176,-8.539684,-3.6481183
-380.88135,272.93512,-19.491432,-61.8865,-1.8000051,-9.783059,-28.85492,-21.531494,-0.7085254,20.069813,6.9926176,-18.417747,-11.261349,1.4470665,-1.4312174,1.6076612,2.8604739,-7.173086,-7.96881,1.6002033
-368.24872,295.9898,5.567026,-47.60697,6.219242,3.8430011,-14.005161,-13.966995,3.3267894,27.25882,16.069683,-15.846566,-18.439655,-4.887634,-1.3680587,-1.2941098,-3.5906773,-8.674036,-6.52378,3.6768339
-367.68118,311.89456,31.723804,-39.088043,4.5965137,8.003257,-11.031461,-18.973557,-7.198848,19.563038,19.268293,-12.701218,-25.788906,-6.450021,8.255001,-0.9451072,-11.113493,-6.0328875,-1.8009983,-1.6067407
-368.22266,316.2422,40.301308,-32.741203,11.881184,13.88209,-14.200342,-24.791325,-9.380213,12.551018,7.945551,-13.761919,-17.50167,-4.209259,2.5748394,-5.163419,-11.340057,-4.8335876,-0.7318295,-0.9050087
-368.32892,312.41663,38.54581,-22.754946,21.069004,10.719037,-16.870747,-17.929523,-4.1040826,8.840357,0.0875068,-19.973202,-18.187998,-1.2205567,1.6742721,-9.631355,-9.97065,4.8056297,7.301654,-3.7744114
-371.09753,304.1739,31.835533,-15.799499,31.289276,10.61215,-18.94159,-12.30422,3.1394713,10.545746,-2.3559003,-21.73206,-18.382889,-4.7929454,-3.9670217,-7.354803,-0.3100593,12.491533,12.400995,-2.3575068
-368.4807,300.70834,19.636868,-24.496819,29.087114,9.282728,-17.847336,-7.8741283,5.432417,11.124641,0.035788104,-17.364496,-11.892059,-1.9156119,-8.488199,-8.564775,2.8270779,7.5270233,6.087556,0.8151735
-374.33807,288.65573,4.4664497,-35.57284,22.602001,5.6899767,-17.395222,-5.8691654,6.28507,12.603304,1.2666059,-17.043474,-7.9355893,4.2468657,-5.281105,-5.116611,5.2335668,-0.14693168,-5.635191,-0.92832434
-384.01263,274.7062,-13.2360935,-58.43415,3.3270192,-3.8986542,-25.528221,-17.574387,2.2620168,21.775352,10.425372,-16.167679,-8.305346,7.090826,-0.13619252,1.5772518,6.422469,-8.332113,-11.548187,2.4551642
-376.16843,291.05408,3.5350704,-54.58198,2.0002453,2.5655217,-17.70166,-16.948792,1.8087358,26.632729,15.762789,-17.308735,-15.220545,0.46175563,-2.9623165,0.43810672,3.693151,-10.807757,-8.546392,9.633118
-371.88434,307.52512,28.062431,-42.61622,3.3440695,7.4741063,-10.587282,-16.866337,-4.8242416,23.733562,20.786985,-15.496075,-22.076572,-3.2229915,0.8461044,0.6487261,-1.9724976,-13.139453,-6.292098,10.097387
-367.58496,315.31287,36.487686,-33.980965,13.6979265,10.722765,-17.485415,-20.212292,-5.1094894,13.240885,9.856117,-12.431877,-16.25762,-4.7216187,-1.1060826,0.011312962,-3.6521559,-12.957063,-5.222502,10.144933
-369.56363,314.43073,37.67334,-28.508047,24.551159,13.137802,-25.759867,-18.955551,2.2776594,5.0887537,-3.520516,-13.441364,-14.421069,-4.943638,-0.16097665,-5.885237,-9.258551,-3.3629055,3.2808084,3.3122144
-374.01147,306.7687,35.07954,-20.23966,31.605875,12.192514,-24.169987,-11.502038,7.842503,6.154843,-6.8405747,-20.691803,-19.275959,-5.0646853,-1.8297055,-7.557164,-1.6574463,10.504583,10.141819,-0.81077087
-371.50183,303.1087,25.834831,-24.019283,30.193054,11.772786,-20.25523,-10.617205,4.8438263,9.628417,0.014097912,-16.84264,-14.1267605,-3.4576392,-8.831077,-10.1073065,3.12259,10.176138,7.808564,1.0004678
-375.07602,293.53363,12.426601,-33.5348,24.001308,8.308401,-16.569971,-3.6905324,7.646106,10.31513,0.5771623,-17.348858,-11.246819,2.2179284,-7.424762,-9.334642,6.3942423,5.638987,-3.165212,-0.081011415
-383.4965,278.9392,-4.81577,-49.848587,10.642279,0.8652574,-22.084625,-14.216349,1.5955939,18.940952,10.974377,-17.03237,-11.837845,8.649092,2.020073,-2.171825,5.3571815,-6.08518,-15.801329,-2.8286896
-383.6834,282.95135,-0.945266,-59.13167,-3.9112017,-1.3173983,-18.564991,-19.32781,-2.3768573,26.191679,16.836891,-20.09312,-15.820001,5.0799665,-2.6274612,-3.0640676,5.79848,-8.444323,-13.320034,6.3524604
-376.33722,301.75397,24.15382,-45.33219,0.5957737,7.144602,-8.4347,-15.574818,-2.5576544,27.769672,21.117214,-17.217407,-20.160215,-2.7119722,-2.9871216,0.17039831,0.22689176,-15.404804,-8.715065,12.276156
-365.51477,311.9719,31.649437,-30.897047,12.793007,4.226291,-15.445194,-14.849401,-6.0725827,14.44364,15.043161,-12.027309,-18.81855,-5.4301925,-0.25735563,2.682703,-2.872248,-16.175331,-5.53288,12.283017
-363.6647,312.20544,31.85791,-22.295792,25.92133,6.5397825,-23.446651,-16.184072,-2.664832,5.8073497,1.5899049,-13.141167,-13.270287,-3.0936522,-1.8482668,-4.678511,-7.9464684,-9.099575,0.939374,8.062918
-371.1115,308.65155,35.78253,-19.004608,30.155548,9.503391,-25.576237,-12.448062,8.324945,5.820182,-9.478337,-19.249743,-15.449102,-6.35001,-2.4134045,-4.7297015,-4.951729,4.3691325,10.482121,-0.33961898
-372.27954,304.56842,30.08117,-21.152498,32.198814,14.141195,-21.369286,-13.72444,4.8458657,8.947674,-2.1749654,-15.000557,-14.229376,-8.941977,-8.844111,-7.1044827,0.47929066,11.989826,14.306575,-2.7303634
-372.8199,298.23846,19.213707,-29.568611,24.21748,10.566681,-15.320709,-6.639085,7.8294754,11.040879,-3.185874,-16.535282,-8.507604,-2.6892993,-9.989632,-7.1096373,3.6229637,6.322138,3.2485108,-2.475679
-382.4184,284.98474,6.5098047,-42.860977,14.026304,9.471497,-16.504805,-17.093132,2.8291726,20.201252,3.3247123,-18.895145,-7.131396,4.8943434,-1.5942675,0.799931,3.856471,-7.577037,-11.861088,-3.374524
-394.4497,272.0089,-4.8451242,-65.69397,-14.570588,-2.9857268,-19.034163,-29.410099,-4.695553,31.492691,11.330048,-23.329533,-7.1470985,7.6581855,-4.2880697,2.5985072,9.698143,-9.317564,-12.746128,6.29434
-380.32123,292.23618,17.776876,-45.248272,-5.426836,2.9773407,-4.0580883,-16.12892,-4.457062,32.27829,22.570963,-18.972176,-19.57304,-1.8142827,-1.3814517,0.11297229,-1.7050244,-12.347851,-6.7991624,7.7322
-368.02292,306.27063,29.601562,-30.322433,5.912038,1.7890663,-10.05735,-15.995996,-6.499332,20.530891,16.649317,-12.737593,-18.718246,-7.1452427,1.3908527,4.530689,-4.9465475,-15.051359,-4.402156,9.73383
-362.78342,309.20706,30.586971,-19.6075,20.836857,3.3883023,-18.551262,-17.581718,-5.631298,10.584461,5.0286965,-13.530172,-13.6166725,-3.1036868,-0.1577628,-4.1214437,-9.002602,-8.67429,-0.5526378,6.835848
-367.87964,307.32285,34.417496,-14.401429,26.842096,3.4397063,-22.29047,-12.653868,2.0944839,7.820901,-4.7316885,-21.438583,-15.655459,-1.3150711,-2.398189,-9.146265,-5.354864,3.5522094,5.4771347,-0.47450796
-373.28738,305.5416,32.57905,-20.561544,32.49053,15.066494,-20.14856,-12.677292,3.4653275,7.1822653,-2.1867087,-17.888237,-17.810917,-6.7564087,-7.319606,-9.788622,1.8385161,14.905341,12.110867,-3.6898544
-375.1911,303.50488,26.691727,-31.14404,27.531635,15.854212,-19.95319,-8.29501,10.24206,6.184805,-3.9699516,-11.528781,-12.683983,-6.829798,-6.3405733,-9.746007,-0.054436423,13.054413,5.9735966,-7.5187635
-381.71747,292.24612,14.860565,-41.57636,19.135185,15.752957,-17.143757,-13.829128,7.181743,14.008251,0.09859192,-14.767812,-11.694563,-1.1835024,0.6797818,-2.3990915,-0.7055813,1.1288563,-5.134348,-7.016007
-394.49203,274.77966,-0.9348668,-61.98071,-6.346205,2.081235,-21.328732,-25.609528,0.2815116,23.998852,7.9592905,-16.851618,-12.15398,-0.25775418,0.89043427,1.1738851,-1.7210345,-10.131281,-11.992136,-3.8679461
-388.68637,286.6201,14.883513,-53.34787,-8.802004,3.4451544,-10.3085785,-19.70615,-1.1124905,30.05997,19.59631,-14.903056,-18.498684,-2.5605798,3.6123936,2.6333847,-2.534121,-8.961729,-5.5061235,3.924768
-377.7444,303.1502,32.791878,-38.229492,-0.89898306,6.3494053,-7.8715773,-18.53292,-4.0209312,25.401493,18.287756,-13.679144,-19.41786,-5.0676374,2.066213,1.5127239,-3.6451683,-10.906872,-6.985779,6.6458364
-370.56802,309.9897,38.49128,-26.81027,11.1492195,8.754249,-14.2344475,-22.872011,-5.156041,17.405739,7.051641,-15.185856,-13.928724,-1.6530662,0.73641145,-4.61829,-7.3056345,-6.494086,-2.8206031,4.709281
-373.69357,309.0736,42.553886,-19.627413,18.82499,9.219868,-19.438282,-21.389694,0.6154579,13.1941395,-5.617711,-21.69516,-11.222112,-0.13486217,-3.7571096,-9.338936,-5.985887,1.4244347,3.0659332,-0.3840456
-375.35165,306.8399,37.19033,-22.39548,28.099976,18.429523,-18.037663,-17.490566,4.517587,10.420385,-8.303434,-21.771738,-13.536844,-6.452587,-9.8719845,-7.060451,4.477816,11.767351,8.973272,-1.1610985
-376.5775,306.1074,32.943317,-30.09106,26.563732,19.642138,-19.284023,-14.893593,8.488697,9.989365,-6.4384084,-14.686763,-8.348343,-6.8984528,-12.931263,-7.7971096,5.967837,10.9137335,5.85376,-2.1434102
-382.684,297.54248,23.299477,-41.449463,19.372395,21.638296,-15.637299,-15.299472,10.4899235,15.049262,-4.7313337,-15.899302,-9.476371,-4.5589647,-4.754501,-2.0115337,2.4007664,3.5820723,-0.3654709,-2.7966843
-393.56802,282.68298,10.54796,-55.34857,3.4460478,12.16107,-21.580223,-25.124786,6.3633747,21.471367,3.190359,-11.716291,-10.323782,-3.344236,7.1228294,7.1431737,-4.064698,-7.472,-7.595024,-7.240897
-398.54013,280.07547,9.649579,-65.22839,-11.86655,2.957802,-23.349567,-26.430185,3.2125976,22.621367,10.101844,-9.656112,-17.423454,-9.34347,7.280157,7.3538904,-6.7697334,-8.404882,-2.252544,0.2982802
-386.4016,299.10272,30.09357,-47.701454,-1.0635829,8.935041,-14.008124,-16.850628,3.7976418,22.514042,15.350444,-8.386776,-19.587582,-11.244883,2.1077936,4.629239,-6.0655994,-13.154169,-4.60774,7.214096
-374.8082,309.77667,37.21975,-33.60502,11.483486,8.3328495,-18.67876,-18.928064,-1.8285172,15.138439,9.930672,-12.334156,-16.04121,-3.189948,0.8772524,-2.1775675,-6.340775,-9.000837,-1.8866229,5.589511
-375.1709,309.76736,41.946056,-22.735512,19.643202,7.967162,-21.754911,-18.98072,-1.667707,9.715059,-0.30172423,-18.281918,-12.550017,1.3430902,-3.0919247,-9.852915,-6.8123126,-2.064064,2.9270792,2.0814805
-373.76776,307.3603,36.213974,-21.626263,27.281921,13.090242,-19.602245,-14.932557,1.7559792,7.836896,-5.5639277,-22.592216,-15.622961,-3.6554701,-9.016518,-8.53663,4.0349846,7.896953,5.080057,0.1944473
-375.5916,305.00934,33.00054,-24.633871,28.575214,16.902388,-18.0757,-14.928959,2.5734396,9.558483,-2.3006701,-17.328709,-11.431901,-5.78286,-16.175705,-10.654352,10.316684,13.044576,4.325428,-0.8579092
-380.90933,300.92114,27.9743,-37.668728,19.507301,20.930567,-12.84791,-14.682579,6.5725775,15.8246155,-2.8625531,-20.385994,-9.319133,-1.3916335,-12.156038,-6.590167,9.016832,3.7187743,-3.3168988,2.107982
-393.383,288.45392,20.114326,-48.74659,10.041835,18.594627,-17.167305,-24.257961,3.9524083,23.052734,3.3710542,-19.187902,-9.148005,2.613112,-0.070737615,5.830968,5.540577,-12.652152,-13.42514,2.1961012
-403.4151,276.08725,8.989554,-65.48462,-11.755348,4.263757,-21.06538,-26.6101,3.2256818,29.137463,12.725714,-14.139366,-11.57841,-1.7039834,1.2330799,8.492777,2.360552,-16.397549,-10.863686,7.129896
-390.17178,291.9485,22.944344,-50.521866,-2.189631,7.0656857,-14.189392,-15.133131,6.2799616,24.730228,14.8080015,-8.565364,-16.762476,-13.02202,-2.6118722,7.688721,-4.062108,-20.478912,-5.853965,12.944502
-376.73935,307.71198,34.46588,-37.652172,10.2267685,9.2382145,-19.812752,-17.792522,3.8053474,16.298965,7.7558117,-7.7473493,-12.620856,-9.386783,-0.74093765,4.566019,-7.360083,-14.681184,0.7471277,7.846411
-375.8268,310.57852,41.708984,-25.993847,20.08831,10.621777,-23.46423,-19.910954,0.93121123,9.007038,-0.8741041,-12.065779,-8.789835,-2.466978,-3.2058601,-5.9665685,-9.547464,-5.9256706,5.549714,3.107479
-374.09293,308.6635,38.64998,-21.193966,26.018345,10.782291,-22.310085,-15.977909,1.6923077,7.351828,-4.45938,-20.26894,-15.517138,-4.016702,-6.757635,-7.9388423,-0.20782575,4.287347,4.5037246,-1.3715314
-374.92908,304.50885,33.613182,-20.24623,30.779438,15.310054,-17.826271,-14.351326,-0.5331733,7.525516,-0.5301741,-17.850662,-15.508944,-7.1393905,-14.680592,-11.253355,9.5786495,15.718084,6.02668,-3.3156211
-376.9032,303.04126,29.881035,-30.795288,21.714764,16.6864,-11.834317,-11.6742325,2.0033264,12.3248825,0.4818896,-20.584198,-13.262753,-0.41163284,-11.644405,-11.390707,8.514957,9.219885,-2.334689,-1.7447662
-386.63654,292.8332,22.509638,-40.909626,14.048759,17.601685,-11.1964,-18.130013,-0.6859355,19.794357,6.6783066,-22.310335,-14.978756,4.5639153,-0.8397958,-1.8289807,5.7839327,-5.0780954,-11.900293,0.75357336
-398.91348,275.6919,7.1789665,-56.85985,-6.594718,-0.015677214,-18.106415,-21.519073,-3.791453,25.009863,17.476229,-18.223902,-18.230865,3.2462814,3.5861387,1.9726955,1.210954,-14.286786,-15.885223,1.0466524
-391.6567,282.6418,12.770559,-49.374092,-5.0073633,-3.9350553,-15.555939,-13.016382,-0.55625415,23.795975,22.024843,-10.615149,-20.525396,-5.7403,3.1561263,7.3811674,0.035384104,-16.31913,-8.473457,11.216763
-377.867,301.2336,27.837116,-37.41323,6.975606,3.9422522,-15.8765545,-13.377377,1.7628951,19.019161,14.159739,-8.924253,-15.46879,-6.900563,-0.16238499,3.298337,-4.738061,-14.212089,-1.8793079,10.205072
-376.13477,309.56006,39.86473,-28.651812,17.336952,9.988176,-22.555782,-19.518894,2.0471497,11.568144,1.2897643,-10.88353,-8.256908,-2.484711,-2.9055252,-4.716383,-8.437577,-6.5430956,4.319926,3.6614084
-377.4637,309.93213,43.230167,-23.648426,23.182985,12.482159,-24.388786,-20.012249,3.5900967,9.794893,-5.267173,-18.37967,-12.237228,-3.6487384,-5.8681755,-6.9167733,-3.1293778,1.3892672,4.4907503,-2.1562386
-377.65143,306.1563,37.80658,-22.923786,28.931305,19.499826,-17.197948,-17.063202,1.5046202,8.565999,-5.5007324,-20.104836,-13.713434,-8.319854,-14.734957,-6.997182,9.416445,11.936703,7.662986,-1.0709922
-378.32742,305.13483,35.781097,-28.305172,21.952156,18.599476,-11.974324,-14.736262,1.4582063,12.7234535,-1.7899829,-20.48885,-10.628633,-2.6681828,-15.37076,-9.672461,10.426476,9.208914,1.1021513,-0.09538691
-388.02036,297.6906,31.774632,-40.26906,12.261564,23.679892,-6.2238235,-20.525873,-0.6436267,23.180164,3.8969421,-27.222267,-14.06931,4.1014547,-7.146778,-4.267039,9.887724,-1.911891,-9.298164,5.4651546
-398.7645,283.14142,20.890919,-50.627518,-4.096429,9.528353,-10.860798,-25.12864,-6.7980027,26.654175,14.671743,-22.68676,-17.051208,6.2650332,4.7129226,2.5190005,2.4445426,-11.297104,-13.458567,0.6131906
-402.8367,271.7253,8.091741,-57.305626,-16.385761,-7.5817995,-15.18584,-19.990585,-6.655102,26.808388,23.328514,-15.048299,-20.96206,-1.3932087,4.730128,5.517562,0.07607312,-14.202194,-10.135201,7.070329
-385.49515,293.1306,25.615519,-40.55475,-2.0104532,1.9484718,-8.446242,-13.458368,-2.8830452,25.153004,21.471947,-13.116705,-19.783865,-2.775248,1.5100927,-1.6615466,-5.196762,-10.285442,-4.5636544,6.635047
-377.1901,305.99905,36.53749,-30.215385,12.360725,6.644066,-18.7121,-18.230204,-0.88795424,15.486315,7.3679733,-13.372164,-10.974909,1.2595308,-2.5815825,-7.688822,-4.9069443,-4.2461834,-1.6782218,3.073483
-379.16736,309.35425,43.160076,-25.588278,22.513187,12.404754,-27.047943,-21.421114,5.611648,10.263881,-6.4378486,-15.854723,-7.4925537,-2.6778345,-8.0446205,-7.287749,-2.289664,-0.9881471,0.9687674,-0.33070284
-378.47992,307.9632,39.330967,-26.153,28.161139,20.642643,-21.093407,-18.883495,5.6961384,8.010795,-10.05023,-18.640629,-10.846766,-9.667353,-14.415808,-4.959014,7.6761603,8.269569,5.4721403,-0.54363865
-381.5493,306.57703,40.53965,-28.43877,24.318321,22.731297,-16.163378,-18.657095,5.419629,12.046837,-7.3314714,-17.758854,-6.7156363,-8.1608925,-19.669445,-6.491972,12.35277,9.032719,3.5612872,1.22168
-384.03156,301.00238,32.6612,-36.719273,17.402454,23.0719,-9.242233,-16.660017,3.0578175,17.692444,0.70259285,-22.138,-14.6996,-2.7701488,-7.4984937,-2.7188954,6.904484,-0.35680857,-3.3026156,5.5913076
-395.98264,287.70883,27.22601,-41.729507,4.7065554,13.522169,-9.197514,-21.482292,-6.2240543,22.235683,13.127884,-21.720947,-19.48628,5.4400945,8.500375,3.5571954,0.8139441,-10.105321,-12.282052,0.3114261
-409.8762,271.83844,14.159715,-61.343903,-19.686,-2.3473341,-14.363123,-25.059689,-7.558805,28.805637,21.616085,-18.530735,-19.410973,3.579488,4.6532955,3.0319343,3.2077575,-11.985501,-14.674793,5.364776
-395.59375,287.00446,24.97836,-48.148376,-9.081013,2.553477,-6.9909434,-15.2347555,-4.707391,26.835667,23.685112,-16.034569,-23.455095,-1.7357728,2.1735814,-3.8929858,-6.3978496,-9.665413,-3.1457753,7.335397
-378.90445,301.75723,32.52702,-31.839155,8.809816,3.4458625,-16.896988,-16.498081,-1.2940993,17.726566,10.357558,-13.499733,-12.629625,-0.1815316,-1.9482436,-5.157669,-5.2995777,-6.7215858,-0.54444337,5.549369
-376.54044,305.81604,38.361423,-21.672348,21.71671,6.971546,-25.238243,-19.803135,2.7633147,10.716511,-4.2955704,-14.457293,-4.633617,-1.3914468,-8.772478,-7.044245,-3.4228292,-3.8062506,1.392509,3.2058978
-377.43982,308.3681,38.940857,-26.336199,26.651283,17.240076,-24.533752,-20.137928,6.3418493,7.562608,-10.860148,-16.89389,-9.445898,-10.129494,-12.782932,-3.546508,4.02352,3.4738426,3.9053826,-0.11825207
-385.02457,306.98383,43.376686,-28.992764,27.542606,24.98685,-22.21532,-20.7935,8.37673,8.126347,-9.558005,-12.754284,-8.954449,-14.24918,-17.52771,-5.836669,9.477231,13.572534,6.732937,-3.9678364
-386.21375,305.74738,39.277023,-39.21308,19.039043,27.20932,-15.163675,-19.066135,8.64848,14.10288,-4.759557,-16.617516,-12.934397,-8.789728,-7.8107724,-1.7563174,3.8773332,1.6704426,0.13542141,2.1561346
-395.70035,293.19263,33.154724,-41.32892,10.342551,20.354446,-11.421009,-20.28836,0.7352673,19.185673,6.7922387,-18.896187,-18.815899,-0.6619226,6.6007495,4.777133,-0.26027486,-9.463251,-9.490201,1.8499637
-404.43262,277.21954,16.641804,-54.794975,-8.621567,1.3570616,-16.043295,-18.875637,-2.0515707,22.567701,18.407753,-11.961857,-18.31416,-0.7940942,7.1334305,7.24543,0.41362172,-16.039505,-14.936474,4.587182
-398.48944,280.4289,15.626562,-53.029797,-8.234123,-1.1720372,-15.053978,-15.339283,0.049785905,24.848888,20.431244,-11.696722,-18.333252,-2.834796,1.5167673,2.1643066,-1.2584417,-13.18224,-7.230838,10.216758
-384.94583,298.75735,32.807793,-36.760838,4.5868673,4.8259706,-14.524534,-15.3057785,0.52687144,21.91269,14.543545,-13.521355,-13.726427,0.9021156,-1.6221027,-4.386897,-3.8000202,-8.861677,-1.6752269,8.572182
-378.56436,305.2204,39.671562,-22.373192,19.18763,6.085851,-22.645111,-17.719784,2.0154824,12.93107,0.12848581,-14.354296,-3.6420746,3.244356,-8.843479,-9.26919,-1.9978848,-4.5867395,-0.17095146,6.4403987
-377.56912,308.75055,41.40988,-23.807858,24.63844,13.90431,-24.03656,-20.241722,4.5791,10.850157,-6.8902683,-18.831673,-8.760092,-4.567049,-12.312609,-5.5614014,4.7836266,0.34821907,-0.5889013,2.3395255
-386.54892,306.6611,45.83162,-27.498802,26.411802,25.436098,-20.08945,-21.865562,6.8734217,9.978594,-10.914677,-18.368635,-9.521716,-11.815022,-19.655752,-6.3078117,13.35034,12.60317,3.742543,-1.1577449
-388.3292,308.0415,45.687088,-37.47392,19.198788,29.532026,-16.092758,-22.578655,8.931116,15.334461,-7.3184533,-18.411991,-11.029976,-9.058496,-12.375162,-3.5825763,7.6471176,4.508279,-0.6088384,2.2027206
-396.9564,299.31848,41.44981,-42.96572,12.141947,27.608656,-12.881872,-22.282906,6.541568,19.098526,0.41056207,-18.87994,-17.733503,-6.055868,2.204791,5.135156,0.8859276,-7.11711,-4.9770527,4.962856
-401.97742,285.78864,25.757214,-50.92214,0.08441256,9.564318,-18.246422,-18.784172,1.278057,15.391117,11.394316,-8.735519,-18.761942,-4.656557,11.05027,9.702856,-3.2384672,-13.932711,-10.125963,2.3455095
-407.95572,270.6806,7.4396067,-61.939514,-12.208963,-6.3640814,-24.644596,-17.035751,2.130013,19.428402,18.917225,-6.1647797,-20.253332,-6.006427,7.807526,5.642467,-4.609172,-12.933619,-7.2342777,5.5149045
-390.10947,291.95523,25.945292,-42.37802,2.472371,2.934957,-15.983631,-11.850005,3.8666315,21.285492,16.923145,-10.129601,-17.059406,-1.7251499,1.7234906,-4.7555685,-7.704019,-7.401811,-0.2264118,5.071359
-382.57468,303.3047,39.145428,-27.491009,14.606062,5.2456317,-22.271633,-16.19022,3.128161,13.397446,3.107771,-12.527,-5.8919096,3.5136065,-5.747553,-10.17107,-4.344832,-3.2697062,1.1798456,4.7865705
-381.30258,307.5012,44.45275,-23.620573,21.299562,12.099747,-23.946087,-21.81775,2.671975,13.211134,-2.9309804,-19.016493,-9.311805,-0.78476256,-9.878996,-7.856954,2.7591143,-0.58230144,-2.5318303,2.1115952
-386.29474,306.31265,47.030052,-25.508408,23.363972,22.509956,-16.973953,-21.520113,2.7543182,11.490009,-7.998396,-22.239794,-11.414091,-7.1752796,-17.797497,-8.315465,12.875408,11.679717,1.5373275,-1.0094526
-387.44446,307.10602,47.0923,-30.536156,20.69322,25.668615,-14.317457,-20.775517,4.090807,14.050387,-3.5190296,-19.513742,-13.692253,-7.386753,-12.898715,-7.091391,9.1736555,9.656278,0.7210312,-0.6573099
-393.45062,301.2149,43.0259,-37.302525,14.36718,25.748585,-9.702663,-18.307022,3.917193,17.962782,3.565072,-21.10161,-22.462273,-4.9196305,1.5590953,-1.1512332,1.2113613,0.24227053,-3.747239,1.9969838
-402.0548,290.88028,35.319496,-45.551033,4.027856,17.18488,-12.660349,-19.480194,-0.802058,15.066881,10.116799,-11.887441,-19.916595,-1.8944588,12.626301,6.8314476,-4.3558893,-10.352627,-9.192545,-0.4627489
-415.90506,270.4844,13.79932,-67.03844,-16.837118,-1.8544974,-25.46884,-22.631721,2.1432428,18.755741,15.059059,-5.7530956,-18.954845,-7.3015347,9.297796,7.7891865,-6.005474,-13.998239,-8.530266,1.3739222
-400.07208,285.83093,23.632927,-52.305588,-3.0304928,5.508296,-18.333551,-14.499462,8.361959,22.974998,14.635492,-8.842335,-16.400227,-3.6041985,1.9465708,-4.7696085,-7.9029264,-5.484514,-1.9153473,2.4449098
-389.89572,300.86224,41.399666,-34.417755,7.0318375,7.204911,-19.765858,-18.129484,3.6308265,17.936668,6.2978163,-14.080479,-8.57926,5.77549,-2.70226,-13.108543,-5.796861,1.222542,0.55116594,-0.3233176
-388.81732,306.50208,51.247547,-26.454796,14.16263,13.857239,-20.930538,-25.913136,0.15930298,17.554539,0.23079929,-20.816994,-9.047354,4.594563,-7.3207464,-12.374186,-0.4495484,1.9759192,-2.1595426,-1.0168447
-389.9308,307.30212,53.17738,-26.969185,16.059605,21.245562,-15.020853,-25.3818,-0.81201994,15.457579,-5.0223293,-25.911125,-12.588615,-2.072973,-15.118378,-11.309935,9.8196335,10.358533,-0.58444583,-2.8829536
-391.92368,305.72577,53.152237,-26.668137,17.589294,24.912727,-11.391779,-24.353811,-1.3198915,17.06194,-0.90825564,-24.110119,-15.614836,-5.5411296,-15.414463,-10.145092,11.550495,13.599836,2.1233053,-2.8587155
-394.56625,304.0627,50.43724,-35.222107,10.798243,26.859285,-6.5039463,-22.520754,0.22112317,22.02821,3.8344727,-26.705053,-21.909168,-2.3099608,-2.9902034,-4.581438,4.075322,2.1658516,-3.8422096,1.8653042
-400.62842,294.81622,41.445225,-41.25583,6.2972984,21.635082,-7.9536266,-19.881252,-2.8464136,15.694994,8.268854,-17.231918,-21.336527,-0.78465736,9.297093,3.3269491,-2.1160505,-7.390353,-9.159285,0.79303366
-410.46698,280.63025,26.150743,-57.952263,-11.0539255,5.8035674,-17.326973,-20.828897,-1.2038578,17.372124,15.007666,-8.742333,-21.082779,-5.0350437,10.193937,5.0982294,-5.558499,-10.600422,-9.3982315,-1.3255975
-411.23627,279.05768,22.473083,-62.65377,-12.811212,5.617297,-19.249199,-20.034733,5.8219466,23.695866,15.407311,-8.823767,-17.084316,-1.9667709,5.7742696,-3.7651842,-7.6750603,-1.9708076,-0.40074116,0.336349
-395.88913,297.21964,39.421494,-41.605675,3.212788,8.930708,-20.440405,-17.895853,7.861823,19.897926,7.3319607,-11.333149,-9.451842,3.8804302,-0.23539968,-11.909745,-6.844122,2.9420352,0.83339024,-1.9715939
-390.4458,304.36914,49.409332,-27.418346,13.645845,12.092333,-21.616528,-23.263508,1.178582,15.765924,2.3186946,-16.242668,-7.7443132,6.4864416,-4.242263,-14.87472,-3.9710188,4.410326,-0.5700992,-2.247305
-390.7918,307.29507,54.601517,-26.38834,14.345353,18.119144,-16.965782,-25.28178,-0.74514157,15.838957,-2.226859,-23.734644,-13.128727,-0.08294481,-10.569186,-11.899481,5.6528645,9.505314,-1.3263234,-5.1624155
-396.0358,303.8363,56.165703,-24.486155,17.449507,24.14279,-12.677546,-25.490784,-1.9340105,15.8350315,-1.6652354,-23.455803,-16.497944,-8.195945,-15.993626,-9.212513,11.70372,15.188658,4.50946,-4.259581
-395.50513,305.39246,54.366623,-33.38122,10.6429,26.881199,-7.734209,-24.688934,-0.2236879,21.525581,2.0454745,-25.885405,-20.011406,-4.971095,-5.9922314,-2.589366,5.237089,0.6379514,-1.5660664,4.0994515
-400.05756,297.79706,45.787468,-39.656937,7.3948054,24.874554,-6.5280905,-20.41116,-0.29549545,17.744062,4.7462277,-19.55901,-20.16977,-4.8192167,3.3710477,5.3129673,0.7478175,-9.301276,-5.8941984,7.348381
-407.59573,286.74582,34.864548,-50.846077,-6.779909,11.085446,-11.352235,-19.171225,-3.618269,15.087152,14.199797,-7.9391418,-19.893997,-5.4905396,11.421295,9.646767,-5.0610447,-14.056027,-6.8870497,3.0355964
-416.6454,271.8426,16.563017,-67.21884,-17.280346,0.4658081,-23.920118,-22.75048,4.093222,21.290648,14.375587,-6.576336,-16.078285,-4.495706,6.9017296,2.3854032,-6.968293,-7.728893,-2.3334126,0.87931997
-400.97757,292.14972,34.200108,-48.348106,1.9113516,10.105991,-23.349432,-16.567604,15.050228,20.20948,4.401621,-6.676381,-7.9592037,-4.212276,-2.1736262,-5.844886,-8.561003,-3.8940423,1.6927124,1.579148
-394.02472,303.61285,48.661484,-33.016136,13.536934,13.760956,-26.935852,-21.797558,10.531722,13.377417,-3.6428008,-8.689507,-2.5815048,0.14765333,-4.4786477,-9.906666,-7.7256064,0.14804451,3.0392728,-0.037776783
-392.77588,308.10193,56.008533,-28.184837,16.038778,18.415773,-23.681278,-25.279118,6.569426,14.059888,-5.9497538,-16.943388,-9.250421,-4.1475654,-8.605026,-7.3268495,1.6728761,4.2251153,-0.92401093,-3.421856
-399.98187,304.9944,60.90954,-26.971048,15.46821,26.730324,-13.888504,-26.991398,1.4938316,15.477221,-6.792549,-23.92759,-14.151737,-9.096199,-17.141628,-8.162888,12.405945,14.003019,2.4783092,-4.0828753
-396.71362,306.29333,57.76941,-31.114546,12.12064,27.462154,-9.034704,-25.511776,-0.56657934,19.394371,1.2231709,-23.915194,-20.757687,-8.68026,-7.0930557,-2.0357394,4.9129305,2.5085335,1.5689683,2.9609814
-397.50034,300.36816,48.119484,-35.81643,10.114449,24.744442,-6.075683,-17.923933,0.5883113,16.085766,4.211205,-19.168629,-23.24018,-9.853288,1.9725807,5.9114246,-0.4822102,-8.349382,-1.1624975,8.851276
-403.6245,291.912,39.734104,-44.877514,0.33419007,16.902416,-8.560211,-18.31057,-4.2786226,11.6634,10.297399,-8.257261,-18.627773,-6.4139605,10.872456,11.323703,-4.8900013,-15.020286,-5.022875,5.0589666
-416.24023,273.0214,19.081741,-64.47627,-15.858057,1.609462,-22.274334,-22.645327,2.4719388,20.713306,15.275951,-6.1189632,-16.493855,-4.458724,9.01206,5.7399225,-6.3423986,-10.460045,-4.244275,-0.14891964
-406.52563,283.03528,25.816599,-53.92225,-3.730164,7.0127373,-20.862583,-15.25452,13.542913,22.864645,8.394276,-7.717436,-9.636543,-3.9145389,-3.2951703,-6.3756886,-7.9683824,-6.7095523,-1.0769455,3.4560275
-398.06882,300.0093,47.011925,-37.341137,7.526326,12.10927,-25.236012,-21.419254,12.169546,17.058249,-3.8012977,-10.128964,1.05089,2.3898816,-7.8467426,-9.92057,-4.584782,-2.2274642,0.70483434,3.3478205
-396.82413,306.95697,57.996147,-30.289757,13.750437,18.41544,-26.390903,-27.619854,9.501279,16.115604,-7.3554673,-15.082924,-5.0004787,-3.4964952,-8.744532,-5.3721194,0.6203439,-0.53636897,-2.4170432,-0.41120714
-400.75595,306.6759,62.873077,-28.847687,14.137329,24.695797,-18.613796,-26.26899,5.5863805,12.538952,-9.4449005,-18.933462,-12.163683,-10.992027,-13.585064,-6.117116,7.0596247,11.276745,3.1070223,-6.557358
-400.9064,306.71484,62.424503,-30.814873,13.644426,29.806015,-12.323879,-27.537897,0.866926,16.84055,0.21471956,-20.018719,-22.57603,-13.282971,-5.619105,-2.3897243,2.8223457,8.680048,5.379807,-3.9189982
-398.6759,303.86523,54.14563,-35.361908,10.68437,27.04773,-7.8101935,-19.345665,2.0469317,14.777489,3.3452506,-16.791744,-25.131939,-13.952585,2.7874427,5.722418,-2.8749952,-5.110832,1.7964985,4.9303913
-403.96112,295.85553,46.649696,-41.98139,3.697373,23.484974,-5.7843943,-19.07191,-3.8389888,10.043806,6.9408097,-8.489124,-19.48198,-9.663422,10.639313,11.687414,-7.043875,-14.26532,-2.3652172,4.685735
-411.0865,281.25006,29.044361,-56.371468,-11.161903,8.067997,-16.250256,-23.455105,-0.30011895,19.835793,12.702273,-8.754016,-17.647434,-6.080902,8.894215,5.8906403,-8.630381,-11.272226,-4.550616,-3.507039
-411.23438,274.77222,18.67262,-59.253475,-12.136802,1.489511,-20.517014,-19.081089,7.3232226,23.342985,10.52507,-8.889521,-9.233995,-0.24345362,0.32633096,-4.5216923,-5.841776,-3.3982239,-0.7656604,1.8303173
-400.15097,293.19373,41.09565,-37.78273,2.216774,6.576535,-20.044489,-17.22305,9.670928,20.474672,2.0123253,-12.939803,-1.3987389,6.9651423,-6.920309,-14.13203,-3.5010152,1.5080183,-1.1442604,1.9850295
-395.33014,302.2801,52.725555,-26.42294,12.23449,11.890238,-22.602905,-23.574484,4.8358564,16.861341,-1.6216211,-16.043056,-4.63412,3.233092,-7.86847,-10.270111,0.07625291,0.11439375,-3.8395467,1.6687157
-397.18658,305.36017,59.631237,-24.931034,13.234434,17.316998,-18.418522,-23.151142,3.2692823,13.249028,-5.79545,-19.831318,-11.162048,-5.91568,-13.053532,-7.6270046,7.3754296,7.7458863,-0.35253423,-3.4209292
-400.56335,304.0665,60.31465,-26.405334,16.640888,27.410732,-13.693731,-28.09388,-0.72625566,17.443775,0.39759204,-22.110874,-21.684978,-13.075102,-11.247421,-3.4101593,9.602829,10.172632,2.6816993,-1.3141645
-397.72284,305.29996,56.31398,-33.097706,11.353722,26.903622,-8.548456,-21.971947,0.67411464,16.767553,3.1781855,-19.715797,-24.15041,-12.451485,-1.7527797,3.3964262,2.6142986,-2.6215475,-1.6401889,5.180585
-401.58536,298.60114,49.3026,-38.726738,5.579142,24.206234,-3.5684628,-17.360416,-4.4812517,10.68928,7.5872545,-12.200196,-22.84887,-10.213632,7.1184936,8.627693,-2.965941,-9.943525,-2.4020395,6.815814
-406.5597,288.2154,35.670715,-49.90605,-3.788787,13.199452,-13.676004,-21.748325,-2.0760756,16.727299,12.109161,-10.170422,-18.428246,-2.8066049,10.461939,6.1504574,-4.1412516,-8.422336,-5.617716,-1.3778559
-420.1615,269.04474,16.220657,-68.170204,-18.215628,1.1181825,-23.719482,-23.263786,5.8487606,23.437906,12.543833,-8.065286,-10.698982,1.5938629,4.3522058,-3.238759,-5.444565,-2.719571,-1.8668727,-0.4814597
-408.6886,286.66678,38.069893,-45.73355,-4.7190137,6.0665646,-18.691559,-16.893423,9.822621,22.836252,6.3646345,-12.967846,-5.531683,7.366143,-3.9801137,-16.34505,-6.079106,4.3309665,0.22422817,-1.864581
-401.50897,298.95325,54.332283,-30.018951,5.2856584,11.63682,-18.353313,-24.940292,0.852902,20.111813,3.2435322,-18.064613,-4.4491253,10.529388,-6.4063334,-16.95464,-1.4560796,4.4713664,-3.725712,-0.7252661
-399.31018,304.33453,61.620056,-24.816803,8.576002,14.322696,-16.712027,-23.920137,0.26817468,16.13096,-1.2815838,-21.448877,-11.643596,0.1504941,-9.775063,-10.965817,5.1241064,8.203392,-1.5472097,-4.623511
-400.6597,302.22034,58.65377,-24.441113,17.841698,24.808247,-15.755493,-27.704079,-0.5515513,16.472513,-0.902417,-22.57323,-20.871212,-13.347473,-13.229055,-3.4438267,11.684525,10.747863,2.2692118,-1.2974457
-398.37128,305.77582,58.13059,-31.497381,13.28511,27.39067,-12.237663,-25.576687,1.8915566,18.061878,0.6863022,-20.497643,-21.92435,-14.2571125,-6.555479,4.033326,6.897089,-2.383466,-3.5198803,5.4619336
-402.82562,301.2218,54.44482,-38.340813,6.089899,27.924236,-3.522267,-19.220491,-1.2219892,13.345642,4.0508904,-14.8075075,-22.572199,-14.401831,0.84321094,8.779924,0.62421525,-9.864897,-2.8230534,9.914286
-407.47922,293.3542,45.166584,-46.706116,-0.6684687,21.64112,-9.757187,-23.898987,-2.1523933,15.964042,7.473611,-11.475464,-16.429995,-4.4049706,8.454887,8.020443,-3.526124,-10.884902,-6.1699467,0.37556374
-418.53055,275.34152,24.981396,-63.865524,-14.916397,6.176147,-22.534206,-25.474962,5.873099,23.703016,10.288059,-9.711315,-11.318529,0.38705269,5.101321,-0.40234637,-5.054578,-5.419404,-5.0110264,-3.9006686
-414.85706,279.33765,31.542532,-52.38414,-8.271906,5.416122,-19.390385,-15.889196,12.92746,24.174908,6.5610237,-12.061892,-7.2777843,3.5135355,-4.4072385,-15.115305,-8.336605,1.2331833,-0.09631196,-1.6886837
-404.3797,295.89703,51.413048,-33.659157,3.224968,10.601143,-18.837399,-22.076122,4.3577743,19.917099,3.5309112,-15.088299,-3.875979,9.517441,-4.991023,-16.83244,-4.768735,3.0427992,-1.8507673,0.1452329
-401.4143,303.41882,62.666763,-25.434612,6.5811806,13.607802,-16.387592,-24.18935,0.16142169,18.029194,1.2123626,-20.92947,-10.690783,4.0609093,-7.495708,-13.243351,2.7885563,7.0374575,-3.6104345,-3.9175444
-399.52164,302.80707,58.589874,-24.039476,16.553055,21.84335,-15.9453,-25.300385,-0.6011577,14.608784,-0.62646806,-21.454678,-20.061285,-10.639229,-11.124601,-5.751172,8.78409,10.63117,1.7046977,-2.6046596
-397.39145,304.3089,56.288628,-27.138477,18.030819,25.038363,-15.481258,-24.251354,1.7336636,15.173551,1.6680577,-18.326641,-25.209198,-17.7509,-5.192522,4.1556153,5.0361366,0.8404761,0.4561367,1.4843609
-399.51825,303.3314,54.232124,-35.718685,10.131693,27.311916,-6.475389,-18.127869,0.87033105,11.635976,2.980826,-13.118044,-23.889923,-18.161205,0.252361,8.889154,-0.9707695,-8.207449,0.4255724,7.666028
-406.9327,296.44904,50.14996,-43.22499,3.0073576,26.85635,-5.8840933,-22.985031,-3.7793102,12.99764,5.916477,-11.455022,-17.84074,-6.3900104,8.802423,8.277024,-5.641339,-11.148463,-2.9378042,1.4962862
-413.86618,283.13092,33.12017,-57.123516,-7.7829037,12.439699,-21.071701,-26.223658,6.6214166,22.550789,6.3195763,-11.066576,-10.7986555,-2.3109987,2.9670515,2.981808,-2.5875053,-9.380694,-8.618908,-2.5560083
-421.99142,270.83344,23.267544,-61.954964,-14.231014,2.6491146,-25.106964,-21.040718,14.168459,25.676832,4.436405,-10.347147,-1.5732001,4.527995,-4.8427124,-8.339708,-1.4699681,-1.2961876,-3.349703,2.7316492
-407.2529,290.4605,44.874573,-37.713383,1.9152126,8.140398,-21.850348,-19.640993,11.009533,21.789238,1.255078,-12.4469185,0.7618314,7.4563622,-7.4403934,-12.172571,-2.2414176,-1.404115,-2.20577,5.281201
-401.4107,300.53497,58.253086,-25.382011,8.28905,11.214075,-19.897776,-22.953491,4.038849,18.300285,-0.21831028,-17.108183,-5.1315775,3.652112,-8.314723,-9.146174,2.2977467,0.25944766,-3.4848232,2.6278358
-400.01718,303.52063,61.538765,-23.74672,11.236063,18.608936,-13.479411,-24.646206,-2.114113,16.228958,0.6183228,-21.572088,-15.944873,-5.8677917,-11.26232,-6.841228,7.844678,7.7072163,1.0043764,-0.48176414
-399.041,302.24365,57.540386,-23.36588,17.98227,23.71595,-13.376053,-24.708374,-2.4342337,15.290691,4.3287935,-19.693157,-27.328705,-17.602486,-6.3241715,2.1647234,6.4844117,5.436302,3.4960911,-0.37771544
-398.216,304.72528,56.094376,-32.43354,11.997092,25.957176,-7.894488,-18.139336,-0.15303622,10.6920805,4.45957,-13.130293,-27.258244,-18.935604,2.1562572,7.247984,-2.243682,-3.3657806,3.2265291,3.3603592
-404.1794,299.17313,52.531654,-38.8365,6.354816,26.318064,-5.1915655,-18.814598,-3.3779857,9.3197975,6.4269843,-10.051138,-23.266582,-11.172129,10.66771,8.222095,-7.8795595,-6.7561445,2.3822417,0.24876906
-408.9783,289.14117,39.30771,-48.74685,-0.7553166,14.945805,-18.76977,-22.80067,4.579836,16.871262,6.541665,-8.881698,-14.877934,-3.849875,9.9801655,6.0226674,-5.835528,-6.2758512,-3.1701496,-5.3273954
-426.18753,265.2532,17.55389,-67.526794,-18.297104,-1.4707954,-29.531094,-23.227863,11.984305,22.0117,4.6972394,-7.6314244,-3.5141406,3.5649765,0.9591402,-5.6924663,-4.7008123,-0.39045012,-2.116298,-3.1371198
-414.52502,283.70123,39.83368,-45.49722,-3.02175,7.166932,-23.225895,-18.382553,14.955777,22.713785,1.5421896,-10.987778,-1.2296133,5.591634,-5.7149076,-13.835783,-5.4656153,0.81464434,-2.2914019,0.50455296
-406.40436,297.3246,56.451645,-30.381151,6.747411,12.018801,-23.17025,-24.017673,7.1663475,17.82651,-0.7632693,-13.250856,-3.6795318,3.6210337,-5.345396,-9.937431,-2.2603092,-0.16190352,-3.4509437,1.443677
-403.82425,304.498,64.87129,-28.83305,6.692439,19.311106,-15.691049,-26.002346,1.410712,15.456583,-2.6912808,-17.581396,-10.534294,-5.6571665,-10.829144,-6.18244,4.822521,5.0975637,1.0083613,-0.5638852
-408.0988,302.5838,66.96515,-27.667475,11.369984,29.8348,-9.934256,-31.275991,-4.944086,18.472431,4.2613354,-21.056515,-26.115648,-17.388538,-8.732131,0.41799897,7.7253585,8.870752,6.0508833,-1.4150064
-403.80203,306.18298,65.02821,-33.160362,7.206931,29.777224,-5.408453,-25.002579,-3.0793605,16.35947,5.5718303,-17.610117,-26.970814,-16.992245,-0.9914531,5.5745306,1.4403527,-1.5164948,1.5969039,2.5518785
-407.80786,301.40594,60.63598,-38.824696,2.9372897,31.311264,0.13564104,-21.938421,-4.046688,15.720481,6.7728767,-16.886053,-25.213974,-11.0872135,4.813855,4.8908744,-3.1625516,-3.9493632,1.1325744,2.7042184
-411.19824,293.3678,50.00152,-45.177956,-0.45393762,23.308733,-11.132242,-26.556076,0.5623253,20.411324,5.930272,-15.610165,-14.944419,0.32174218,7.688465,3.5780275,-2.0316699,-5.3453703,-6.917369,-4.30179
-425.1124,274.88422,32.819355,-62.40394,-17.197088,7.792624,-22.892216,-28.088497,9.073307,26.636133,4.243191,-14.035139,-5.0126452,5.2742944,-0.044427212,-5.332946,-2.3343735,-2.1139278,-6.3735275,-4.96838
-427.04114,275.62256,39.374535,-54.905975,-13.906701,7.6518106,-21.51524,-22.397907,15.608969,27.828024,0.37274164,-15.303933,-1.1386323,6.03593,-8.00429,-15.110618,-5.244588,1.2481214,-1.2042744,0.7599701
-414.8172,293.52704,58.878147,-35.899483,-0.35660762,14.070086,-20.884857,-27.538052,7.0232067,22.241972,0.14507237,-14.528664,-1.781559,6.807296,-4.6593223,-12.267009,-4.620105,0.71970266,-2.179658,0.6105298
-406.38,303.23096,66.0681,-29.831789,2.8544226,16.712059,-15.356828,-24.794981,1.5454171,15.009251,-1.7259698,-15.492985,-8.782866,-2.5032704,-7.6423817,-8.902469,0.53816175,7.541295,2.4057455,-5.2540493
-407.3559,301.69492,65.888054,-26.374666,9.819824,25.392025,-9.676834,-28.179646,-6.9148006,14.606656,5.686775,-18.002396,-26.817049,-17.398617,-5.960416,-1.1341372,3.1142955,10.722966,9.851654,-4.49013
-406.24728,304.3523,66.9924,-29.710033,7.1107597,26.912483,-6.1127234,-24.931515,-6.1796827,14.042943,7.9873905,-16.793041,-32.160915,-20.782127,0.86614907,6.2592926,-0.80038714,-0.016018748,5.1702127,0.51189876
-407.27243,302.73407,63.300346,-36.08441,3.0334575,29.312412,-0.28498495,-20.911026,-5.1194134,13.686572,7.4012804,-16.468798,-29.314404,-15.697644,4.5425844,5.3847027,-4.983734,-4.016178,3.8537443,2.9964786
-408.51074,295.82968,52.2686,-40.116142,4.8032074,25.565327,-9.570986,-24.699074,-1.1685884,15.031363,2.605184,-15.475051,-16.12985,-3.1299229,6.503767,4.807205,-3.1796165,-8.098003,-6.0672083,-1.5911708
-418.30008,283.5598,41.519882,-52.899303,-10.453823,11.423433,-19.582214,-26.956177,6.6421633,24.314766,2.8410692,-16.828102,-8.12574,3.5596511,-0.07880126,-3.3708239,-1.4772393,-5.108859,-8.529488,-4.143582
-434.36127,266.3094,32.61914,-61.138573,-22.074554,1.773341,-22.230602,-23.23641,13.769469,30.03918,3.7525866,-15.148937,0.6806491,11.067835,-5.3566313,-13.673274,-1.6581461,2.6275325,-3.3432243,-0.15582047
-421.91382,288.7073,58.666054,-41.04944,-7.4654503,14.649765,-16.178295,-27.03928,7.365504,27.96737,4.6060987,-16.009539,-1.8452376,10.943802,-3.520062,-14.730643,-4.8639708,1.8854331,-2.5667984,0.14892545
-413.68793,302.13416,72.16434,-33.25186,-4.054757,19.604416,-10.780172,-27.714344,0.21298705,21.0677,1.7269814,-17.966415,-6.02172,5.700779,-7.236536,-14.293674,1.4543655,9.786558,-1.4817367,-6.4270573
-407.4185,304.0882,68.352135,-29.08265,6.6716604,25.846529,-9.450047,-28.48206,-4.5689516,16.761269,4.389544,-17.64781,-20.09956,-11.323258,-7.9264755,-3.988008,5.6121235,9.771506,4.023571,-2.823708
-407.91672,302.63477,68.040405,-26.730415,8.066102,26.43902,-6.5321007,-26.960186,-7.2867203,16.2207,8.398817,-18.820564,-31.402466,-20.570679,-3.2811818,5.697466,4.72303,1.6785041,2.3090124,1.0943096
-407.73212,303.735,67.340355,-32.99935,1.5118251,27.86227,1.1266084,-22.218098,-8.232465,15.560166,10.229191,-18.612833,-31.280159,-15.224361,3.111971,4.6897745,-2.321941,-3.3733609,2.5933752,4.127094
-408.15063,297.7387,56.184597,-37.064457,5.7455955,27.438446,-6.3545837,-23.832985,-1.9656589,15.86077,2.9019682,-17.866455,-18.448341,-4.8628683,4.105818,4.4234924,-1.1434913,-7.1913075,-4.8428774,2.1349354
-414.3536,288.4015,46.604942,-45.75064,-3.7234015,14.844016,-17.89963,-25.522278,6.2491407,22.389713,2.121447,-16.58979,-9.0449915,2.9564848,2.4226148,0.53909916,-0.086187616,-6.048688,-8.352314,-2.1612253
-433.88882,263.6632,28.194778,-61.160324,-22.35817,-4.1267657,-26.806595,-22.600834,11.786697,24.16631,2.180295,-13.252819,-0.8111832,9.09887,-2.9752026,-11.584017,-3.674543,0.375263,-4.079134,-2.7507925
-424.78473,279.97238,48.292645,-43.848793,-9.577358,7.226884,-18.590523,-21.526875,9.524733,25.824856,6.0261536,-13.974838,-4.573781,8.300223,-2.5812194,-14.479116,-6.9842024,0.48689365,-2.037336,1.0209996
-412.82178,296.88513,63.55139,-32.51468,-1.6666684,13.122543,-15.415615,-23.042816,2.5809875,16.794407,1.42058,-12.567225,-3.7341032,4.1688433,-6.6403494,-12.379934,-0.5113233,5.217418,-2.1375332,-2.5639124
-403.0771,303.3907,62.357895,-28.756329,7.496582,19.142414,-13.121479,-23.124178,-2.2764535,11.7007885,2.859902,-12.556742,-16.241306,-10.97024,-7.073575,-2.9156756,3.1214633,5.268391,3.397025,0.17359757
-405.24658,300.65475,62.72944,-23.859217,12.948295,23.161388,-9.522,-23.0094,-6.5441327,10.807552,7.405481,-14.489618,-30.695595,-24.151217,-5.12014,6.8286915,5.8836656,2.7977576,5.458082,3.2466273
-403.00684,303.4359,63.234077,-27.60968,7.735444,22.936007,-4.1987658,-18.834858,-6.0817385,11.667164,9.119492,-15.327618,-31.611824,-19.68808,1.9817,8.125429,-0.6056936,-4.932972,2.668643,5.9104643
-405.60532,298.7512,57.172962,-31.950304,8.112065,25.312374,-4.413652,-19.303024,-2.3898013,14.772345,5.4136734,-18.822098,-24.929289,-8.947716,4.4132366,4.18624,-1.9402747,-4.8272696,-0.51868606,3.7011037
-412.29013,291.42426,52.16635,-37.81584,1.2255037,17.447376,-14.034109,-24.611984,2.9111614,21.65275,3.0901146,-19.948784,-12.582566,4.152437,4.2158356,1.3118634,1.8705292,-5.6416893,-10.258009,-1.4626367
-427.5982,272.7279,37.736465,-52.97877,-17.371025,0.16708747,-23.030521,-23.11409,9.458513,23.979677,0.47332674,-17.009499,-1.6766509,9.218039,-3.975377,-9.263231,-0.63780874,-1.8991683,-6.5997686,-2.3983934
-430.25687,269.6974,37.675655,-50.073814,-14.901392,2.1314695,-19.400066,-19.879208,10.9952965,27.233856,5.439123,-15.036659,-3.6071675,6.1320295,-7.4778805,-13.739719,-5.3394227,-4.497194,-4.2924194,4.6796994
-417.4021,290.7544,59.846962,-33.936413,-4.2568693,10.478635,-15.7981,-23.685516,2.1118455,19.289635,3.5395565,-12.514418,-1.9955453,6.008012,-7.261652,-12.0401325,-0.9936913,0.22596674,-4.147946,1.9143224
-407.48193,302.35092,65.68335,-31.597517,0.5213455,18.13531,-10.905851,-25.169693,-3.7286181,15.085539,3.875956,-14.598141,-12.5493145,-4.6089697,-8.014847,-6.8953247,3.6145973,5.08108,-0.29475158,0.01144845
-410.35126,300.70068,67.77286,-26.875813,8.204441,26.045174,-8.025459,-27.791206,-7.666642,14.523245,7.0385933,-16.845613,-27.40914,-20.402855,-9.006908,2.0022883,9.104996,7.241061,3.1739812,1.3993884
-409.9379,303.8938,71.41902,-29.309425,3.565223,26.897148,-3.5994654,-25.310305,-6.711787,16.44856,8.430302,-19.42003,-32.032578,-18.996483,-0.21415475,6.498855,2.137362,-2.0132425,0.7754382,3.5806684
-410.674,301.44183,66.34862,-33.752098,4.187185,30.326124,-2.7904115,-24.73648,-1.5075762,20.713255,4.595976,-24.110699,-26.823582,-9.209782,1.6952684,1.5173345,-0.13494389,-1.2123033,-1.3399869,1.3850044
-415.8791,294.30884,61.1435,-35.890167,2.322241,25.207035,-10.117119,-28.5848,1.1080233,23.370953,1.4474895,-24.362568,-14.831007,4.906863,4.9494457,-0.36984456,0.5312963,-4.1333766,-10.426825,-4.3989477
-424.43384,282.38422,50.177536,-47.515503,-13.378939,9.103011,-17.399998,-24.988346,8.124533,26.114079,0.5147149,-20.556171,-3.9865909,10.974924,-1.7146918,-9.772436,-0.5518676,0.29817003,-7.5825205,-5.7512536
-438.005,261.16107,31.321344,-58.201935,-23.423134,-3.5960042,-23.499794,-23.588388,8.935623,26.760027,5.0626574,-15.560419,-3.0881596,8.968388,-3.5341487,-11.579065,-3.8778067,-0.81106067,-1.2693948,4.1902895
-422.10226,283.31894,53.827682,-35.914345,-5.845136,7.4008117,-16.51526,-21.438885,4.0581594,20.781538,5.90841,-10.700792,-2.2404468,5.723821,-5.297478,-10.81834,-3.9886565,-2.4845452,-1.9275539,4.6071596
-408.4444,298.91278,62.415985,-30.862839,-0.18571882,13.84531,-11.472294,-21.141727,-2.175732,13.61393,4.674698,-10.780043,-9.338559,-3.2814858,-6.6266923,-6.0281935,1.2339652,2.4401884,1.3144832,2.1174695
-408.66437,300.9712,66.48989,-26.836533,6.867895,22.42685,-8.569786,-24.667515,-6.9030857,12.274874,7.393895,-12.656282,-23.70953,-18.814075,-7.5342426,2.3989317,6.1486635,4.5685306,4.9154673,3.602139
-412.4009,301.97406,72.14168,-27.574528,4.3144655,25.61121,-5.643402,-25.737026,-6.394726,15.271242,7.4930944,-18.594448,-32.816826,-22.270103,-1.1718127,8.63336,2.8601282,-2.6827993,1.9356041,4.745241
-412.14484,302.68268,70.037926,-33.139305,3.5514233,30.185648,-5.1230664,-27.056845,-0.5671728,21.473234,3.3515568,-24.853596,-28.018341,-11.726194,1.0168352,2.5279222,-0.1356402,-1.2238607,-1.0246811,0.3650642
-417.3141,296.6771,66.27927,-35.210976,2.8305511,29.039547,-8.404153,-29.500929,0.919956,22.553574,0.015611356,-25.497463,-18.310186,1.2884026,5.4892435,-0.29954988,-2.0372715,-2.492383,-6.1084833,-5.053048
-423.43457,288.8232,59.394646,-44.057503,-10.444534,15.372673,-14.685501,-26.661816,6.429825,24.330944,-0.49112916,-21.084051,-7.4542184,9.2345085,2.9176579,-7.373308,-3.4526176,1.5908992,-3.9202342,-8.227499
-441.66992,265.9651,42.61969,-58.65805,-27.372032,1.7018144,-18.833359,-26.188625,7.6249638,30.261559,8.34004,-16.01498,-4.4966097,12.928333,2.76433,-12.45565,-7.0017104,2.6374195,-1.0692086,-5.730796
-432.23523,276.24805,51.951527,-44.253304,-13.491856,8.162376,-16.017624,-23.819473,6.7906866,27.396494,8.56232,-12.324762,-2.6037438,8.767149,-3.5992405,-13.194969,-4.336169,0.2926899,-4.257037,-0.019368082
-414.8846,295.5506,64.07966,-33.87758,-5.0828137,13.756168,-10.602882,-22.642998,-1.9631797,16.613361,6.4835052,-10.510051,-6.3011017,2.6368198,-4.940976,-10.512656,-0.45065272,5.836236,0.19479789,-2.5723972
-408.5791,301.66162,67.25497,-28.41957,2.9230762,20.030254,-7.6515045,-23.707966,-7.4722147,12.795301,9.13571,-11.652895,-20.87654,-12.462042,-4.292882,-1.4532526,2.7964053,6.1413155,4.4930525,0.21285936
-413.53775,300.5431,72.72821,-25.28439,4.0036964,23.865726,-3.88793,-23.97448,-9.558503,12.956908,10.538237,-16.793247,-35.097103,-22.293758,0.85934883,6.7574186,1.087668,2.095676,6.4338937,1.8626394
-410.14273,302.91623,69.51863,-29.323275,6.2659903,26.29823,-8.565693,-25.020523,0.25013417,18.642454,3.4812994,-22.241734,-29.783564,-15.524208,1.9380832,5.3465714,-0.9728619,-2.907134,0.20745689,1.4194942
-413.72208,298.16876,64.98689,-32.15232,7.7415123,28.439556,-10.8084755,-26.225136,5.5804996,21.446491,-2.7974448,-25.02336,-19.908794,-5.4810934,1.5501436,2.550406,0.013124019,-4.2785625,-4.6062646,0.5996235
-418.1234,292.35883,59.73545,-38.360104,-1.1438949,18.637222,-16.364353,-25.270985,8.395584,20.605013,-4.7930613,-20.11065,-7.084488,5.2673492,2.0975013,-2.6321192,-1.9253302,-2.599775,-5.383712,-4.2787285
-433.23752,274.524,46.88676,-52.336945,-18.818462,3.8655267,-22.285725,-25.007456,10.066125,23.238667,-0.8121853,-15.923885,-3.3113503,7.0148706,-1.3677468,-10.153145,-6.837,-1.7398634,-3.4275565,-5.5897284
-440.92392,266.8806,44.500885,-53.595383,-20.602373,5.4926634,-17.614113,-23.730486,8.727225,27.139463,7.1607533,-12.387587,-4.6234565,5.3627634,-4.096595,-13.89744,-7.498657,0.025067806,-1.9084036,-0.19127461
-423.96558,290.13263,65.12543,-38.193565,-10.602625,13.736191,-11.071119,-24.668114,0.02909264,19.072182,5.197246,-10.277986,-2.71415,4.1731873,-6.4585247,-11.846201,-1.2551533,4.290226,-1.5109472,-2.2235274
-413.02182,301.02908,69.83931,-33.093994,-3.0766537,20.361927,-7.492277,-25.926588,-5.850548,15.420343,7.3548717,-12.2372055,-16.120628,-8.621731,-5.1194963,-3.1935487,1.9363186,4.28596,2.2724128,0.551247
-415.81616,299.34393,72.85397,-26.675663,3.716608,25.515888,-4.3374796,-25.558094,-8.487913,13.885495,8.915411,-16.415453,-31.779781,-22.142128,-3.0037894,5.081623,3.5090866,4.7493286,7.5571637,2.3982925
-410.39105,302.08484,69.632904,-27.075415,7.1593475,24.465126,-9.125177,-23.5352,0.104737975,17.115353,3.7741854,-21.2878,-31.353935,-18.217785,1.8393215,7.2528095,-0.6925682,-3.8850193,1.498495,3.6389382
-411.48367,299.08423,64.70969,-29.52034,10.252398,27.510445,-11.071043,-23.518366,7.316618,21.144897,-2.4433653,-25.02877,-22.977837,-9.864508,-0.35154054,3.7110817,1.6274085,-4.0377526,-4.1395197,2.8508215
-415.18457,293.76273,60.300064,-32.638435,5.8900137,21.275234,-15.378494,-23.8393,7.596596,18.417612,-5.4102283,-20.528145,-9.25321,2.9689417,2.0682135,-0.22513703,-0.15720168,-4.4831715,-8.012217,-3.0368233
-425.50607,282.12598,52.285507,-43.578754,-10.75271,6.5582914,-20.13184,-20.726568,11.573557,20.671947,-3.0017576,-15.47997,-1.8963737,7.2486777,-1.5981903,-7.8573084,-3.1652422,-1.1627483,-4.4424562,-4.3780766
-444.88687,257.70667,32.9196,-60.811203,-26.159063,-2.9092708,-23.616837,-23.72858,8.514406,23.356491,5.4372053,-9.318762,-2.132627,4.681799,-2.7941093,-9.0933895,-5.8731966,-2.5764384,-1.1881957,2.9538884
-427.12234,282.06207,56.257095,-39.123848,-9.095735,8.71991,-15.58198,-20.591232,4.5983405,16.989616,4.3758893,-4.742266,0.9445888,2.2403727,-6.4799995,-8.750873,-2.6772382,-0.6019364,-1.2651523,2.1232343
-413.9503,298.54346,66.747444,-34.401955,-3.9625788,17.735138,-9.430248,-24.0779,-2.7775402,15.178596,5.808782,-9.368467,-10.415823,-6.4066095,-5.534938,-2.2089865,1.6051861,0.9855504,1.4680882,3.3242626
-416.08533,299.74997,73.670746,-27.58422,1.8303521,25.037678,-5.0313425,-27.800892,-8.359498,16.523281,9.095577,-15.750908,-25.537296,-17.618294,-6.118389,2.5164375,5.598512,4.926221,5.9929,3.9316187
-413.98532,301.24487,73.31179,-26.745045,4.3787866,25.240353,-7.4141316,-26.622944,-2.4017403,19.562336,4.147716,-24.686832,-31.34232,-16.346832,0.044889748,6.1032534,1.5863235,-3.057569,1.4507364,5.4717445
-411.69504,300.58612,68.068344,-28.379929,8.4990225,26.761309,-10.49662,-24.836155,5.537446,22.022629,-1.447742,-26.648264,-24.963669,-10.533726,-0.35743213,4.3113303,2.0049443,-4.323272,-3.158615,4.0567107
-416.0437,295.1264,64.31294,-29.96294,7.9596395,24.699028,-13.401617,-25.032337,6.4502096,19.038006,-5.543638,-23.144285,-12.812031,0.9356712,2.413613,1.1635568,0.66664135,-4.2135305,-7.5937696,-2.2779086
-422.6281,287.99023,59.213753,-39.0731,-7.22453,11.243841,-16.905973,-20.779522,10.2931595,19.315163,-4.985135,-17.166672,-1.7188138,8.840302,-0.36874455,-7.0298433,-0.94412696,1.8482051,-3.6415713,-5.1288996
-439.39926,265.18033,39.91001,-54.722637,-22.042576,-0.5880535,-21.612114,-21.89573,9.244108,23.346636,5.5074472,-9.2314415,-1.2698021,7.4747534,0.33537346,-7.7059784,-4.5865736,-0.46078202,-1.9565752,-1.4308946
-434.86783,271.99927,50.06795,-42.384438,-14.640968,3.5639238,-15.154724,-19.48653,3.063415,18.31525,7.757723,-5.8814106,-2.3053818,2.4851704,-5.408892,-11.074741,-6.1017413,-1.1747429,-0.41596752,1.1267099
-417.47964,293.2154,63.846016,-34.669647,-7.7971277,12.825764,-8.130572,-21.970276,-5.4084353,14.912006,9.804354,-8.331041,-10.8279705,-2.9117146,-2.809785,-4.9570327,-1.8295166,1.2632532,2.569352,2.1681046
-415.92404,298.85834,72.93539,-28.029715,-2.5646005,20.424843,-3.4683123,-25.921974,-11.044424,16.05961,12.409787,-14.448779,-24.268326,-13.0450735,-3.5922148,-0.14267342,2.384171,4.2292204,6.1589155,3.4070861
-415.73883,298.9795,73.14673,-25.615055,3.1176777,24.424992,-5.1582575,-26.965694,-5.477819,20.293621,5.828714,-26.60695,-31.81205,-14.820823,-2.1700501,3.5129328,3.9471073,-0.016480222,1.8863213,5.666149
-412.54166,300.7594,70.7251,-27.415567,4.8916125,25.439438,-7.203692,-25.972363,0.8552111,23.516708,1.6466205,-29.792564,-27.659376,-9.120837,-1.4059557,1.6245592,2.6062074,-3.163509,-3.4977264,3.918571
-416.96765,296.09192,68.43608,-28.201765,5.5564346,25.842339,-8.223305,-25.605455,2.9307723,22.768414,-1.5356004,-28.37838,-19.325073,-0.7985989,-0.062334865,-1.4654932,2.4077682,-1.6752853,-7.366399,-2.11806
-422.89026,292.00122,66.929726,-36.16926,-6.8094907,17.029076,-10.735523,-22.823336,5.4520755,19.419704,-4.576729,-21.047073,-4.778995,9.412079,-0.489144,-9.127993,-1.5311346,3.0540578,-4.3237157,-8.043513
-436.69022,274.9372,53.800827,-49.24878,-21.842339,5.115446,-15.388333,-23.758482,5.190523,23.134037,3.8260088,-14.720854,-4.648326,7.806361,-0.5958463,-11.626936,-7.2107854,0.2522518,-3.6159685,-8.828751
-446.07614,261.8479,45.07599,-50.92546,-23.080223,1.0821047,-15.992874,-20.33948,5.9445734,22.566628,8.922091,-6.7079296,-3.0688713,2.5455315,-4.2723465,-10.595428,-6.4292965,-0.56583524,-0.8962208,-0.7325112
-425.9708,288.12915,65.396515,-37.883965,-13.271035,12.767628,-6.9529953,-23.09761,-4.4199934,17.829388,10.951447,-7.151099,-7.8294125,-0.1128952,-1.5277675,-6.019905,-4.4496098,0.5799951,2.923559,0.6931749
-417.6426,298.4723,73.46127,-30.498697,-5.62387,19.386139,-4.2950816,-25.531593,-8.171249,16.865124,10.636929,-12.287561,-18.754837,-10.575686,-3.1682649,1.0368842,1.223143,0.55274284,4.5793304,4.8930316
-416.94,297.66785,72.59303,-24.912773,5.041504,25.316807,-6.0793695,-26.944717,-4.4305916,19.61143,5.362772,-23.897001,-29.649475,-16.396751,-3.8781757,4.0244646,5.1546702,2.3370543,5.1080074,6.2396164
-412.689,301.11908,71.320885,-27.811304,4.089239,25.551842,-6.3395877,-25.969233,-1.2038338,21.047657,1.4420916,-29.031065,-28.863482,-10.86594,-1.5545335,1.0660243,1.1529448,-2.007727,-0.15561096,4.3388786
-415.7176,297.7823,69.73689,-28.02497,4.919727,26.710175,-5.619423,-24.800667,1.1951214,22.219173,-0.6244834,-29.97128,-23.603634,-4.1835,-1.6725042,-2.5849266,2.2989492,0.44479823,-4.097343,-0.65252036
-420.82327,294.03125,69.5914,-31.55178,-3.3205862,19.878607,-7.1993027,-23.800457,-0.028924435,17.719658,-3.4440749,-24.287594,-9.03669,9.460611,0.235728,-9.68879,-1.0040234,3.1872892,-5.666086,-8.159216
-429.55328,283.41174,60.09646,-42.886295,-15.684823,8.567209,-14.123085,-22.7986,4.4994106,19.537523,-0.19668394,-16.386307,-4.1131873,7.965199,-2.1839237,-11.604288,-3.5557194,2.1929631,-5.5238056,-8.468395
-449.0787,258.66644,40.88426,-57.78806,-27.667297,-0.69810075,-19.30943,-23.18877,5.7375374,20.757833,5.1507797,-7.6831903,-1.7122221,1.7754921,-7.6554465,-12.947884,-6.515588,-2.6629589,-6.2448883,-3.4719994
-433.97574,280.60806,61.25711,-42.443466,-15.308854,11.323652,-11.229385,-23.101753,1.0613519,18.783054,8.902456,-3.2340426,-2.378547,-0.46007827,-3.436122,-4.299115,-2.3556933,-2.036386,-0.9973481,3.9575644
-420.8333,296.53986,71.99852,-34.57438,-7.2070904,18.761898,-8.168103,-25.499504,-3.138218,16.941921,8.373253,-8.095438,-13.242451,-9.712215,-3.0597963,2.4829936,1.7453957,-1.581563,0.9909281,5.8338366
-418.7926,297.94568,73.513885,-27.253658,4.873328,26.409588,-9.72065,-29.747292,-2.237452,20.58876,5.9334784,-18.949924,-25.286354,-16.245611,-4.7545652,3.0719917,5.563167,5.0285454,4.8393393,3.4158244
-415.0545,301.73938,73.36534,-30.6604,3.011086,29.01324,-6.117767,-28.353788,-0.98517734,21.267422,0.81260026,-27.893879,-28.134602,-11.400206,-1.5236676,0.03271945,0.817272,2.0520375,2.4578211,1.5468571
-416.99197,300.7807,74.09126,-31.426044,1.6846862,30.454205,-3.0064955,-26.558792,0.25715727,22.85773,0.45923212,-29.39466,-25.623562,-5.6360397,-0.0616875,-3.6328187,-0.6032746,3.7417316,0.45106116,-3.2254586
-423.4153,295.47296,74.58078,-30.84014,-1.6588452,26.119406,-4.244319,-25.68032,-0.7323912,18.78334,-2.7516289,-25.426498,-13.160478,6.7824717,2.630555,-7.959046,-2.2775383,4.3218193,-3.9659445,-9.992235
-427.74106,288.23303,66.97394,-38.27661,-13.088626,12.43055,-9.823797,-21.356369,3.1892836,18.463676,-0.23933065,-17.366774,-5.5132427,9.38978,1.0955248,-10.63825,-3.5211465,5.253737,-2.4149175,-9.755127
-444.35394,264.00928,44.803947,-53.83593,-25.312908,-1.1830604,-19.84161,-22.56224,4.6741667,17.701193,3.0917392,-8.604467,-2.6740985,2.5914745,-4.655023,-11.132128,-6.4976826,-1.6536102,-5.0871434,-5.4131575
-440.98734,270.23486,52.567524,-46.341038,-17.433903,6.7798405,-15.151325,-22.332546,2.959408,17.386848,6.9715624,-2.3880124,-1.3066928,-1.6434393,-5.407305,-6.4314756,-5.4413404,-4.508045,-1.3059464,4.6314883
-424.9655,291.83435,69.28078,-36.918438,-10.6920805,15.500627,-8.950324,-24.635132,-3.228105,16.043163,8.894208,-6.053746,-11.382519,-8.433224,-2.2090425,1.824407,-0.6668285,-3.7230344,0.561591,6.445141
-421.03586,297.18066,74.67969,-29.326712,0.21690407,24.266268,-9.562975,-30.96899,-4.031335,21.008415,7.7096376,-17.087177,-22.32166,-13.322868,-5.018482,0.71220785,4.73562,4.921625,3.0318375,2.322669
-417.68906,300.40045,74.13962,-31.73304,1.7884123,30.779366,-4.695627,-30.397497,-2.7377229,22.425232,1.1178564,-29.751179,-27.824854,-9.372458,-3.5942187,-3.932467,3.2055001,8.159616,2.7031298,-1.7686536
-415.1658,302.0862,73.3569,-32.53813,1.591615,30.987999,-3.1237779,-27.47414,-0.1835801,22.75898,-0.9129665,-30.776047,-24.475292,-4.6105933,-2.8153577,-6.3326263,1.41839,6.519476,-0.47343323,-4.4025974
-420.19846,296.10864,72.50519,-27.684147,3.6775794,25.613472,-7.0300446,-23.529701,2.9135044,18.209179,-4.4367023,-25.21768,-15.811161,0.070690274,-0.0066195875,-3.7636478,0.32958686,2.2187366,-3.7200344,-6.4624686
-423.9788,291.8227,68.99429,-33.838654,-6.726514,15.323496,-10.252206,-19.980465,4.4810705,14.828412,-3.9755635,-15.934917,-5.002709,5.6470737,1.0469512,-5.7330713,-2.7836123,2.0204966,-1.4363785,-6.873166
-434.8545,274.63483,52.256245,-44.827507,-15.682173,3.299544,-19.411936,-19.946838,8.385164,17.196938,0.99373114,-7.1992264,-0.78951406,2.287324,-1.8517175,-4.18024,-3.1119049,-3.171689,-4.587139,-3.0757675
-447.9061,258.5443,41.57699,-51.15518,-20.696953,-0.44718653,-20.312881,-20.192833,5.9993243,15.973358,4.992651,-2.398863,-2.3572278,-4.2403026,-7.1819887,-7.712302,-7.2700152,-6.0491614,-2.8651757,2.6899104
-428.77136,285.90314,64.30513,-39.110813,-12.864027,12.000795,-10.013878,-22.696775,-2.8181047,14.531694,9.583786,-3.1858563,-9.769003,-8.043144,-1.5160513,1.1869053,-3.593336,-5.9591503,0.6412951,6.8015385
-421.4396,295.9274,73.0721,-30.997095,-3.207211,20.619202,-9.464912,-28.567951,-4.0092993,19.02428,7.872257,-13.593258,-18.6138,-12.177823,-4.8846726,1.8662021,4.220396,0.9941982,0.5234161,4.4966807
-416.6284,297.84973,69.833725,-29.380465,5.7714453,28.595116,-7.7542105,-28.66825,-1.1211684,20.155268,0.0021750927,-25.911991,-24.842297,-13.178375,-7.988195,-0.9420058,7.6774235,6.8935413,2.0843465,2.3410714
-411.7808,301.6179,68.5588,-31.86441,5.0391135,28.88424,-6.979814,-26.347307,1.6267815,19.45493,-4.651093,-28.86102,-21.957495,-8.513975,-7.5101433,-4.115283,4.464303,3.7752645,-2.0146847,-0.77355725
-418.4558,297.13953,71.61276,-28.21481,4.728354,27.130966,-6.5080466,-23.392124,4.2593474,19.223127,-6.403742,-28.288605,-17.834347,-3.5955915,-5.214429,-4.9085445,3.3059254,3.4436617,-4.271103,-4.738948
-424.31973,293.73337,73.64221,-30.699997,-4.8827095,19.45187,-6.7660794,-21.791653,1.5555382,14.831921,-5.750545,-20.704395,-6.9077487,6.084832,-0.9427978,-7.8456993,-2.1443357,1.9759724,-3.7173054,-8.186193
-432.23386,282.96844,63.854584,-40.316723,-15.423759,9.662986,-12.557508,-22.615051,4.28784,19.621693,0.46472853,-14.335121,-3.6300578,4.9272723,-2.702466,-7.5512586,-3.1401334,-2.2214446,-6.5306067,-5.916172
-452.50827,256.4999,44.275032,-53.159393,-27.174797,-0.6114803,-15.9640465,-21.083849,5.532134,22.439861,8.188111,-5.752882,-0.99351233,1.6183642,-6.3520823,-9.998198,-7.0176067,-5.8434153,-5.931547,-1.706706
-436.91226,278.21283,61.68242,-43.163834,-18.628777,11.675457,-7.104725,-23.918102,-2.6986156,20.963076,12.734043,-5.0678897,-5.5084085,-0.54931813,-2.4318209,-3.3963165,-2.8934243,-4.453682,-1.5115523,5.7576
-424.89615,293.4405,73.81804,-32.415478,-8.804424,18.04079,-5.7749233,-26.116482,-5.6007905,19.74317,11.987593,-10.389122,-16.043306,-8.9232235,-2.6802032,2.353941,2.9619327,-1.7887714,-0.5124218,6.4669733
-419.4436,296.55438,72.14282,-27.714886,4.97779,27.399578,-8.245287,-29.219341,-1.4377345,21.808352,4.060959,-21.623833,-22.701899,-13.111629,-8.145901,-0.02420117,9.120364,7.284094,1.5294356,2.7031515
-412.51514,300.88348,68.203094,-31.533388,6.0710793,28.813705,-7.8010435,-25.363317,2.4861398,17.731636,-5.0588694,-26.435886,-21.805777,-10.84939,-7.6980686,-2.9904747,4.6753387,4.9569707,-0.08451469,-0.51212573
-416.31082,298.685,70.5594,-29.400742,5.291294,27.429459,-6.8947,-22.084854,5.425542,17.505564,-7.709956,-27.386791,-18.570196,-6.2196245,-6.616328,-5.6729183,2.9604025,5.34229,-2.0826323,-4.563651
-424.465,294.20984,75.253136,-27.865965,-0.90303373,22.435814,-6.424747,-22.542917,1.1116768,14.246275,-7.0433035,-23.126335,-9.319635,5.7860985,-0.5976417,-8.677496,-1.3496519,4.159836,-5.075988,-10.463818
-430.38962,288.00778,70.65489,-36.589066,-13.57054,13.459616,-9.025127,-23.682177,0.7303582,19.075195,1.2863889,-17.889408,-7.860298,7.3429585,1.4920216,-8.339496,-3.2680488,1.794106,-5.332718,-8.120035
-448.28174,265.08325,53.69278,-49.773308,-27.608324,1.5908465,-14.005505,-24.922903,-0.38215876,20.112417,6.4047065,-11.31922,-5.3735266,3.760088,-3.5191371,-11.719073,-7.675844,-3.2388854,-6.311409,-5.343704
-445.98212,267.75214,55.287918,-49.39736,-26.289085,7.8635745,-6.738252,-25.577389,-5.684264,21.506668,14.641275,-5.4696035,-5.1479616,3.272706,-0.23006308,-6.321124,-5.183135,-2.236373,0.8231328,5.8964834
-428.6076,289.17065,70.98149,-36.056274,-14.31024,14.232148,-5.256817,-24.844604,-7.1701727,17.876553,13.570307,-6.6722326,-13.882479,-8.034542,-0.18264675,4.576337,0.71051145,-5.184491,0.95427704,9.553387
-421.8165,294.54382,72.64804,-26.93607,2.6226392,22.4763,-11.437348,-29.554516,-2.3345203,20.392082,7.020495,-15.122808,-20.409126,-15.576425,-7.345524,4.158278,8.4318695,2.6090024,1.3952658,6.017623
-414.74527,298.90698,68.42064,-30.302998,6.444479,27.861317,-8.342443,-24.52124,2.4107938,15.832943,-5.0814867,-23.70743,-21.543846,-14.079819,-8.326155,0.2779042,6.353037,4.5885444,2.0815952,2.7056801
-414.99774,299.69003,70.621414,-29.004936,5.4993863,26.321438,-7.668083,-20.904522,6.0144615,15.494442,-8.873205,-25.509947,-17.978786,-8.9908085,-7.642271,-3.2004304,3.622593,3.6021886,-0.7345668,-1.3794351
-423.68903,294.54932,76.219986,-23.95446,2.5156078,21.504282,-7.4694653,-19.050255,4.4156685,12.646553,-8.926236,-22.491673,-11.803129,0.0075780163,-1.4432161,-4.7657914,-0.90067965,2.4305177,-2.392572,-7.340847
-426.491,291.34082,72.52921,-31.578342,-7.685567,14.807114,-9.144438,-20.51562,2.0387542,14.472315,-1.9024764,-16.016403,-8.209505,4.0333753,2.9099815,-4.371342,-4.400136,-0.3665442,-2.5539453,-6.251425
-440.01938,273.74432,60.428032,-39.7194,-19.572079,1.561864,-13.957222,-19.415348,1.4385417,16.088797,5.9303064,-8.873301,-7.0522842,2.219751,1.2611804,-6.1000557,-7.4300714,-4.263007,-3.9814515,-3.7917771
-453.95233,253.70477,41.929596,-54.2634,-29.391104,-1.1110063,-12.261232,-22.788452,-5.7551527,16.410057,13.652742,-3.6919756,-7.5888224,-1.223566,-2.112464,-7.9345555,-10.183246,-6.969478,1.4512062,8.531485
-433.01443,282.3744,65.65471,-38.597824,-17.864185,10.350881,-4.953217,-23.088123,-8.053682,17.36058,15.436901,-5.015256,-13.082923,-7.2389493,-0.04934682,3.2506866,-2.4125903,-8.286769,1.1536819,11.30944
-424.03854,291.8352,71.875626,-28.03288,-2.6902773,18.265347,-9.547043,-28.240082,-4.7580423,20.509598,10.142054,-13.3352585,-19.419197,-14.149594,-5.8653026,4.949835,5.9143934,-1.5969234,1.3457508,8.026872
-418.1401,295.39178,69.36959,-27.878717,4.0630703,26.030483,-5.2986813,-25.030584,-1.4391806,17.821129,-1.0719922,-23.987225,-22.23706,-14.466731,-10.039767,0.49648547,7.659664,4.960862,4.5472975,4.7858152
-416.8782,298.6949,72.76594,-28.152212,1.8423109,25.189259,-3.9455514,-21.549068,1.7996647,16.916668,-6.0722647,-27.949697,-19.878551,-7.967323,-8.58136,-4.905712,4.005358,4.605237,0.50749695,-0.8839345
-425.69498,294.24127,79.704575,-22.12937,0.13112411,21.55551,-3.3889232,-18.266819,3.516603,16.375174,-7.074362,-27.903315,-16.22313,-0.58180326,-4.232212,-7.2399607,1.6628928,5.3613844,-2.0768437,-6.5959425
-426.83258,292.622,76.81212,-27.61911,-5.9668927,18.000706,-4.96817,-21.154968,-0.6601269,15.491902,-2.2084332,-20.568674,-9.556471,5.9722958,1.5012987,-5.781155,-2.0693493,-0.27459067,-5.368284,-5.785236
-435.5543,280.88922,68.052704,-34.070316,-15.519227,6.3028555,-10.846304,-19.98462,1.9645948,18.561096,4.135171,-12.6833,-5.94584,3.9103897,-0.18637884,-3.636979,-1.8751299,-5.0453386,-7.826885,-2.2468114
-455.36035,255.54321,47.955933,-51.53647,-30.835445,-0.14465484,-8.323146,-20.34155,-3.456688,20.619535,15.897034,-3.7354412,-5.0467253,2.5220442,-1.2939198,-7.1502085,-7.4690638,-7.0856504,-2.5653086,5.508996
-440.2576,275.30054,62.799286,-42.920197,-24.497116,8.312778,-2.0476437,-23.20393,-10.763285,19.048143,18.714127,-5.6112285,-12.572596,-2.5683398,1.3734508,-0.92089033,-4.713464,-6.760154,0.96220326,9.5746155
-427.0376,290.8083,72.867096,-31.881744,-8.769625,17.57267,-6.5606203,-28.186531,-6.5775976,21.968916,13.221832,-12.985604,-18.533237,-8.605913,-1.4034314,2.7757392,2.5370398,-1.1362151,1.8751295,6.6518965
-422.2465,294.78558,73.52472,-27.336025,2.349961,26.109966,-5.674873,-27.309765,-3.3227205,19.51577,4.344702,-20.663828,-23.311369,-13.746943,-7.0392694,-0.004681051,6.3775015,7.509837,6.8152328,4.0662932
-418.635,298.549,74.57107,-28.17424,0.767605,24.777645,-4.1385612,-21.936855,0.28233755,15.280947,-4.6911793,-26.204762,-22.162218,-9.775171,-6.141032,-4.012978,1.5645555,5.1047,4.1872253,0.013949797
-425.00674,294.96762,80.15065,-21.85516,-0.624869,19.788301,-3.4140227,-15.888632,4.0034785,13.746941,-8.287041,-27.541735,-18.699966,-4.049614,-4.311018,-7.031532,-0.892417,5.052902,2.4660428,-3.7862105
-426.97278,292.07562,78.32305,-22.331734,-2.1351936,17.518623,-4.9091535,-19.092825,-1.1383753,12.34823,-4.1311584,-21.837563,-12.54181,3.656379,2.7819762,-3.9608197,-3.9816117,-3.1581364,-4.1459875,-3.1703048
-432.8282,285.02722,73.66069,-27.889866,-12.371172,6.874257,-9.436958,-18.868246,0.7084492,17.005806,2.8671772,-15.609501,-8.856014,3.8399062,1.5734512,-1.9838593,-1.3795357,-6.1724367,-8.459847,-1.1831369
-449.0416,264.89157,57.5983,-43.69565,-27.12048,0.17944908,-8.335354,-19.901672,-4.5173993,17.487286,12.362648,-6.383377,-6.848554,1.1446021,-1.6046424,-5.586749,-6.7724953,-10.664009,-7.1519327,3.8148832
-446.95203,264.34436,52.09521,-48.85121,-27.463703,4.679201,-4.5179253,-22.469822,-9.125702,19.404863,18.603523,-4.1125407,-8.989109,-0.10084249,0.053848766,-3.0134854,-4.8030143,-7.5204678,-0.8241522,10.878117
-430.6108,286.77747,69.7765,-36.057243,-13.351559,15.834026,-5.312026,-27.600182,-7.3791866,23.036709,15.954944,-11.661842,-16.79773,-4.2681756,0.7556896,0.2340556,0.8072902,-0.3803335,0.72052735,4.7336473
-427.77655,293.16757,77.53415,-28.359331,-1.6101642,25.998312,-6.2020373,-32.0664,-5.756854,24.354023,10.865457,-19.288269,-24.0285,-10.607301,-4.281972,-3.032971,4.3830485,10.998684,7.0524387,-0.86428255
-423.64716,297.15265,78.10438,-29.23085,-1.4780113,28.087963,-1.2496722,-24.825832,-1.8570617,18.840763,-1.2762967,-28.263107,-24.887863,-7.9966874,-4.76328,-6.806921,1.7149469,10.840572,6.677906,-2.3959517
-427.7128,296.2696,84.17238,-24.743004,-4.2773113,23.069374,-0.92717975,-19.266321,2.386638,16.981308,-7.05824,-31.069916,-21.072315,-2.26091,-4.246246,-11.250278,-1.6732368,9.774908,3.6580472,-6.8181524
-431.66412,292.9697,85.070076,-22.200794,-3.3657694,21.93127,-2.8224313,-21.581402,-0.34062627,15.464899,-5.4362154,-26.713318,-15.677915,3.9089398,2.5319045,-7.182042,-4.525999,1.2321683,-3.356436,-6.598172
-435.06384,289.01965,82.438644,-26.343208,-11.842396,12.573179,-7.2293687,-21.632744,0.23873709,17.58617,0.46623868,-19.494492,-11.513456,4.6044393,3.6058884,-3.7580154,-3.051313,-2.897696,-7.962918,-5.4042683
-444.43347,273.87646,68.1461,-37.276146,-23.94146,3.9428673,-6.384966,-20.968021,-4.4938245,17.309948,8.035108,-10.485087,-6.3559856,2.3996797,-2.6378355,-6.465616,-4.6086445,-7.1272945,-8.0725975,-0.3196639
-457.73044,253.03828,47.40104,-54.132107,-36.81044,0.6250787,-2.0313928,-24.820625,-14.97246,18.928972,19.258045,-6.6441555,-10.2509165,-0.5358137,-2.9444532,-7.2555857,-8.922579,-10.2436695,-0.98930717,11.620771
-435.276,280.4101,65.98634,-39.294765,-20.534039,12.060899,-1.5420845,-27.71957,-12.096006,24.825407,19.708647,-13.069326,-15.357603,1.1995213,1.1154525,-2.9757771,-0.2297078,-0.6586227,0.60374844,5.37197
-427.13367,290.00238,73.572395,-27.25454,-3.7554116,19.724537,-7.485174,-31.384947,-7.2070203,26.003952,13.553709,-19.480103,-21.838112,-6.9053526,-4.087554,-1.9935768,5.82962,6.435685,3.157792,2.4724183
-424.79346,294.79544,76.24879,-28.127228,0.53853273,27.50444,-3.63292,-25.98759,-1.2156527,19.739353,-0.6557187,-27.173477,-24.094095,-9.053778,-6.0024652,-5.4956965,4.0870705,11.758947,7.5772715,-0.3013353
-425.27402,296.17593,80.69675,-24.636642,-1.1900134,22.258265,-4.8255315,-19.745695,4.4432364,16.0512,-9.502005,-30.519518,-20.022507,-4.5250177,-6.130948,-9.012404,0.41213134,8.232973,3.1214461,-3.712335
-431.62222,292.51068,85.46161,-19.094141,-0.97267425,19.830545,-5.3871,-18.816069,4.692969,15.776947,-9.319373,-29.54163,-17.265003,0.7241043,-0.56437546,-6.766026,-1.9850053,2.7086873,-2.3734593,-4.7639685
-434.60287,290.63675,85.71975,-22.250454,-8.389896,13.947376,-7.0990686,-20.491812,0.97910386,14.840237,-3.684608,-21.111341,-11.591529,3.9294224,3.42049,-3.0583272,-3.0252035,-3.4148755,-7.710058,-4.502694
-444.93027,281.0777,81.195694,-32.165672,-23.43509,6.5229187,-4.3699746,-19.9794,-4.7312684,14.895115,7.351999,-11.004154,-10.968838,1.6472301,3.896678,-4.3054523,-7.420409,-4.4933515,-4.3946695,-3.4293618
-459.91284,256.06763,52.87628,-54.964653,-36.053726,2.8104186,-5.1514425,-25.510395,-12.879139,14.4782505,15.501128,-4.691922,-12.9522915,-5.065896,-1.2620287,-8.741058,-16.565613,-13.373169,-1.6504879,5.916851
-441.18378,273.07175,58.250736,-46.471756,-22.437027,10.426701,-6.2635155,-26.347267,-6.915221,21.746689,16.279226,-6.144223,-9.909166,-1.8045444,0.62096024,0.10624072,-1.776764,-4.0406933,0.9580859,8.216669
-429.78586,287.57343,71.47626,-31.40012,-7.623994,17.940044,-8.494881,-31.008793,-5.346895,26.641485,13.89332,-16.581226,-18.63158,-5.2188096,-1.5421445,0.12616259,4.134803,3.4044373,2.0067582,2.655821
-426.67374,291.73087,75.54649,-25.714834,0.33498257,25.103933,-4.15086,-27.595379,-3.5706093,22.655949,4.9211283,-24.833961,-23.532497,-8.945249,-6.497045,-4.287278,5.5419645,11.299995,8.63361,1.5631065
-426.18176,294.63464,79.94859,-24.103514,-1.2166209,22.215864,-3.8934264,-20.333641,2.7072098,17.28667,-6.4754725,-30.295351,-22.07095,-5.5141473,-5.3190656,-7.867886,0.51538694,8.510841,5.2997966,-2.3107586
-432.05347,291.51624,85.191315,-17.385567,-0.09031442,17.8186,-6.265667,-15.231672,8.590408,15.442138,-11.479719,-30.174202,-18.126402,-2.0360365,-2.8754232,-7.1170335,-1.5806375,4.0441494,0.5271886,-3.0707781
-434.0787,290.3541,85.7832,-18.777214,-4.050413,15.251829,-6.5133476,-17.774046,2.3644757,12.018911,-6.930769,-21.425762,-11.001533,3.6876187,3.2439137,-3.6133475,-4.397865,-3.1734633,-5.403716,-3.8130462
-440.5535,284.51813,82.920296,-26.232143,-16.396702,6.8803673,-7.193048,-16.92973,0.7715454,12.998165,1.1154602,-11.258083,-6.994879,1.235544,1.413688,-1.3783162,-2.333263,-4.5806613,-6.93971,-2.4144802
-450.40533,266.49374,59.661785,-45.817093,-25.294518,5.6602106,-8.479073,-21.849571,-4.275213,14.322172,10.077729,-2.3164139,-5.868284,-2.85004,-0.65705365,-2.7280154,-8.552387,-11.061399,-3.877733,6.8105745
-450.31244,262.80115,50.390953,-54.080513,-27.473244,6.73837,-9.852564,-26.124971,-6.2679586,17.437332,13.748875,-3.7906067,-11.084515,-5.9040217,0.15320943,-1.5172734,-8.364191,-8.69739,1.6359807,10.51436
-431.77167,283.74365,66.14399,-35.47434,-9.49086,14.705878,-11.510967,-28.562223,-2.7958932,22.975456,12.095617,-11.595776,-16.253757,-7.5627823,-0.4476414,2.5880444,0.746994,-1.7680384,1.871882,5.2981043
-428.78214,289.109,74.885925,-24.197926,0.21059504,21.136675,-8.251039,-28.869375,-4.160086,22.448566,8.624807,-19.14199,-22.81108,-12.149803,-5.99442,-1.1078249,4.351375,7.9311695,9.538874,3.6137094
-426.34338,292.40247,78.11268,-21.964184,-0.23355207,20.36384,-4.1137486,-19.980524,1.4582069,16.998009,-5.139511,-28.9675,-22.206684,-8.33689,-6.9252663,-4.5854483,2.5552535,6.4268255,6.9130507,2.3782995
-430.29614,290.83273,83.330666,-15.211683,0.47052988,13.542702,-7.970261,-12.409784,9.5955715,12.900863,-13.828241,-29.994003,-17.422127,-4.5173955,-6.4311247,-6.6485896,0.044302285,2.9905705,1.4450985,-0.16176045
-432.2329,289.3769,83.65812,-14.420675,1.1017135,13.480829,-8.85663,-14.368591,5.050594,8.225861,-11.803905,-21.721228,-10.539344,0.26920834,0.21923068,-2.0904312,-3.7032278,-6.2175236,-5.2440596,0.3192104
-436.55118,286.69952,83.81519,-19.907547,-10.604975,5.5132885,-8.862787,-13.718009,2.2574255,8.724939,-3.2945585,-11.774389,-7.0224857,-1.0386508,0.21943372,0.4272552,-1.8651192,-6.7988925,-7.2605724,-1.64755
-445.95612,274.6722,71.37963,-36.466595,-24.305607,5.9061413,-2.4246259,-19.2711,-8.860304,12.860761,12.246044,-4.57056,-9.147172,-1.0434871,2.2909203,-2.6457849,-9.446808,-10.744059,-3.183666,4.1830435
-457.1087,252.91875,44.017693,-56.55166,-32.184532,4.1743383,-5.7660275,-24.76159,-8.24552,21.105934,17.810427,-4.1102395,-7.288042,0.092481166,-0.86803705,-4.70617,-8.265295,-9.222698,0.3841557,10.407667
-435.98672,277.93115,62.33405,-38.932137,-15.961549,11.68103,-7.8234973,-27.938845,-6.0196366,24.748215,15.375711,-11.882894,-14.0188,-2.8834438,-0.09848377,0.52664876,-0.24039379,-3.2409582,0.6746661,5.4044685
-431.28156,287.37158,75.49344,-25.344809,-3.951787,18.905941,-7.822047,-30.678701,-5.9726973,25.906296,12.723734,-19.12908,-21.825785,-7.9953384,-3.8008382,-1.6860179,3.9834764,7.022298,7.095986,2.0741405
-429.9071,290.75446,80.67369,-21.339413,-2.31073,21.592707,-0.9037546,-22.276546,-2.7988791,20.064192,0.7758373,-29.546879,-25.112312,-6.8561664,-5.2064734,-5.9493346,2.9863977,10.568615,9.740683,1.1398363
-432.44058,290.74377,87.026764,-14.980104,-4.563525,13.248739,-3.0738823,-14.478519,3.7540734,15.554817,-9.656211,-33.803913,-20.277618,-1.7991934,-6.7779136,-9.995859,0.8857786,6.3267794,2.041068,-2.3552904
-434.5236,289.45947,87.869965,-13.813201,-3.4316487,14.147496,-2.3633826,-13.889399,1.8391211,11.21418,-10.513693,-28.871994,-14.357465,2.2849088,-3.5881262,-8.305107,-1.1018155,-0.027171172,-4.2886605,-1.1221566
-437.21588,287.74643,88.505844,-15.519503,-9.790198,6.9185257,-5.770308,-14.474651,-0.030836165,9.880972,-5.180528,-18.7225,-8.53985,2.2213597,-2.0336957,-3.1074018,0.8388869,-4.872981,-10.406694,-2.6883292
-440.77805,280.1582,76.78804,-28.39605,-19.274754,5.001157,-3.1650705,-17.167997,-7.627964,10.885231,7.720335,-8.34178,-9.327877,-0.9467466,-0.06044933,-2.509055,-5.3876023,-9.421024,-5.7211666,3.380129
-453.2801,256.35892,47.589127,-49.22265,-27.38624,2.445877,-6.794545,-23.101717,-11.223658,14.000883,13.6367035,-6.104333,-11.142252,-4.538478,-5.229246,-10.032257,-14.215211,-14.543755,-3.6844738,7.536339
-442.59265,269.14618,54.855625,-45.032585,-21.146881,7.9572077,-8.115761,-25.894104,-5.652037,24.20427,17.511341,-8.593996,-11.741861,-0.34951764,1.3622392,-1.1371832,-2.243523,-3.2347078,1.7997847,7.1239004
-434.2415,284.26544,72.81154,-29.328842,-7.716029,16.276121,-9.72595,-30.25791,-3.2559595,27.813942,13.472681,-17.396523,-18.922523,-4.730912,-1.0220783,-0.6665844,3.1685667,4.75324,4.0106525,1.7222764
-434.58664,288.3589,82.11226,-22.148056,-3.243338,22.305433,-2.719759,-25.666145,-2.799736,23.460503,4.9860153,-26.724663,-24.850185,-6.9672346,-4.5303016,-6.3306828,3.4217587,13.594772,10.740925,-0.6362622
-436.77524,290.1161,90.33311,-17.027206,-7.1944013,16.337902,-0.61391604,-16.976522,1.4824249,17.71212,-5.350732,-33.18068,-24.129343,-2.8782372,-3.5500846,-9.735193,-0.58556396,9.91066,5.7732496,-4.4371686
-437.01465,289.5726,90.777985,-15.278624,-6.722128,16.482533,2.3971715,-14.156777,-0.46179947,13.680843,-6.6379523,-31.069386,-20.24965,0.35741466,-2.354446,-9.460651,-2.2592187,3.965483,0.5226175,-1.9969758
-438.03116,288.84967,91.368164,-15.222677,-9.672897,12.029137,-0.20317967,-16.217342,-4.879691,10.406675,-2.812286,-21.607851,-12.086483,4.529472,0.93021077,-5.5335045,-1.7216046,-2.154613,-7.49109,-4.309058
-439.55612,284.37042,82.941696,-24.936775,-17.654419,7.4337378,-1.51967,-17.321896,-7.569461,11.222191,6.1667233,-11.051864,-9.636111,1.2458254,0.8603988,-2.5991335,-2.6755936,-6.0107265,-6.3711367,1.180997
-448.28275,266.23718,59.319336,-42.01367,-24.378752,5.606864,-4.0468683,-22.847294,-11.573797,14.715895,13.609772,-6.639669,-8.447326,0.39375556,-2.747635,-7.455946,-7.725816,-10.716468,-6.303101,6.9173226
-450.61877,258.58282,46.449917,-52.310646,-28.539917,3.483453,-9.218278,-28.622635,-9.443905,23.331966,16.267641,-11.628288,-10.574303,3.054113,-1.1031692,-5.7381735,-1.6052,-2.0673864,-0.7614131,7.753316
-437.30768,279.2071,68.415634,-32.965603,-13.515736,12.107674,-9.023695,-30.967491,-6.1329923,29.080734,15.590973,-18.782547,-17.753498,0.08992356,0.6871798,-1.6101313,3.0249925,3.6433568,2.2654305,2.2700043
-435.766,285.27246,79.69597,-21.424889,-3.8811872,18.859228,-6.1998434,-29.663193,-5.377182,26.111805,9.394918,-24.344513,-22.854221,-6.1658783,-5.687009,-5.87724,4.988697,13.233757,10.35849,-0.3325882
-435.77707,288.0917,86.35944,-16.586346,-4.97629,16.108328,-2.2373948,-18.847197,0.7648958,18.99102,-4.426886,-32.792286,-23.174307,-3.9851267,-5.8513546,-8.269299,2.9868925,11.368554,6.3207836,-3.842293
-435.30923,289.4366,88.40863,-15.369377,-5.408882,15.842561,0.81658053,-14.136183,0.7057927,13.840588,-7.6822157,-31.516363,-20.374737,-1.5016629,-4.805952,-9.50381,0.06715785,6.362719,1.0110681,-3.3756647
-436.7479,288.90106,89.74012,-14.55625,-6.0435677,15.315547,1.655164,-14.993403,-5.5631204,7.6442566,-4.804946,-22.056301,-12.560156,3.9365973,-0.016664058,-7.286837,-2.1005104,-0.38755924,-6.381918,-3.9735177
-439.57794,286.9832,88.6499,-20.906803,-16.507252,9.008278,1.3008814,-16.167742,-8.9338,10.080185,5.8436747,-13.260825,-12.634586,1.905729,3.466174,-3.148366,-3.9069366,-3.7210488,-4.888461,-1.5717348
-444.08688,274.31232,69.35162,-34.544533,-20.692907,7.748781,-1.8041992,-20.568676,-10.842178,13.513501,13.10311,-5.6485424,-8.374887,0.4537281,0.4322776,-3.1333485,-5.819939,-10.088182,-5.440139,6.9660597
-456.48596,251.0635,40.977783,-54.80433,-28.816614,3.1882267,-8.456789,-24.573563,-5.9577513,22.676136,16.401077,-7.405551,-8.070993,0.42905837,-4.1581087,-6.9270964,-4.997217,-8.5245,-4.271719,9.84789
-439.65796,272.91217,60.122406,-36.779434,-14.730972,7.9010177,-12.221757,-28.352577,-3.7058382,26.781853,14.319086,-15.703405,-15.203045,-1.1369451,-1.4764425,-1.553161,2.5731394,-1.6090324,-2.840561,4.3877544
-435.7145,282.6502,75.248215,-22.194324,-3.5708168,14.7166195,-10.444607,-28.53244,-3.5149426,25.227137,10.657719,-19.851358,-20.705887,-7.4684043,-5.764542,-3.1036923,5.7039404,8.568566,6.6721826,2.303039
-436.63663,286.0901,83.587265,-16.599457,-1.7175919,16.131233,-5.651245,-18.364628,2.7493565,17.22343,-3.33636,-27.14816,-23.39532,-9.641155,-6.2997675,-4.4896736,3.7003703,10.805258,8.945438,-0.9796724
-434.5141,289.4939,85.82084,-17.233433,-3.0825028,16.136318,-3.3054004,-14.036592,3.5646129,11.099192,-9.300209,-26.972843,-21.244957,-8.922584,-5.605156,-5.20747,-0.8437294,3.8983936,3.3369203,-1.3076764
-436.09433,289.99704,88.48119,-17.359348,-4.1774354,18.64137,0.70072305,-14.428011,-2.5054395,5.400755,-7.9885817,-20.104548,-14.765663,-4.2600727,-1.8797548,-4.1885796,-3.9978626,-2.1465921,-1.9332304,-1.0680304
-441.0827,289.2238,93.613144,-19.697418,-14.675328,12.665194,1.2444851,-16.86913,-7.504444,7.845644,1.5238054,-13.83709,-13.79065,-1.6836855,3.3914313,-1.869252,-5.9158106,-4.620096,-3.9218667,-3.5860639
-444.0251,281.70367,80.960495,-31.731083,-20.269394,12.622686,0.45080653,-21.711666,-11.132155,11.997531,11.090636,-6.62016,-11.85858,-2.2456706,3.2136617,-2.083181,-8.903667,-9.451712,-3.8137448,3.2227902
-454.13803,259.6603,52.658035,-49.005722,-24.361944,9.834312,-5.1845465,-24.82457,-7.633463,18.785847,14.413855,-6.22766,-9.673943,-2.1078072,-3.5505085,-9.529425,-11.626892,-11.047861,-5.0080595,5.5565724
-447.06454,266.38947,55.92383,-44.947197,-21.47741,7.6786714,-11.042107,-28.873837,-4.1642914,26.950428,16.293104,-11.877274,-12.378748,0.996969,0.92519164,-1.8677415,0.62875056,-0.71233946,-1.1883671,4.613739
-439.0843,281.56683,76.07511,-26.52112,-8.835972,14.598879,-9.424269,-29.852669,-3.5507507,28.515924,13.999478,-19.096989,-19.739458,-2.609405,-0.60045904,-3.0428205,3.711872,8.270769,4.875037,0.03866452
-439.34015,285.44812,85.696,-17.155615,-2.7885013,18.524153,-4.6055393,-22.520199,0.3465398,22.108995,2.566947,-26.257915,-23.439865,-7.1924877,-5.3470154,-5.663889,5.548469,14.824938,9.674019,-2.1755204
-436.9678,289.73975,89.002846,-17.474522,-4.2594175,18.105593,-2.3583224,-16.412464,3.0701952,14.38641,-7.369385,-28.477295,-21.621729,-6.730823,-5.6146564,-7.076692,1.790258,9.171783,3.5867572,-3.9937196
-436.40314,290.077,88.53356,-18.386177,-4.6598797,20.039679,1.9435582,-14.4702835,-1.6404057,7.315295,-8.346871,-23.202555,-17.542439,-6.3273673,-4.7782583,-5.766741,-1.5264875,1.5979877,-0.8166827,-1.3615835
-440.69653,289.28082,94.23023,-16.63385,-11.153576,13.578954,1.0801889,-15.5106125,-6.98689,4.6339684,-2.1979604,-13.869875,-12.575935,-3.3940542,0.9974474,-0.69793826,-3.2814732,-5.136899,-6.1621633,-3.036622
-443.3505,285.47784,87.66809,-27.56847,-19.646923,13.403231,2.142189,-21.556906,-12.835825,10.726498,10.766428,-8.28669,-14.783907,-2.4332733,6.374992,-0.24459259,-9.259882,-8.004876,-1.489537,2.000422
-450.79227,268.23575,63.598606,-43.369835,-22.375608,12.246145,-4.1987343,-26.415184,-10.924835,15.08208,13.691916,-4.5932603,-10.433645,-2.441022,1.354867,-5.3655267,-12.945351,-11.467083,-1.8817649,6.5215087
-456.57208,255.22264,47.086594,-54.507004,-29.64581,4.2688456,-11.879571,-30.524418,-6.638958,24.975298,15.926823,-11.108327,-12.704527,-0.050416797,0.8708855,-3.6825197,-4.2503476,-2.940757,1.1780546,6.385111
-442.38937,275.95905,69.97807,-31.550816,-13.268818,11.037978,-11.010254,-30.007803,-2.9730098,29.303585,14.422275,-17.911535,-17.584486,-1.3452604,0.6216451,-1.0267634,2.841917,4.1205254,2.8771143,1.6900861
-441.34534,281.56012,82.68955,-17.312817,-3.913414,15.510738,-7.395096,-26.120602,-2.0776274,24.917297,7.4862165,-23.346909,-21.864143,-7.5302672,-6.9938307,-4.91953,6.974315,13.705696,9.23311,-0.94683874
-439.34067,286.36536,88.215164,-15.923075,-5.613106,16.303566,-0.2902061,-16.183395,-0.09083067,15.366867,-3.2482176,-28.196089,-24.140133,-8.1740885,-5.240098,-5.4964314,2.37004,9.73374,7.39944,-2.007322
-436.17236,289.3667,87.2871,-18.598953,-4.924424,19.893993,3.5086298,-13.107574,-2.2326467,7.524073,-6.3552904,-23.28836,-21.124094,-9.47575,-4.612993,-4.4597325,-1.5923142,2.290645,2.5073152,0.3074985
-439.34586,289.43985,92.512405,-16.405762,-7.5165296,17.87067,3.48695,-15.010418,-7.6918807,3.0753074,-3.9759197,-14.949636,-12.705206,-3.5216618,-0.15069062,-2.1030784,-3.236006,-3.968085,-5.6118755,-2.7872715
-440.50616,288.17786,89.51742,-23.701984,-15.190015,14.609347,1.6090523,-19.506018,-10.111038,8.844342,6.095899,-9.473206,-13.256551,-3.776134,3.5355532,1.2600877,-5.3020287,-8.325916,-4.8285666,2.171951
-446.50012,276.17175,72.90291,-37.044205,-19.257812,15.201195,-1.4594388,-25.816273,-11.723494,14.693466,13.21908,-6.0683174,-11.315675,-1.0488104,3.521997,-4.188202,-11.546013,-9.293203,-1.307262,5.20432
-462.8385,250.2096,44.62961,-59.388817,-32.290092,5.2901745,-12.213924,-31.571457,-7.7361135,21.427404,13.037666,-12.001353,-16.046797,-4.5306063,-2.6178105,-10.314852,-12.312506,-7.195732,-2.2971601,2.8242009
-448.18225,270.76276,65.87071,-38.6594,-18.194954,9.5094185,-13.326752,-31.148027,-2.5792308,28.015354,14.698982,-15.14527,-17.52185,-1.6174731,3.30825,-1.0807774,-0.55434394,2.7648482,2.1430783,0.93030626
-444.53168,279.97186,82.32681,-21.046814,-7.0456095,14.548592,-10.171894,-29.387774,-3.0027628,25.941196,10.977512,-19.717026,-21.67737,-7.0205164,-3.983368,-4.784252,4.7606163,13.959301,9.23268,-2.732672
-444.58392,283.62057,91.30171,-14.198996,-7.122843,14.646231,-1.8168147,-17.817944,0.16262487,17.584728,-1.7434542,-28.265488,-23.967495,-7.557767,-6.134594,-6.5326276,5.2056026,14.451951,7.8101134,-4.7942095
-439.93805,288.22345,91.334274,-17.484837,-9.021635,17.773891,4.75603,-14.309494,-4.2799788,9.33107,-5.1330185,-25.938982,-22.32975,-8.57962,-6.3172026,-6.110607,1.2288848,5.529046,1.770818,-1.9343293
-443.1834,288.25797,96.65764,-14.95105,-10.798217,17.686016,8.273113,-13.267409,-10.81163,1.5446336,-3.4075947,-16.7365,-15.983892,-5.580108,-1.6497679,-3.0753686,-2.6098254,-2.411577,-3.9287124,-1.722132
-441.9071,289.04517,94.35404,-19.90083,-15.023508,14.645042,3.7801409,-18.281912,-11.917194,6.3798313,4.6376333,-11.05883,-15.160044,-4.742544,3.66396,1.7898456,-4.7417727,-8.20167,-5.502498,1.3362151
-442.29642,281.59714,77.82785,-31.90408,-15.025614,16.454788,-2.4032388,-25.86032,-10.590045,13.850563,9.747683,-8.37108,-10.450802,0.0028123185,2.8855414,-3.5380323,-8.099367,-7.2367697,-3.4971108,2.723085
-455.98105,259.87384,54.508343,-49.492897,-23.755476,11.694914,-7.425994,-28.57597,-7.2375154,20.606302,13.425367,-9.491024,-12.675462,-1.7143352,-0.73406285,-9.306576,-12.160917,-7.3541307,-1.8820319,3.6325889
-454.7365,262.03867,58.108376,-45.442383,-23.51152,6.138129,-14.441542,-30.660645,-2.5155942,27.543337,16.014538,-12.60799,-16.617977,-1.4502511,4.7384224,-0.5595033,-2.596643,0.9605198,2.6799855,2.696901
-444.36655,277.3982,76.66021,-24.746828,-8.753645,11.241043,-12.285257,-26.589024,-0.41260904,24.585182,11.650371,-14.882669,-19.1264,-7.058697,-0.82964694,-0.8098171,2.896502,8.769232,8.071016,0.20058943
-445.05432,280.76465,87.89873,-12.4611025,-3.6839926,12.511165,-5.810975,-16.631294,2.904935,17.65515,0.56593084,-22.719627,-22.502995,-10.747843,-6.917367,-3.77802,7.2604995,15.130674,8.8183,-3.7933006
-439.19495,286.54297,88.800415,-15.537744,-6.934535,15.894559,3.910482,-12.037195,-3.0624547,9.473736,-3.4649386,-24.58402,-23.330551,-10.02463,-6.486639,-5.4472337,2.7554128,8.051521,3.3668137,-2.64042
-441.895,286.844,93.8425,-13.898553,-10.431847,15.643452,9.881128,-9.658833,-10.656628,1.2520547,-2.344574,-18.707748,-20.429539,-8.5016365,-3.6220455,-4.551174,-1.5998111,0.22592607,-2.052775,-1.1074703
-442.74414,288.1699,96.30758,-15.432156,-13.69188,13.514821,5.759958,-15.907727,-13.531569,4.4709535,4.1361227,-13.546007,-17.857508,-4.4661474,3.8185606,0.18401898,-4.859227,-7.073902,-6.4518538,-0.7538313
-441.00427,285.03598,83.72979,-27.086048,-14.182227,16.26199,-0.49877563,-24.368225,-11.589508,12.594585,8.809199,-10.679744,-12.917293,-0.5482664,3.4984646,-2.8278606,-7.317993,-7.0116544,-4.3143034,1.5545487
-450.10864,268.63025,64.01564,-41.15412,-18.708822,14.928192,-4.773244,-28.746782,-9.946968,18.833733,12.684955,-10.067879,-10.936741,1.7194421,0.47634545,-10.099779,-12.206202,-7.064953,-2.4225552,2.7785215
-462.60254,251.88855,49.071136,-54.56143,-31.075222,3.0142305,-14.790689,-32.28543,-5.0700097,26.447334,15.388169,-13.628488,-16.13974,-0.34975338,2.5567636,-5.7668667,-6.7098536,-0.79356647,1.6292716,2.2441025
-448.94022,273.5548,74.368805,-30.337276,-14.505594,9.857477,-12.638182,-28.621548,-0.43081838,27.613289,13.0107975,-16.26883,-18.260725,-2.60035,1.7216438,-2.5769951,0.81922925,7.388592,4.897254,-1.6721233
-449.18027,279.11765,89.438934,-14.438869,-6.123939,12.5213585,-8.4306965,-21.762094,1.766322,21.1918,4.4816875,-20.40926,-21.056042,-9.33051,-6.684944,-5.262785,7.2814407,17.388374,8.967487,-6.005625
-443.9905,285.4067,92.36742,-15.646895,-7.700728,16.527761,1.4825021,-13.951288,-0.2449787,11.467102,-4.1885195,-23.835278,-22.293331,-10.781136,-6.71962,-4.3588343,4.5819674,10.517732,4.7016253,-3.0998654
-446.06995,286.5846,97.492714,-15.39027,-12.363829,17.10355,9.04546,-10.69026,-7.1480517,3.2529855,-4.9149437,-20.409315,-21.272583,-11.266413,-5.6252327,-4.394641,-0.49619204,2.8779666,0.47808924,-1.7896414
-446.35062,287.7605,100.17172,-14.429657,-13.337244,16.319134,7.030445,-16.573906,-13.350277,3.4341335,1.2341874,-14.949111,-18.17366,-5.5487103,3.3946426,0.29076248,-5.5934024,-7.0783405,-5.382167,-0.7879797
-440.52045,287.51508,88.34872,-23.662073,-13.302491,16.4693,0.5424683,-23.191483,-11.880206,10.702732,6.987041,-11.761023,-14.337697,-1.9014479,4.167537,-0.69984794,-6.4693117,-7.806611,-4.697341,2.0170946
-444.27112,275.46518,69.51489,-34.778633,-13.419004,15.679653,-5.8516006,-27.378325,-9.03801,15.707534,9.980679,-8.262981,-8.706554,1.3556018,1.5209975,-5.8790193,-9.526708,-8.303245,-3.6098204,4.328115
-462.34485,250.29115,45.876846,-54.284283,-27.225271,4.7376986,-15.075865,-29.390446,-1.8229121,23.899296,11.493293,-12.343751,-14.376736,-4.036689,-2.8166935,-8.500008,-9.873229,-7.2785215,-4.0807056,1.8635359
-452.16333,267.44165,66.389206,-36.93577,-18.454245,6.5316443,-15.193578,-28.492691,0.1354413,25.7476,11.866659,-13.613232,-15.387558,-2.7227154,1.1308193,-1.9254482,-0.029067114,3.887534,2.4730558,-0.10923859
-451.43372,276.59387,87.50571,-17.230907,-9.582466,10.230187,-9.705488,-24.248325,-1.3985924,21.415821,9.269276,-15.68571,-20.18159,-10.030931,-5.702898,-4.115217,6.1036363,15.768138,9.594774,-5.0117555
-449.19897,282.22623,94.71907,-14.58618,-10.101904,15.327766,2.4166017,-14.815098,-2.2565527,13.02636,-0.17647266,-23.309269,-25.444687,-12.209768,-5.2598825,-3.4496663,4.977359,13.183357,7.788596,-3.8524723
-447.29648,285.74298,97.81523,-15.298405,-12.911303,16.632053,8.6879635,-11.00186,-6.4947467,4.912516,-4.2506437,-21.859705,-23.205353,-12.219429,-6.2435966,-4.7886724,0.8196373,5.6111794,1.7867925,-3.0217671
-448.4231,286.58905,101.57138,-12.998943,-12.866869,17.726643,9.924574,-14.652937,-14.101976,1.3597707,-0.3519084,-16.047707,-19.402489,-6.912719,1.9066043,-1.2109278,-6.0284367,-5.568984,-3.2668414,-0.32581612
-442.4344,288.6768,94.27673,-19.70842,-13.432656,16.800543,3.3954773,-21.127445,-13.200125,8.087635,5.899584,-12.650141,-17.150507,-4.225207,5.1029773,1.0115296,-7.048587,-9.14777,-4.542906,2.9344196
-443.9122,280.90594,79.67549,-29.49026,-13.436812,17.337143,-2.4593258,-26.99575,-11.492006,14.036198,9.617657,-9.8468,-11.653785,0.4470344,3.4161427,-4.6815863,-9.880297,-7.7760825,-2.7519627,3.8224368
-457.92465,259.45123,58.32096,-44.840054,-22.568783,9.960953,-8.805698,-28.451536,-6.114894,21.367207,11.503164,-13.706793,-15.615427,-2.5868955,-1.811346,-10.505435,-12.118814,-7.1643705,-2.8108249,2.539853
-460.6498,257.34384,59.736145,-42.717216,-25.062958,2.1602232,-16.030375,-29.172775,-0.39560133,28.10133,14.457656,-13.841148,-15.295715,-0.38821787,2.6242967,-2.615879,-1.5366588,2.159937,1.4182943,0.93300194
-453.5194,272.9991,82.990135,-21.81279,-13.31266,7.9934654,-10.92131,-24.978928,-0.28007513,24.464836,11.090715,-15.301355,-17.320107,-5.089614,-3.4144545,-4.914954,5.1119566,14.638359,7.975051,-4.76138
-451.96707,278.6027,93.06699,-13.075249,-8.520748,12.763119,-2.6069422,-16.301693,1.2150455,16.798473,1.2518469,-21.713013,-22.642735,-11.400064,-7.1076636,-3.5246024,8.45941,15.818281,6.7494993,-5.2502913
-448.60977,284.18695,97.35626,-14.546125,-12.559097,15.287411,7.116171,-10.560411,-4.527151,6.3533363,-3.5054293,-20.820919,-22.565958,-13.042297,-6.996106,-3.2726386,3.625569,7.137305,2.028264,-2.5979366
-450.79773,284.94446,102.42557,-12.733799,-14.706139,16.812428,12.115593,-11.633277,-13.00823,0.9014614,-0.5967461,-16.508339,-21.968592,-10.706253,-0.18400675,-0.905126,-4.512478,-3.439559,-0.8816735,0.990489
-444.95663,288.16266,97.862976,-17.366531,-13.963953,17.873377,6.5879164,-20.428268,-15.31032,7.1230297,6.380281,-14.068842,-20.181614,-4.4345713,7.6890135,1.2537438,-9.347836,-9.202923,-2.3509345,3.0163484
-443.29044,284.052,85.22838,-26.18785,-13.28249,18.281471,0.1277093,-26.273563,-13.216922,13.273516,10.287256,-10.890278,-14.175752,0.486989,6.3974404,-2.9209402,-10.559472,-7.689248,-1.1652682,3.6954217
-452.57156,267.84973,67.13724,-37.89907,-17.77744,14.09549,-5.374929,-27.588722,-8.371826,19.020008,12.745516,-9.666292,-12.003889,1.0375262,3.2833889,-7.0556545,-12.636979,-7.5935555,-0.16003995,4.527485
-468.72763,246.88475,50.370396,-52.100845,-33.239212,-2.6683977,-18.333736,-31.783316,-4.099417,25.259968,13.516467,-14.659853,-16.885908,-0.69464856,3.7447417,-3.5093877,-4.7579627,1.0671277,4.1674213,4.792581
-455.04935,269.06552,76.390884,-28.133041,-17.386162,4.8889112,-13.399717,-25.401491,0.10458142,23.396397,10.213293,-13.959981,-15.403975,-3.6115556,-1.3013129,-3.6579714,3.0666423,11.304145,7.3080673,-2.452046
-453.92957,275.71466,91.20385,-12.816563,-8.756568,8.952761,-7.906112,-18.722218,2.0344076,18.586273,3.4934309,-19.08387,-21.183628,-11.435183,-6.8170495,-2.376194,9.265866,16.23904,7.2608557,-5.663129
-448.52927,282.48514,94.60175,-14.012111,-10.154845,14.135001,3.2565727,-11.323778,-1.7183828,8.101919,-3.9154634,-20.86576,-22.307491,-14.0306225,-7.6110005,-1.3572997,6.420484,8.437235,2.618713,-1.6994379
-450.56433,283.4254,99.84723,-12.059697,-12.824141,14.647501,9.1767845,-8.90266,-8.111321,0.61622566,-4.2736564,-17.68573,-22.226038,-14.674297,-4.6969576,-0.09300816,-0.79040277,-2.037229,-0.54774,2.402857
-446.5519,286.61902,98.529564,-14.106155,-10.911205,17.799822,5.6551595,-19.035454,-13.922915,5.3176107,2.9697883,-16.148834,-21.145155,-5.921163,6.4964943,1.7051187,-9.048443,-10.340161,-2.9503617,3.5892172
-443.03165,286.19098,89.86412,-22.214014,-12.082578,18.254505,0.8169948,-25.404825,-13.45252,12.027969,8.483158,-13.460405,-17.00027,-0.9070074,6.9790792,-2.0262635,-10.761637,-8.342232,-1.3799729,3.3475833
-450.12222,274.4806,76.824814,-31.574387,-15.604935,16.519382,-2.7591553,-28.351145,-11.794298,16.963072,12.455051,-10.886581,-13.485821,2.3039982,5.77987,-7.3094935,-14.578717,-7.731101,0.64639306,3.9139342
-466.3937,251.09428,55.578514,-46.79222,-27.494766,3.157753,-13.272742,-27.292242,-1.151228,25.468483,12.964376,-14.444388,-17.935078,-3.8494437,0.12890117,-7.725927,-10.866688,-6.09339,-1.7030811,1.4429367
-459.42,262.40085,69.54076,-33.7008,-21.588634,1.2195568,-15.6458435,-24.95362,1.7446876,23.967533,10.302835,-12.838392,-13.782395,-2.3596277,-0.25900447,-3.6938093,0.28111374,6.6811476,4.3744044,-1.868488
-457.11005,272.16998,90.1541,-12.9290695,-11.159019,5.4462748,-10.113958,-20.669453,1.1183915,21.077631,7.2781067,-16.265717,-18.191914,-9.516535,-7.9732866,-4.0275803,9.413908,16.975838,7.4381638,-6.986882
-451.88693,279.45465,95.20443,-12.500284,-11.223752,12.974197,4.203316,-11.365397,-2.1494348,10.901913,-1.1442932,-21.794514,-23.282314,-13.064486,-7.517973,-1.8057969,8.024961,11.580548,4.6804953,-2.430163
-453.28616,282.16467,102.04702,-11.255344,-15.31945,13.303991,11.056166,-7.4070625,-7.9779196,1.823208,-3.4308896,-19.472607,-23.889503,-14.617914,-5.923861,-1.9372017,1.5584638,2.998206,0.23551935,-1.0603507
-448.34738,285.01163,98.83109,-12.397907,-8.993977,18.79561,5.5942707,-18.894802,-13.027341,4.978075,-0.055032104,-19.188137,-21.193535,-5.2071247,4.427573,-0.7961796,-7.723569,-7.735017,-4.3439445,0.5042623
-441.5001,287.7052,91.163574,-19.67976,-9.560118,18.668194,0.28638512,-24.72748,-12.662081,10.711055,5.679468,-15.660255,-18.027657,-1.2832624,6.937336,-1.901442,-10.404737,-7.7436247,-1.4756249,1.999688
-445.92603,279.57617,81.005585,-27.230537,-12.010772,17.790907,-2.9301047,-28.453495,-12.453203,15.043055,10.5473995,-11.778952,-13.943832,2.199151,6.6681404,-6.0620317,-14.069966,-7.567547,0.989295,3.7106137
-461.81067,258.98138,64.788086,-39.694763,-23.021778,8.2722,-8.159399,-27.084269,-5.3047075,23.02827,13.373709,-15.120045,-19.658897,-3.2069173,2.2281704,-8.4409485,-14.271811,-7.422265,0.2190702,2.4514039
-466.77783,254.15039,63.59742,-41.38473,-29.77237,-1.3908651,-14.307192,-27.277596,-2.58007,25.028751,14.2410145,-12.854728,-15.380675,-0.5238069,2.5101457,-4.340605,-2.62181,5.470921,5.9141674,0.08254144
-460.2637,269.4264,88.70206,-17.03392,-17.034979,2.9860046,-9.040033,-20.950785,-0.95000255,21.416973,10.405914,-13.518132,-15.83538,-5.93302,-5.3209915,-5.167784,6.687088,16.923576,9.752762,-6.0025578
-454.8302,277.0322,95.48508,-11.404339,-11.143031,10.780556,0.7976297,-12.419656,0.017427884,13.615456,0.86738855,-20.15932,-22.44754,-12.774766,-6.695462,-0.4005614,9.507128,12.747573,5.1846437,-2.3926234
-453.5985,281.16028,101.436874,-9.410582,-13.29944,11.375435,7.690113,-6.0594788,-3.445888,3.0341353,-4.8773246,-18.49408,-21.922432,-15.759521,-7.5089216,0.4737757,5.5818996,4.1794524,-0.36534876,-0.65413386
-450.08838,282.9521,98.82028,-10.033878,-7.808261,17.09996,5.586522,-14.392113,-9.376255,3.279849,-2.7572064,-18.707596,-21.709486,-10.0703125,0.6885352,1.222995,-4.333126,-7.35602,-4.0588,2.7058241
-441.3285,287.7733,91.96991,-16.902489,-6.578473,19.291721,0.11410265,-22.652864,-10.361536,8.9886055,1.7899213,-16.32199,-16.345892,-2.398787,4.140279,-1.0183222,-7.2202053,-8.02721,-4.0231905,2.6657658
-442.46912,283.09875,83.166626,-23.817234,-7.940965,19.004658,-4.1597204,-27.825356,-9.906412,14.713567,6.9695315,-13.159939,-11.943663,2.5463805,4.5964813,-5.2177796,-10.00424,-6.5187693,-1.8250835,3.0641384
-454.6705,267.23834,70.46689,-33.61046,-15.868594,12.91137,-7.5042467,-27.521755,-5.6684713,21.152493,11.566023,-12.82854,-13.645437,1.7066741,3.6211157,-7.9822946,-12.287371,-5.66672,-0.08550617,2.3807926
-473.85233,243.4466,53.021713,-49.48294,-35.610416,-6.360316,-18.265348,-29.813622,-4.220382,23.279852,11.57783,-15.9443,-17.763428,-2.529159,-0.15238157,-7.903719,-7.3690186,0.16295117,2.9628103,1.1798697
-462.59232,264.1443,80.895294,-23.921219,-21.660362,-0.71163785,-11.428972,-21.095396,-0.4874689,20.989346,9.866252,-13.230059,-14.157383,-3.0018892,-3.422465,-6.2635107,3.5735683,13.86668,8.78952,-4.001111
-458.73065,272.94785,93.80047,-12.117817,-12.644583,7.168516,-4.2086954,-15.589257,0.66046685,16.66031,3.8101616,-18.799494,-22.133945,-11.85504,-5.7015915,-1.0481608,8.748065,13.981772,6.1836724,-3.9352436
-456.2024,278.82227,100.70082,-10.425985,-14.4387665,10.934435,6.661387,-7.768692,-2.91018,6.17072,-3.428493,-20.470915,-23.364235,-14.488226,-6.7944803,-0.73733824,6.2557917,7.882992,1.7704175,-2.2073221
-453.4045,281.2652,100.521065,-10.421999,-10.843483,16.340494,8.029547,-12.32162,-8.431753,4.588458,-2.495908,-21.162636,-24.758532,-11.889038,-1.2812498,-0.4017475,-2.2978778,-2.6887186,-2.121517,1.2606411
-443.8104,286.67438,94.3056,-14.804254,-6.0992985,20.653667,2.5471244,-22.036201,-11.5405655,8.40505,1.0971476,-18.694777,-18.25687,-1.9977071,4.5584764,-2.1320279,-7.653019,-6.8456984,-3.712941,1.3903017
-441.83194,285.46756,87.39401,-20.811306,-7.305911,20.194061,-1.636181,-27.264757,-11.564614,14.117153,6.921205,-15.427151,-14.727196,2.3553085,5.873811,-4.8498383,-10.122894,-5.867772,-1.160907,2.1672595
-450.41,273.53137,76.959564,-28.122593,-11.931749,16.442299,-4.8654413,-28.251259,-8.990152,18.809792,10.925066,-12.873978,-12.518848,4.0983124,5.5806713,-7.4246697,-12.727147,-6.038089,0.6285373,3.4135113
-468.3491,250.19171,58.983395,-42.405197,-27.656199,1.1184839,-12.353271,-25.971073,-1.2137043,26.04826,12.440947,-16.643307,-17.557772,-1.7283173,-0.2843774,-8.616806,-8.765375,-2.2646143,1.1463757,1.2869006
-464.7907,257.7746,71.48741,-30.37436,-24.955742,-4.252543,-14.990953,-22.476696,0.5274427,21.603682,8.079983,-14.097256,-11.586782,-1.2878716,-4.642735,-6.492937,3.5325236,9.902633,4.6401396,-2.450334
-460.76382,269.07062,91.09518,-10.903931,-12.548285,1.7972636,-10.531738,-17.369331,2.6895404,18.669397,4.7347937,-16.104258,-17.619385,-10.881869,-8.55188,-0.93761235,11.911519,13.867412,3.696064,-4.2151227
-457.47705,276.57016,99.34084,-8.992653,-13.252299,8.192545,3.267528,-6.9998426,-0.40661985,6.421378,-3.206931,-18.324383,-22.822464,-16.3286,-6.337802,2.3299937,7.2241035,7.476779,4.506936,0.86887306
-453.25085,279.6071,98.34204,-8.904661,-9.218115,12.937094,4.6892376,-9.285858,-4.2764955,3.163251,-5.1497803,-20.109863,-24.93608,-16.502886,-3.5923204,3.0810885,0.4509564,-3.531105,-0.9545604,4.669361
-446.23056,283.90237,94.35777,-11.783208,-4.7206783,18.580566,2.209021,-19.06423,-11.789293,3.3470285,-1.5348225,-17.507904,-20.227196,-7.2333956,3.510697,0.8834544,-7.8083396,-10.351658,-4.2531705,4.1814957
-441.27924,286.18982,89.17984,-17.628822,-6.1560555,18.087137,-2.0740204,-24.554462,-12.060716,8.978169,4.3187475,-14.499542,-17.107265,-2.5636225,5.677656,-1.5520172,-10.321204,-9.07527,-1.8472068,3.9563198
-446.0068,277.91467,79.854095,-23.45565,-7.5595603,16.45671,-6.6711187,-27.85144,-9.418951,14.190439,6.6430798,-12.475284,-11.443702,1.7878804,3.5760908,-5.7228184,-11.565333,-9.083685,-2.1441684,4.931468
-459.0661,257.80606,63.089947,-32.66099,-18.283749,3.7443476,-10.427864,-23.137215,-2.3822012,22.219645,9.799925,-17.31831,-16.859673,-2.8052676,-3.6439695,-9.1943035,-8.335329,-7.3882174,-3.9405937,3.7132685
-468.7349,249.48611,62.569168,-35.523697,-29.666695,-7.4919443,-13.462124,-22.174273,-1.8769577,23.602781,12.15003,-13.914088,-11.505298,0.5877819,-4.51397,-7.28156,2.0992515,6.191644,2.984425,0.05806116
-464.02353,264.4664,88.31886,-12.931465,-17.627436,-1.610863,-8.30326,-17.299908,-0.8778086,20.674202,11.026712,-13.006282,-15.145458,-6.8803196,-7.7020264,-2.8912406,11.5040655,15.647955,6.114876,-4.4090314
-460.57794,273.9085,99.61197,-8.9415,-15.426864,7.373,4.760415,-7.446486,-1.120801,10.455478,1.5874145,-17.929585,-22.847733,-13.983484,-5.2701635,1.8891475,8.701387,10.391378,5.8992233,0.120551795
-456.5847,278.5741,101.55858,-8.128451,-11.979372,12.193997,7.3065834,-7.0362296,-3.04945,5.314438,-3.1823735,-20.050602,-25.093018,-15.661345,-3.494149,2.8014307,2.999093,1.0683696,0.8110447,2.8100107
-450.3532,281.78168,96.659225,-10.973404,-5.8896923,19.370972,4.229871,-18.353992,-10.865574,5.1845074,-1.9441731,-20.57021,-22.324104,-7.7332325,2.285666,-0.14470801,-6.168051,-7.848835,-4.33764,2.5281816
-443.38412,286.49103,92.55373,-16.977795,-7.003689,20.323694,0.6986559,-25.049198,-13.099676,9.47751,3.2693253,-17.44616,-18.00557,-1.3912507,5.331437,-2.9010425,-9.443214,-7.0251346,-2.18991,1.9123322
-446.56616,281.27515,86.597244,-21.669195,-9.255911,18.692234,-2.5468202,-28.516655,-13.052969,13.690105,8.298626,-13.759459,-14.367479,2.5047896,6.476097,-5.8120003,-12.553751,-6.516978,0.35434356,3.107459
-457.55347,265.29907,74.37837,-27.545147,-16.357868,8.629291,-7.267205,-25.806555,-6.6576166,21.271572,12.106219,-15.791359,-16.778202,0.9765868,3.0950432,-7.0523577,-9.506087,-5.304759,-1.6252606,2.6212173
-475.87665,241.27785,55.856735,-43.572723,-37.26225,-11.969681,-16.099342,-26.062893,-7.617499,19.830376,11.544593,-17.29139,-18.389875,-2.397307,-4.7755413,-12.274215,-5.008104,2.0617597,-0.16961764,-1.6185619
-466.54797,259.81604,82.20806,-19.119564,-23.377693,-6.0854483,-9.846892,-17.46627,-2.5691388,19.2613,11.924565,-12.268608,-14.43565,-3.771181,-5.971524,-5.8843584,8.108827,14.027327,4.4079256,-4.204889
-461.90796,270.5484,96.02109,-9.642354,-16.16095,3.290059,-0.019529782,-9.90787,-1.2631924,12.273066,4.121525,-16.36344,-21.758482,-13.109501,-5.7191987,1.4034407,9.720022,10.7766,4.695084,-0.35624132
-459.00537,276.19672,101.33496,-7.65466,-13.40687,9.340895,6.385548,-5.459698,-2.1007564,4.733062,-2.9492812,-19.036217,-25.735126,-17.15207,-3.0440297,4.26156,3.4149384,2.414554,4.1814938,3.49764
-451.43277,279.48254,95.22168,-9.187181,-4.6719713,16.777351,3.078258,-13.886808,-6.4732695,4.60979,-3.3736038,-20.460756,-25.317474,-13.528416,1.1517189,3.7903585,-4.54947,-8.782161,-1.7656244,6.413745
-442.90234,285.63403,91.5571,-14.226021,-3.4494638,20.162296,0.32306615,-21.824219,-11.283265,5.9921503,0.2460478,-16.044207,-17.574524,-4.5406213,4.472288,0.081825376,-8.99365,-10.02016,-2.2708821,4.9001336
-444.0866,283.58954,88.731766,-18.031105,-7.122896,18.67547,-1.0847577,-26.310537,-13.572197,11.691071,7.5753927,-13.714325,-15.093159,1.1238444,6.411477,-3.774815,-11.47397,-7.876482,-0.024534639,4.076078
-453.67615,271.39658,80.9142,-22.751385,-13.684278,12.112278,-3.01562,-25.592167,-11.08364,17.979378,12.768122,-13.623302,-14.583949,3.505684,5.2911625,-6.300479,-10.468644,-6.622056,-1.2957138,3.5443988
-471.6615,248.13718,63.833717,-36.671566,-31.924206,-4.84865,-6.7319756,-19.86974,-6.586012,20.760681,14.725872,-15.4352,-19.163425,-2.6438038,-3.1052594,-11.321215,-6.9546046,-0.5124352,0.38730976,1.1015053
-471.5912,253.00563,75.58577,-26.79496,-31.324627,-10.258729,-9.565213,-17.939663,-5.883654,17.025263,12.088769,-12.220139,-14.606998,-3.1922083,-6.1706333,-8.108286,4.701294,10.884188,2.9507775,-3.861028
-464.60428,266.75165,93.717125,-10.795468,-19.174051,-0.08473282,-2.092326,-13.882076,-4.6409125,15.7929,9.914202,-15.431483,-22.248165,-12.018168,-5.9137645,0.87890244,10.565201,10.171395,2.6711783,-1.1988125
-462.51584,273.8235,102.40711,-8.589231,-17.747513,8.415392,9.539207,-6.1335087,-5.2786913,6.738098,0.5317825,-20.239902,-27.068157,-15.989653,-3.9929006,2.446517,5.836099,6.6535983,4.893832,1.2811806
-456.1447,277.97302,98.9869,-9.896406,-9.646903,16.602936,7.3375025,-12.814943,-7.6469474,6.725252,-1.0090923,-23.258757,-29.8265,-14.78701,0.74832153,2.314673,-3.0574074,-3.7139788,0.68644154,4.177171
-446.89328,283.6715,94.307304,-12.4901495,-3.8316076,21.322515,2.4375415,-22.018475,-12.592865,5.889435,-0.62069815,-19.097767,-19.861092,-4.663853,3.9513078,-1.1741523,-8.584927,-8.978109,-3.3964195,3.4385848
-444.31183,284.8579,91.608734,-15.588869,-5.108999,19.500498,-2.0046742,-26.1986,-12.176899,10.612298,4.4622602,-15.418074,-16.141418,-0.7968394,5.441175,-2.7453356,-10.06287,-7.969985,-1.7204667,3.338122
-451.6931,275.83582,86.44005,-18.488194,-9.803461,14.724927,-3.3868918,-26.440922,-11.913162,14.531416,9.480087,-13.201167,-13.645902,2.9948304,5.694115,-5.810237,-11.620699,-7.455066,-0.99179524,3.8427114
-463.59775,256.94366,70.81146,-26.759026,-22.086342,-0.54907656,-4.987337,-16.538338,-4.9264655,18.42305,12.644822,-14.605976,-17.776604,-2.0713334,-2.205532,-9.794205,-6.191309,-1.5285125,-0.3809724,3.61817
-476.97296,241.0972,62.781754,-32.056072,-36.1716,-19.194202,-12.855739,-14.882898,-5.9656315,15.1933565,14.275612,-9.22499,-13.560326,-1.7109396,-4.3524065,-7.6259203,3.7212734,8.755133,2.497832,-0.15796801
-466.66574,259.45428,87.1104,-8.334117,-19.779919,-9.238395,-5.438568,-10.525761,-6.014001,14.876013,17.233177,-8.813719,-22.321833,-12.246406,-3.3289785,3.1182277,10.817791,8.85093,2.3886104,0.60171884
-462.9275,270.67963,99.43201,-7.0815024,-18.425594,3.732524,8.602967,-4.059143,-5.335552,7.74947,4.372113,-17.328133,-25.089258,-14.273337,-4.0239177,3.1305885,8.6886,7.8847866,4.5560217,2.1826694
-457.70248,276.93988,100.007065,-9.639252,-12.333957,14.929671,9.402983,-11.014572,-7.2950993,8.92588,1.3452892,-23.651375,-30.039577,-13.363681,1.0870342,2.2498684,-0.80944026,-0.207813,2.6947823,3.4339375
-452.2665,281.0224,97.47575,-12.278942,-7.5947475,21.49429,7.085151,-20.74558,-15.570666,5.4769583,1.6452675,-20.806896,-25.140316,-6.435794,6.0265827,-1.3153064,-11.007366,-8.387167,-0.5027279,3.2526894
-446.5213,284.68005,94.60007,-15.019112,-7.249591,19.920446,1.1064835,-25.715714,-14.953707,9.086992,4.711151,-17.091633,-19.517437,-1.9508934,6.6581345,-2.5626388,-11.365372,-8.417938,-1.3284459,2.7393541
-451.073,279.06186,90.73717,-17.570724,-9.698086,16.82984,-2.0311196,-27.284826,-13.922827,12.02268,8.236816,-13.176258,-15.077713,1.4331595,6.762073,-5.1441946,-13.309143,-8.037514,-0.3061176,3.0237927
-462.40707,265.34018,81.76954,-24.7697,-19.649445,6.8130436,-4.6549826,-21.610498,-6.1580935,17.212788,10.368813,-13.0208645,-16.273396,-1.9994456,1.5916026,-7.3272085,-9.733696,-3.5341914,-0.19953051,0.21622208
-480.1412,242.9303,66.48825,-36.995342,-38.13853,-12.397688,-10.73831,-17.760204,-4.669272,15.636006,10.254831,-11.300253,-14.510361,-5.0816483,-7.530048,-11.989926,-3.6622448,3.8163886,0.7607553,-2.9109888
-471.95865,255.89796,83.361694,-18.944214,-26.452839,-7.748233,-7.6728454,-15.921507,-5.2654023,16.503628,14.421036,-8.070713,-15.757882,-8.516328,-5.490552,0.20439741,11.1529045,11.056402,2.7101834,-0.03372924
-465.58655,267.5791,97.193634,-8.7835655,-19.801306,1.0678465,4.658186,-5.8448167,-4.2012634,9.013496,6.0172834,-13.84899,-22.636465,-15.049849,-4.636979,5.452367,10.909555,6.9472857,3.4713755,4.4505234
-456.8801,274.2917,94.941956,-8.803984,-8.626273,12.496835,4.4549894,-8.859354,-1.114039,9.364222,-2.2808075,-22.80262,-26.308002,-14.484972,-2.591072,4.1960692,5.0815263,1.9417522,1.4732294,3.935512
-450.6555,278.708,91.83908,-11.49322,-2.9684691,20.132996,2.9448042,-17.80947,-8.515377,6.6240425,-2.192906,-22.03687,-24.928814,-10.130653,2.1111763,0.7170812,-6.584454,-7.282127,-0.48394302,4.8992467
-444.11026,283.8542,90.23868,-14.061464,-2.2521667,20.242365,-1.7486553,-24.144989,-11.54231,7.123714,0.28147516,-17.424973,-18.23925,-3.7372627,4.757723,-1.3711017,-10.368722,-9.5329685,-1.3044628,4.2541494
-445.98395,281.2564,87.8769,-15.906364,-3.899942,17.483677,-5.8087435,-26.74086,-10.179224,10.7217,3.2897582,-13.986006,-12.775478,0.5901096,4.340698,-3.9446204,-10.581602,-8.295087,-1.5040799,4.122735
-457.62177,269.93365,84.148224,-19.781956,-12.27648,9.398861,-8.300922,-23.877142,-4.8011017,15.913504,6.1623955,-13.301874,-12.408789,0.58054954,2.743526,-5.152755,-8.577511,-5.4206953,-2.115677,1.6313934
-477.15137,248.86609,72.2514,-33.437103,-32.41934,-6.783405,-10.735057,-17.354286,-0.39612305,15.223873,5.013653,-12.686373,-13.565962,-5.984124,-7.14847,-11.244341,-5.7625856,2.8402915,2.3866396,-2.062323
-481.33795,248.87407,80.94086,-27.694208,-36.844162,-11.416576,-8.64418,-17.74601,-6.3569193,15.0533085,13.099827,-7.466036,-15.982452,-8.926219,-3.0265315,-1.1504046,2.55661,6.7141166,5.75992,-0.7482551
-470.8662,264.00385,97.73053,-10.817228,-24.560616,-2.3418906,1.7429396,-9.474667,-5.44857,11.216255,8.802436,-11.657143,-20.300358,-13.502083,-5.63663,2.733253,10.243545,9.385603,3.6790361,-0.1640854
-460.691,272.03275,96.68892,-9.537209,-13.646567,10.629604,7.3651915,-9.223253,-4.616301,10.747642,1.4178708,-23.942787,-28.245735,-12.629282,-1.8354185,2.258511,5.8484573,5.636587,3.1927972,2.5517983
-454.0209,277.17798,94.06631,-11.583099,-5.967639,20.112396,5.753027,-17.337303,-8.190686,10.694056,-0.29340896,-26.937756,-29.70367,-10.11648,2.080473,-0.41335294,-3.9823513,-2.434766,0.5726901,2.9506447
-447.00653,283.27472,93.10903,-13.882486,-3.303465,23.492128,2.4569664,-25.147026,-14.385061,7.710608,0.6575996,-20.834621,-20.434206,-1.787539,5.312936,-4.2859764,-10.974808,-6.788822,-1.141363,1.776839
-446.07062,283.6687,92.25372,-14.7876,-4.573558,20.332224,-1.8117733,-27.47415,-13.414261,10.588729,4.3511977,-16.100285,-15.499729,1.116591,5.4886503,-5.1013865,-11.2150135,-6.551645,-0.84148383,2.2130609
-455.25406,274.61273,89.83475,-15.940872,-9.631727,13.461504,-4.892019,-25.429167,-9.655761,13.550583,7.1389785,-12.896339,-13.1597595,1.6588391,5.213955,-4.9949408,-10.923159,-6.813876,-1.6158205,1.8736736
-472.07373,257.37985,81.967064,-25.435602,-26.264267,-0.08680092,-4.453414,-15.084746,-1.351365,15.880645,7.933142,-11.881696,-15.555149,-5.8117323,-3.253841,-8.7112,-7.5003753,0.810801,3.5517693,0.27231047
-488.04703,239.85782,72.57211,-34.448826,-41.469254,-17.221241,-15.0591,-18.480047,-3.6245098,12.775789,8.294212,-7.2724895,-13.343484,-9.914911,-7.1813354,-4.4384017,2.2346048,6.301376,1.6045792,-3.8030274
-476.05774,258.9156,95.91472,-11.26491,-25.728218,-7.504525,-4.9524446,-10.061071,-2.2413607,11.05699,9.945583,-5.026846,-16.946482,-16.86697,-7.0277023,5.9526157,12.094231,7.6102514,1.2077365,-0.3459913
-462.34775,269.59723,94.92745,-8.9623575,-12.707656,7.083385,2.5786827,-6.7632675,1.1418277,9.783628,-1.2845821,-19.065475,-22.383953,-14.488358,-5.540325,4.021038,9.944882,7.0688334,2.3737173,2.3249562
-452.83524,275.55182,90.2283,-10.215166,-2.014244,17.952824,1.389719,-13.544973,-0.41873458,11.294722,-3.6612773,-25.216656,-26.83692,-13.131108,-1.4627573,2.5023088,1.2502664,-0.99946284,0.027820133,3.8626666
-446.69568,280.6855,88.81163,-12.767553,1.0606351,23.647114,0.7462542,-22.219795,-10.436747,6.054083,-3.0355287,-20.679024,-19.712265,-4.7735653,2.4788668,-3.3830724,-9.771824,-7.595569,-1.0029852,3.4733572
-444.9684,283.6502,91.11216,-13.577507,-1.7699583,21.206543,-2.1810086,-26.280273,-11.936869,9.682116,2.2804012,-17.193893,-16.415983,-0.22463213,5.239004,-4.3848963,-11.529341,-7.390375,-0.30839968,2.838053
-451.99933,277.44543,90.47563,-14.114647,-5.522473,16.599724,-4.9204044,-26.5588,-9.786539,13.090573,5.046759,-14.472961,-11.973909,3.851512,5.357294,-6.514885,-11.594749,-6.314144,-1.4565167,1.5556638
-464.451,264.1828,84.22787,-20.175014,-17.19189,4.4340444,-7.352871,-17.961023,0.3900991,17.438156,5.858179,-12.926071,-11.764006,-0.8471277,-0.9591706,-7.402308,-5.9585648,-0.18237543,0.14040032,-0.42756715
-485.79306,241.7374,72.8972,-33.013012,-37.861713,-13.604391,-12.918385,-16.132082,0.34113294,16.092804,8.427254,-8.209166,-11.479105,-6.0810738,-5.7178273,-6.5398397,-0.4004491,5.603322,2.4543371,-2.6911955
-483.7366,251.51605,92.55226,-16.778786,-33.602097,-11.662518,-5.9330893,-13.455755,-5.859959,13.097405,14.746436,-4.284437,-19.218702,-15.937147,-2.7546084,6.530838,6.9615445,4.6545544,4.2594714,1.7945142
-467.20618,266.0564,95.46592,-11.244922,-19.572632,3.1456602,3.7451007,-7.422844,-2.1139483,10.213724,2.6611643,-16.184238,-20.73906,-13.175156,-5.4830275,3.273065,9.830669,8.247269,4.231651,2.6774757
-456.37354,273.51776,91.83311,-11.419451,-7.453123,16.151794,4.793868,-13.122447,-2.908516,13.082726,-0.5970355,-26.649094,-28.15995,-11.256389,-1.1728992,1.3914025,3.442773,2.8853784,1.4592509,3.1127963
-450.50427,278.7707,90.81511,-13.412024,-2.6355598,23.379803,3.7286186,-21.920582,-11.179195,8.931809,-1.1090353,-24.652493,-24.331127,-5.505808,2.2171197,-4.2529488,-7.885801,-4.278819,-0.43525037,2.3041244
-447.17374,283.0758,93.16672,-13.384968,-2.9238584,22.545544,-0.11977531,-27.661976,-14.740118,9.421345,2.4649734,-19.850899,-19.33194,-0.26410067,5.8114557,-5.4806986,-12.200222,-6.6082077,-0.5821008,1.3339319
-450.70114,279.93277,93.131355,-13.0510235,-5.194541,18.3181,-3.1961703,-28.054625,-13.557533,11.104633,5.245835,-15.45215,-14.679554,2.5231612,6.0999355,-6.522857,-13.061136,-6.668043,-0.18591188,1.706371
-461.29813,269.60028,90.255974,-15.796122,-14.164131,7.5903034,-6.1812105,-21.681814,-5.434271,15.028709,6.564126,-13.835368,-14.356797,-0.5291488,2.4601183,-6.1818123,-8.761042,-2.8938231,-0.26075596,-0.98326254
-479.44934,249.67996,79.089096,-27.235329,-31.376526,-7.408166,-9.034563,-15.323809,-0.7827775,14.60112,6.541142,-11.683531,-15.927292,-9.044121,-7.176896,-9.350887,-4.76768,3.0330446,2.3812556,-3.3376317
-484.81638,244.89456,79.15042,-26.613901,-34.703014,-12.955051,-12.996304,-18.07785,-3.1624339,15.413038,11.779037,-6.3671956,-15.112228,-10.844065,-4.461822,1.1047531,7.0035877,8.290859,2.4968014,-2.7326012
-472.58203,262.98352,96.67936,-13.656895,-25.213562,-0.43959552,2.6567554,-8.503307,-4.5049095,9.257678,7.3797975,-9.403762,-19.054646,-14.230026,-4.25427,4.0258865,8.735809,9.070335,6.028307,1.60986
-459.02954,271.9323,92.261826,-12.4683,-9.775314,14.187496,4.1883874,-11.370864,-1.3384815,11.719901,-0.889624,-22.884762,-25.395082,-12.306305,-1.9801878,2.8871107,5.9176874,5.5647573,2.866022,2.3690753
-451.79474,276.56473,89.01877,-12.809053,-1.096891,22.034033,1.7044783,-18.461868,-4.60361,10.564506,-3.7179847,-25.400743,-24.560802,-9.118416,-0.9657527,-1.6801941,-2.268654,-1.8236915,-1.249001,3.0817351
-446.85898,280.93594,89.43619,-12.717201,0.34565485,21.820122,-2.763742,-25.698177,-11.207096,7.096368,-2.8791578,-20.462572,-17.287647,-2.384142,1.892143,-4.8258576,-9.490028,-7.782444,-3.1132326,2.7182567
-449.29004,280.5396,92.69238,-11.836005,-3.5721762,17.419128,-4.671978,-26.852753,-12.126215,8.967006,1.8216634,-16.221249,-14.409504,0.88988346,4.5279903,-5.6253176,-12.018299,-7.625037,-0.8192439,2.8980854
-460.30466,271.92233,94.137924,-11.791523,-11.735564,8.461702,-6.0553617,-22.679653,-8.181324,11.812035,4.849489,-13.981341,-13.80424,0.9968612,4.744051,-5.542908,-11.143584,-5.7516146,-0.61020076,0.41926745
-474.53812,255.8017,84.47003,-21.208364,-25.461449,-3.4998264,-6.7948613,-13.217571,0.7198661,13.884783,4.3707457,-12.456335,-14.530125,-7.5792103,-6.7578506,-9.101317,-4.7707405,2.0160584,1.8155215,-1.206529
-489.16928,240.33606,76.507904,-30.107014,-39.00027,-14.789089,-12.289909,-18.446135,-5.1169634,15.037603,13.07314,-7.212184,-19.255344,-14.830103,-6.260519,-1.7860557,-0.19894606,-0.15261158,-2.0329294,-4.0059395
-477.5894,257.42728,93.76198,-16.190903,-29.199722,-4.262206,0.08988921,-11.27187,-6.3691387,11.580339,12.577875,-5.7035537,-17.711704,-13.712176,-4.26273,3.767651,9.378326,10.677127,6.6052737,-0.532632
-465.57275,268.89453,96.46796,-13.184148,-17.79448,11.122334,9.772331,-8.764398,-5.993334,10.325832,5.4081316,-18.263842,-27.72541,-14.579597,0.9317637,5.773323,4.6654277,5.4166985,7.301092,4.8768854
-456.5989,274.36072,92.92308,-11.395535,-5.766118,19.334686,6.14295,-13.729346,-5.081312,10.245722,0.26050502,-23.170677,-28.885523,-13.783169,1.2115428,3.6046999,-1.0934867,-2.6461098,1.5378339,6.316391
-450.38165,278.93906,91.89923,-10.809888,-1.1939235,21.414854,1.7034006,-21.55981,-13.091589,3.7632346,-1.0876045,-17.622448,-20.09756,-6.593008,3.4324217,-1.3804039,-10.936457,-10.430101,-0.8546227,6.0836954
-449.34772,281.0086,94.61856,-9.437416,-3.0323138,17.281673,-2.0672402,-23.673779,-13.584705,5.4188747,2.7857108,-13.341364,-16.734083,-3.4800234,5.925949,-1.5556976,-12.961565,-10.5711775,0.98420703,5.8954725
-456.81375,274.57074,94.93785,-8.194847,-6.3681946,10.960266,-5.8932514,-22.317394,-9.392416,8.404174,3.8106124,-11.335627,-12.548855,-0.404755,5.5729628,-2.3674693,-11.31538,-9.104635,-0.88584703,3.6005177
-469.18716,262.96838,90.59693,-15.920749,-20.400871,0.47205538,-5.6321354,-14.594078,-1.0554452,13.070076,4.5810676,-11.09617,-11.739174,-3.8755364,-3.3238087,-6.680037,-3.5089808,2.1430109,1.5786622,-0.6635129
-487.66797,240.52393,73.83577,-32.037487,-38.231148,-14.811765,-15.066887,-20.41364,-5.223382,12.774132,8.494961,-9.119747,-17.280228,-13.323067,-7.7911344,-3.3570518,1.7157766,3.3255143,-0.67517287,-2.8089304
-484.01917,250.12901,89.01504,-19.945843,-32.759285,-9.332915,-6.5838037,-15.439972,-6.3818793,12.762342,13.689009,-4.7071557,-18.46053,-15.822329,-5.647519,2.9637232,8.18607,8.3623905,2.6908276,-3.3063555
-468.81766,265.3167,94.719315,-14.433088,-20.58128,6.5004396,5.792262,-9.606825,-4.720128,10.938087,5.4164553,-16.555054,-24.550755,-13.417711,-1.4847423,3.2415218,5.6237106,7.80197,6.875987,2.3549933
-459.8906,271.82367,93.95245,-11.294692,-9.864252,16.334705,7.5414114,-12.964655,-5.5032644,12.562492,1.6156955,-26.064693,-30.30526,-11.657493,1.8003805,2.3682628,-0.23099318,0.44368383,3.7385082,5.120302
-452.42227,276.24615,91.352936,-9.858445,-2.5438194,20.245752,4.0101175,-19.46534,-11.7050495,6.630295,-1.6910977,-22.69696,-21.949917,-5.7026863,1.287923,-2.9958687,-8.525478,-8.137447,-0.19426939,6.6338882
-449.57394,279.94748,94.19051,-7.6467533,-1.6357415,17.204573,-2.0088167,-23.294514,-12.408598,6.5951624,0.33908534,-17.288452,-16.246086,-1.7752633,3.5315466,-3.2609124,-10.6980095,-10.097275,-1.7984616,5.1769934
-456.01715,276.53763,97.97956,-6.0955744,-5.9890833,11.937078,-3.7781353,-21.897346,-10.90156,7.459073,3.157484,-12.595952,-12.666723,0.6561873,5.478387,-3.3866327,-11.813743,-9.621708,-1.4640994,3.7083137
-465.79523,267.82666,95.882126,-11.084896,-17.798237,2.1741865,-2.8063262,-13.487906,-4.433035,9.145874,4.782594,-8.475645,-10.2235155,-2.699288,-0.6413048,-4.9679413,-6.170581,-2.086421,1.0487115,0.56739414
-480.95425,249.30104,81.71126,-24.649141,-31.208559,-6.290898,-4.474024,-12.250072,-2.5113988,13.927435,11.791599,-5.652111,-15.960157,-12.705725,-6.3028784,-2.8150883,-0.6335833,1.2355442,1.8186878,1.1866542
-489.40796,240.78397,78.6953,-27.675543,-38.40087,-14.235193,-10.124304,-18.374475,-9.08094,12.319532,15.218958,-4.182793,-19.682743,-17.16496,-5.8408623,3.1001062,5.8810062,4.0909195,1.4411178,-1.0836056
-471.70975,261.5382,91.71529,-16.896011,-23.345846,3.1940143,2.684568,-11.752397,-5.4736757,12.005933,8.37302,-12.747839,-21.907997,-13.376834,-3.1101768,2.4897509,6.673534,8.868393,6.1596828,0.38586596
-463.4837,270.0519,94.9482,-13.1353445,-13.151594,15.330427,8.171577,-12.364169,-5.915754,12.165934,4.072053,-23.077822,-31.528511,-13.8287525,3.3236794,4.4346476,0.35461795,2.353342,5.987989,4.758314
-457.2036,275.34814,94.90869,-12.179747,-7.0919323,21.26529,7.7450495,-17.555576,-11.315365,7.7329016,0.94568074,-23.01973,-27.75275,-9.531353,3.0940995,-2.0022073,-8.294808,-3.885397,3.2277355,5.3416743
-454.02756,279.4104,98.239624,-9.491566,-6.026366,18.957874,2.0770316,-24.014357,-16.08001,5.2583046,1.1689835,-18.903057,-20.429401,-3.056779,4.838649,-4.9324036,-13.142123,-8.516008,-0.31601325,3.4696155
-456.40884,278.52722,101.3243,-6.762082,-8.194669,13.270541,-1.5938239,-23.2247,-13.840754,6.030881,2.1027613,-15.078699,-15.059277,0.09660314,4.9894843,-5.265012,-12.55965,-8.227281,-1.1579176,2.6267853
-465.92496,271.01727,102.57654,-6.9228644,-16.724861,3.4018035,-2.4717088,-16.152063,-8.175848,6.4900103,2.303427,-11.392075,-11.433344,-1.0057682,0.98889357,-6.143098,-8.33227,-3.5128574,-1.0985743,-1.1358899
-479.21536,256.26996,93.573326,-16.756807,-29.779537,-5.431798,-1.0675803,-9.411772,-3.7512922,9.418255,7.6848917,-7.778447,-17.177353,-13.261127,-6.3343444,-3.9950132,-3.020893,-0.44926962,1.0693171,1.1515805
-495.42212,236.86136,79.9436,-28.973299,-43.66432,-18.71835,-11.034185,-16.430347,-8.027737,9.929522,13.04199,-2.7259223,-18.002363,-18.66838,-8.903929,0.6239452,4.024067,0.9091529,-4.5905457,-5.8390794
-479.23807,255.29591,90.764,-19.56797,-29.324543,-2.07346,0.14309788,-12.7655945,-6.547184,12.709063,14.244442,-5.0155745,-19.02032,-13.693771,-1.0973824,5.4960585,7.454402,8.770386,6.72705,0.8057122
-464.7983,267.3155,91.516495,-14.947995,-13.578547,13.216653,5.167639,-11.72745,-2.2504807,13.780524,3.91581,-20.410065,-26.562176,-11.506225,2.2981024,4.762413,4.3318286,5.8937254,5.576233,3.3676934
-456.35312,273.45105,90.31262,-12.765097,-4.177331,20.659267,4.5346804,-15.153322,-3.5815392,11.415344,-1.5336571,-24.030949,-25.104265,-9.363762,0.25291836,-0.6485691,-1.8905013,-0.20015337,1.8226203,5.0428424
-452.55344,277.15527,92.153595,-9.943923,-0.9620299,20.158306,-0.85380006,-22.596767,-10.945696,5.180989,-3.6123638,-19.320024,-16.407873,-3.0836673,0.518297,-5.553264,-9.471718,-7.614869,-2.6920154,4.039383
-454.1494,278.34686,97.64703,-7.190875,-4.84958,14.059254,-4.002775,-23.143616,-11.228791,5.357789,-1.6467481,-15.734478,-12.536921,-0.29708713,1.4431496,-5.8819656,-9.620783,-7.487446,-3.577653,2.1169624
-464.47913,271.9192,103.17647,-4.1731863,-13.533676,4.514676,-2.7485962,-16.962234,-9.808837,4.412815,0.7185829,-11.343306,-9.581995,0.40069652,0.904315,-5.515045,-7.364151,-5.465493,-4.2488666,-0.72950435
-475.4627,261.2375,98.499916,-12.295311,-27.534285,-4.180845,0.8559989,-9.389685,-6.684767,7.1415668,7.6828833,-6.4675965,-14.321026,-10.125744,-5.0417485,-3.0055046,-1.3843267,-0.89272106,-1.1377391,0.8431422
-493.42776,239.36426,82.96771,-25.48626,-42.05825,-17.804802,-8.630665,-15.552099,-10.031889,8.897823,12.87982,-5.4633355,-21.708454,-20.485922,-9.740652,-0.07604104,3.1307778,-0.6750454,-4.4138885,-2.367089
-484.7322,246.93735,84.17288,-21.886648,-32.12847,-9.411075,-7.4033027,-15.704941,-6.3201723,12.588217,13.21487,-4.7114305,-17.149878,-14.483888,-5.7586937,3.2019024,10.55059,11.059001,4.1012754,-2.175768
-469.55045,263.0036,90.54718,-16.847466,-18.424152,9.008486,4.018502,-12.445515,-4.0339527,13.764227,6.772019,-17.959648,-26.681643,-12.493743,2.2708266,5.196698,4.5539713,6.85224,7.6658125,4.4851627
-461.28894,270.33472,91.911194,-13.3568125,-8.509931,18.508572,6.3132277,-14.159763,-4.371929,12.890311,1.5662568,-24.863428,-29.708529,-11.237783,2.9033632,1.6416098,-1.7382793,1.299575,4.967352,5.6132193
-456.8179,275.1673,94.528175,-10.608223,-4.507102,21.05089,4.014558,-21.158403,-12.778372,6.4665804,-0.5149658,-21.200642,-21.610704,-4.0660915,3.2094812,-5.679949,-11.68866,-6.020383,1.5775139,4.923072
-455.77124,278.20453,99.81401,-6.5411167,-5.474737,15.624687,-1.4253631,-23.475739,-12.928339,6.5065904,0.34424067,-17.7761,-16.470304,-0.23228523,4.3414154,-5.9913225,-12.322039,-7.4587708,-0.86516935,2.810728
-462.15155,274.289,103.94538,-2.7438064,-9.479129,7.8726206,-3.6832216,-19.117779,-9.288137,5.6598697,-0.18000779,-13.506079,-10.628433,1.8888589,3.528781,-5.331769,-9.75783,-6.614501,-3.1756375,0.282044
-470.8984,266.3998,101.753876,-8.114722,-21.61594,-1.5025306,-1.3208301,-10.253501,-4.7770853,5.717654,3.1488664,-7.1686506,-10.092541,-5.4835167,-2.8195252,-3.754989,-3.3032067,-0.9864571,-0.14073506,0.25933397
-486.68213,248.27393,90.13652,-19.02954,-34.72393,-11.70171,-4.3573236,-9.3562765,-3.9171677,8.599936,9.791922,-3.0900912,-15.884831,-17.14735,-8.503704,0.7419231,3.7753012,1.4718137,-0.67221874,0.80985653
-492.2704,237.0664,75.56607,-29.321978,-38.664974,-16.822983,-14.948912,-19.008698,-6.2534323,10.040554,8.876522,-5.2508,-15.720324,-16.644323,-10.411091,0.028537452,8.169769,6.776512,-1.1021739,-4.555502
-470.21323,259.98907,85.4617,-19.661533,-19.099077,5.4079485,-2.3389573,-15.200691,-2.0121856,14.935369,5.9385557,-16.02325,-22.03277,-11.191809,-1.2349007,2.465206,5.625404,7.7532635,5.0859575,1.3470325
-462.12354,268.81598,90.27008,-14.329252,-9.467871,16.278458,3.62835,-15.019922,-3.0895896,14.273302,1.7368617,-25.195953,-29.664402,-10.875385,3.5269446,2.8362021,-0.17715524,2.3673816,4.912883,4.4728765
-456.91544,273.9391,92.28382,-11.697351,-4.38717,21.039177,4.7583666,-18.319508,-9.578237,7.5751076,-1.2567416,-22.908207,-24.671097,-7.4481053,2.3260167,-3.751298,-9.458273,-4.2180905,3.9525719,6.497262
-454.5616,277.67944,97.10907,-6.7552977,-2.8057275,16.95774,-2.1161642,-23.122818,-11.76074,5.5009937,-2.2035356,-18.873524,-16.671608,-1.9189663,2.283107,-5.9904265,-11.354435,-7.7437234,-1.4994922,3.388645
-459.33264,276.3186,103.51586,-2.0977793,-6.6913643,9.712006,-4.3556023,-20.043709,-9.024209,5.4154673,-1.9859815,-15.22826,-11.168413,1.3209021,2.258593,-6.0255694,-9.2980385,-6.3131657,-3.7162347,-0.12982357
-467.81775,270.2157,104.920944,-4.4026976,-17.119232,1.6363363,-1.4972968,-12.437847,-6.3737755,4.5680995,0.93753946,-9.053087,-8.964802,-2.5199962,-1.7513897,-5.0610824,-4.6481934,-2.25539,-2.5720298,-1.5710421
-482.16644,255.67587,97.83659,-13.6714325,-30.448483,-5.541176,1.8063171,-7.057866,-4.2147894,9.203014,10.214071,-5.083761,-17.380085,-14.846594,-5.78008,-0.92199963,-0.17119476,0.38125163,1.0043416,1.9655782
-497.31876,234.67027,78.89633,-28.860592,-42.919067,-18.20763,-11.264567,-16.714966,-7.209153,11.568858,13.980582,-2.4984055,-16.422516,-15.098988,-5.8277235,1.6670512,5.793009,6.394908,2.319435,-2.2443337
-477.5897,253.44864,84.82025,-20.642439,-24.636177,-0.6569272,-4.235903,-15.172609,-3.5337982,14.89098,11.322793,-9.115358,-20.075365,-12.916655,-1.1291939,4.252041,5.5722475,6.958201,6.158058,1.7843874
-468.08276,265.0691,92.767044,-13.731656,-14.037485,13.057663,5.734991,-12.457507,-3.6547298,14.777899,6.3505583,-21.231625,-30.540504,-12.708625,5.567444,6.436789,0.85101193,2.3844185,6.8991885,6.2422743
-461.02817,271.7682,94.47946,-11.650621,-7.617419,20.529268,8.779898,-14.472443,-7.8043246,10.0969,1.9767363,-22.6517,-27.69373,-9.7948475,2.865783,-1.5152578,-6.7858458,-1.5394909,5.8851633,7.297208
-458.65775,275.60535,99.29631,-6.919531,-5.6542783,17.77618,2.4224374,-21.523659,-13.903402,5.354254,0.21739867,-19.19188,-20.138138,-3.3861375,3.6478596,-6.0170465,-13.329041,-7.8940682,0.6726825,4.531642
-460.49228,276.42737,105.08202,-2.747479,-8.767582,10.429016,-1.7270572,-20.357325,-11.889003,4.8832245,-0.37718385,-16.468304,-15.267209,-0.31685305,3.8813953,-6.1074753,-12.292513,-7.510167,-1.3616872,1.4472044
-467.63693,271.49158,107.6089,-1.9014735,-15.559172,2.8380132,-0.870467,-13.37813,-8.688,1.9730911,-1.4750488,-10.677189,-8.341383,0.08221227,-0.49431002,-7.281579,-7.7998657,-3.0971875,-2.1632953,-2.4576201
-477.0867,261.29407,101.42297,-9.753973,-26.246574,-3.8336163,0.7758776,-8.0304,-4.6395454,6.8734803,6.307609,-6.3910227,-14.505386,-11.565973,-5.4811454,-2.3608987,-1.1045525,-0.5794848,-0.8981934,0.4903177
-493.5471,240.88158,86.60249,-21.384005,-38.23259,-16.589966,-10.2071905,-14.550507,-5.762839,9.825714,10.0492735,-5.5425997,-18.099247,-17.634518,-9.794041,-1.6597643,3.7775836,3.4427323,-2.5517693,-6.131567
-485.32184,244.45786,78.93148,-25.968372,-30.991413,-6.8191996,-9.3030205,-19.409962,-5.8732862,15.821609,14.015861,-7.2594314,-19.250557,-12.268827,-0.8825488,4.218665,6.1522055,7.8412275,6.234157,1.202419
-469.3637,260.96802,86.52216,-17.243479,-14.774294,10.096621,0.34361902,-14.732205,-1.368041,16.72654,5.8646216,-20.237406,-26.515759,-10.254326,4.008971,5.522051,4.112003,5.705451,6.0007896,4.2574096
-461.5268,269.23608,90.52219,-13.245096,-7.65952,18.474056,6.0561466,-14.034115,-5.0261574,11.643265,1.7263353,-23.093975,-27.93309,-10.074256,3.3062675,0.64406115,-3.3327413,1.1294765,6.165555,6.2223253
-460.02698,273.75647,97.59619,-8.3257675,-6.147335,18.729305,4.224754,-20.273825,-13.782288,5.11674,0.298338,-19.24865,-20.88871,-4.274718,3.5396118,-5.393179,-12.553187,-6.8562503,2.3546572,6.2252445
-461.25934,276.20682,105.62249,-3.2829857,-10.096516,10.548864,-0.3117708,-20.377602,-13.802288,3.8248374,0.35632402,-16.58588,-17.528414,-2.0444875,4.693427,-4.933839,-13.11417,-8.642921,-0.24885367,3.4875476
-467.4303,272.8775,110.22926,-0.1801646,-15.225939,3.3738122,-0.16579556,-14.426155,-11.289744,0.48894304,-1.2455677,-11.138772,-10.067268,-0.085849255,1.9399483,-5.610525,-9.443386,-5.552809,-2.0320501,-0.74433386
-472.79065,266.19443,104.13194,-7.808976,-23.301249,-0.7932756,1.0030539,-11.283695,-8.30658,5.4366083,5.994079,-7.346381,-14.555119,-8.508196,-1.39587,-1.5837137,-3.803563,-2.6125638,-0.2422185,1.3925772
-486.3734,248.84006,90.87262,-17.557766,-31.576977,-8.756124,-5.6096888,-13.871935,-5.1079693,12.46077,11.494001,-7.863492,-20.843678,-16.218166,-5.8358645,-0.6284298,1.2492355,2.5547247,1.2625918,-0.69262844
-492.9048,237.393,76.75313,-29.321434,-37.829292,-12.762015,-11.695908,-20.801079,-8.387454,13.57987,13.365049,-7.5337143,-20.638643,-14.953707,-4.970672,-0.9796956,1.8717997,5.588046,3.5239644,-3.67458
-475.48538,256.66397,87.40564,-19.373466,-22.067032,4.7355547,-0.028943703,-15.365664,-4.6044216,15.919514,10.049868,-15.966358,-26.1473,-11.204102,4.5923414,5.741346,2.550531,5.2034483,7.7563734,4.366108
-466.42014,266.3498,92.38304,-13.929583,-12.391656,15.596054,6.9314547,-13.267593,-5.5535827,12.362692,3.8187428,-22.36781,-29.289627,-11.11257,4.4967117,3.1000767,-1.5801992,2.07511,7.111011,6.1645856
-462.89883,271.24176,97.220184,-9.07207,-8.036367,18.397583,7.1819296,-16.24949,-11.564053,5.6050205,0.33214632,-20.0701,-23.264847,-6.831203,2.715588,-4.5814977,-11.143929,-4.7771316,5.1121473,8.023143
-463.22696,274.58124,105.81679,-2.8503537,-10.385262,10.537425,0.8015112,-19.011456,-13.368127,3.334147,-0.557616,-17.823643,-18.848671,-2.8459198,4.34332,-5.637782,-14.135242,-8.760675,0.9694404,4.7192583
-467.66592,273.273,112.02391,2.0527492,-14.286356,2.504992,-1.2698961,-13.88855,-9.531832,0.9564734,-3.3861756,-14.030577,-11.054971,0.7758944,2.3356957,-6.7032576,-10.592558,-5.505027,-1.5187627,-0.81334776
-470.80182,268.98178,107.200516,-4.232182,-20.241096,0.36429384,0.6259114,-11.652626,-8.750793,3.2834134,2.5107274,-8.855627,-12.172422,-4.8328753,-0.2496506,-3.2338812,-5.7880754,-3.8324966,-1.3847175,0.52045
-482.34216,254.63919,96.778366,-12.387596,-28.258656,-6.2116537,-1.101465,-8.049097,-2.987801,8.872307,7.6698217,-6.518222,-17.204102,-16.171974,-8.384482,-0.7579187,2.7230062,1.0224361,-1.5483546,1.3984576
-495.08612,233.068,71.82475,-31.889679,-39.566658,-17.747137,-18.335957,-23.963451,-9.048266,9.888514,7.1756525,-10.399775,-20.38215,-17.8154,-11.256191,-4.0581484,3.0348816,4.27615,-1.7069943,-5.418414
-478.4396,250.717,80.64516,-22.472992,-23.009655,0.46323228,-6.724079,-18.294754,-2.677124,17.925877,10.729264,-13.040186,-21.369911,-10.548527,0.2695274,3.5907702,5.5927067,7.2834187,4.9618306,1.2579494
-467.99255,263.50363,89.36421,-15.258978,-12.582116,13.998184,4.1073236,-14.057215,-3.1943693,15.107058,4.9186673,-21.684326,-28.019547,-10.562146,4.053873,4.0687647,1.6857417,4.557624,6.3377647,4.230672
-463.49493,269.9068,95.254845,-10.605381,-8.313189,19.15864,8.649704,-13.867332,-8.4736805,8.115762,1.0701427,-21.005665,-25.064426,-8.757244,1.8362056,-2.9552674,-7.256348,-1.2008734,6.30466,7.6018677
-463.30423,273.83884,104.418335,-3.3310084,-9.087838,12.671291,2.5050294,-18.117794,-13.165337,3.1634283,-0.4708963,-17.34014,-18.98896,-4.2773066,2.9802084,-5.1822133,-12.546387,-8.162989,0.515242,5.1397943
-467.74707,274.21945,114.06844,3.001072,-14.639175,3.084412,0.513914,-13.437482,-11.026199,0.35510805,-1.9043564,-13.565697,-13.766456,-2.0600471,3.030373,-4.222331,-10.559242,-7.6946135,-1.9763231,1.2858205
-471.3849,271.10736,113.00731,-0.27378732,-20.066582,1.2302032,4.068754,-10.342635,-12.471108,-0.99876475,2.350443,-6.851983,-11.640394,-4.559266,2.0458002,-1.392747,-7.7305846,-7.308095,-1.9222832,2.3245997
-478.88376,260.73193,103.820404,-7.502409,-26.131966,-4.1719007,1.5616636,-7.3538694,-5.0534015,7.076439,8.166487,-5.37125,-16.418205,-13.678724,-3.832571,1.8445863,0.98316896,-1.5131377,-1.1890607,2.6175566
-491.41235,242.4096,86.0925,-21.149023,-35.541626,-13.330576,-8.924541,-15.04673,-5.941757,10.981756,11.633122,-4.5835114,-17.257217,-15.514002,-6.428677,1.062335,5.045911,5.428443,2.0389302,-1.2776982
-488.2506,241.3227,77.40547,-27.051237,-32.378914,-8.11351,-9.854734,-19.107052,-5.6204176,14.830526,12.004502,-8.851398,-19.85064,-12.706799,-2.00837,2.367083,3.9874904,5.706917,4.5198746,0.5983547
-475.16595,258.2268,90.89704,-15.4310055,-19.238688,6.88729,2.7761168,-12.260218,-3.2214346,14.503893,6.973714,-18.869316,-27.837158,-11.33502,5.62121,6.2833753,1.0075185,2.4746056,6.728617,6.148327
-467.94016,266.61346,96.408615,-10.149925,-12.252178,14.200701,7.868018,-10.878486,-6.0013323,8.592871,1.2970386,-20.772915,-26.156914,-10.052008,3.0826454,0.2650184,-5.407278,-1.3272479,6.632089,8.586327
-467.19766,270.3559,104.40791,-2.5247538,-9.922802,11.633343,3.9988298,-14.841559,-11.468409,2.366047,-1.5040878,-17.508684,-19.637653,-5.6731453,2.5042696,-4.612425,-12.657427,-8.575037,2.1687481,8.267016
-469.0724,272.70563,113.655304,3.5898817,-14.530511,1.9186081,-0.4725666,-12.893208,-10.036909,0.12911695,-3.256802,-15.280855,-15.573599,-3.2357898,3.0917983,-4.365879,-12.462139,-9.429224,-0.69477487,3.8192534
-470.11197,271.77856,112.74986,1.111556,-17.341473,1.9629476,2.1998672,-11.643232,-11.998793,-1.5836611,-0.7996722,-9.610023,-11.154331,-2.488327,2.2314022,-3.586163,-10.090994,-8.43814,-2.3419018,1.8598336
-475.39175,264.97638,106.86771,-4.922104,-23.6063,-2.462988,1.6273409,-8.723509,-7.1472473,4.6608057,5.947916,-6.267732,-15.277148,-11.505416,-2.7569537,0.59386635,-1.9336021,-4.489791,-3.170116,1.5079074
-486.67737,248.69264,92.209755,-14.22474,-28.729446,-8.752298,-6.1874247,-11.510906,-1.624219,12.512987,9.060177,-7.569022,-17.70086,-15.720097,-9.159514,-2.1585798,3.9853783,4.3271933,-1.6309018,-3.9614012
-494.69162,232.24982,68.80497,-34.213722,-37.706886,-12.846412,-15.431345,-24.516363,-8.264397,15.113041,12.362271,-10.020645,-21.134289,-13.311471,-3.5839257,-0.7197441,1.6835151,5.330756,3.912651,-1.5575521
-476.6477,254.02344,84.43799,-19.597763,-20.027386,5.0377293,-2.1121912,-15.912828,-2.211475,17.45932,8.349357,-17.907131,-25.427414,-9.718187,4.2097473,4.591689,2.38504,4.76812,5.9541025,3.4512956
-468.69815,264.1652,92.53629,-12.300601,-11.8337,14.072971,5.5869703,-12.302399,-3.935655,11.808037,2.0802965,-21.875053,-26.503605,-9.594894,3.232462,1.4328253,-1.8936952,1.9283386,6.3642077,6.2544656
-468.32526,268.524,102.20783,-4.196966,-9.61692,13.85074,6.0785418,-14.096557,-10.745515,4.1346035,-0.21868041,-18.337791,-21.498352,-6.665359,2.420403,-4.2704506,-11.185822,-5.941593,4.114215,8.582275
-470.26263,271.68567,113.31134,2.9533803,-14.8560705,2.8593798,0.29005572,-14.041227,-11.637121,0.37695464,-2.2392726,-16.131273,-18.04723,-4.962165,2.9121394,-3.971275,-12.235893,-9.575546,-1.0079389,4.2940736
-471.4255,272.1478,116.125916,3.2514915,-18.995071,-0.602652,2.1602554,-10.331206,-12.629088,-4.237598,-2.712349,-9.808247,-11.54458,-4.179366,0.8726859,-3.10876,-9.01972,-8.679078,-3.3260398,1.9401414
-473.75876,267.7088,110.29485,-1.7783698,-22.168842,-2.75952,1.0808489,-9.015413,-8.890455,0.3854457,1.5380661,-7.174326,-12.456577,-8.42637,-2.2206197,-0.82951796,-3.2577982,-4.988754,-3.4588125,1.1343949
-483.18665,254.2178,98.4579,-9.200578,-26.74253,-8.04046,-3.453802,-7.924967,-1.7652371,8.528799,6.0769424,-7.881912,-18.0666,-16.07876,-7.01599,0.018432617,1.6350938,0.6230625,0.3940701,2.1009598
-494.5163,234.01883,73.67844,-29.007126,-37.483307,-17.53244,-18.454119,-23.55222,-9.328785,9.156294,7.5256243,-10.380236,-22.554005,-18.817057,-7.786137,-1.2272035,-0.73498476,-0.74726814,0.45911962,-0.49351376
-482.49542,246.38284,79.52493,-21.72136,-24.2015,-3.3434286,-8.594589,-15.988073,-0.707258,16.638773,10.06007,-11.111265,-20.544012,-10.784269,3.5363383,8.134968,4.3469243,2.3599534,5.222225,6.5087156
-473.03683,259.8377,91.309166,-13.223789,-15.320868,9.836027,4.578581,-10.411576,-2.7860541,12.026033,4.104971,-18.922144,-25.910318,-10.136069,5.4336233,5.4003534,-0.054411143,2.1922312,7.9329996,7.6747093
-470.73636,265.68604,100.3194,-5.7907753,-11.096022,13.604741,8.0619135,-10.603051,-7.497278,6.094941,0.3827869,-18.989079,-23.055347,-8.068675,2.3634825,-2.6349688,-8.4149685,-2.9834313,6.2970414,9.454813
-471.07254,270.00842,111.3611,2.4653063,-13.435141,4.578926,1.2076924,-13.153351,-10.109355,1.6564345,-2.0600998,-16.426392,-18.044155,-5.0869555,2.278193,-4.195048,-11.245529,-8.216496,-0.39013118,4.688102
-471.602,272.38248,117.01604,3.9329133,-19.007097,-0.7759137,2.504136,-9.388755,-11.544067,-3.7330506,-3.1925063,-10.667507,-11.823521,-4.152715,0.1176416,-4.207857,-8.64073,-6.8888373,-2.673698,0.4997827
-474.54193,269.4461,115.173325,0.67805374,-22.88113,-1.3060081,5.4493265,-7.8497,-13.211561,-3.6818771,2.0928578,-4.7745266,-11.516606,-7.579448,-0.1865468,-0.102544986,-5.4820356,-7.584935,-3.881927,1.8212628
-481.06332,259.0286,104.65735,-5.74411,-25.742306,-5.520687,0.2199387,-7.0184193,-3.6228256,7.3299036,6.402318,-7.178224,-16.573324,-13.713682,-5.7420664,-0.15609518,1.9425366,0.8457773,-1.8001645,-0.3704615
-488.44864,243.05473,82.30821,-22.245205,-30.794003,-9.05389,-10.81267,-19.38555,-6.1793823,13.839914,11.46788,-8.950413,-20.874462,-15.504053,-5.6734476,-0.6463988,2.0108504,4.0913453,3.1786814,0.7387956
-489.10516,239.29031,74.76672,-28.002304,-31.1213,-7.0438786,-10.891829,-21.251762,-6.582673,15.667247,12.648625,-10.781764,-23.568531,-14.35501,-0.081928894,3.972858,1.6926298,2.3746037,4.989875,3.6586857
-477.09726,255.32509,88.40427,-16.236752,-18.614792,7.201115,2.0761108,-13.025444,-3.4381921,14.364256,6.6969233,-18.883743,-27.644234,-11.36938,5.5318356,6.4648714,1.030694,2.1330047,7.042329,7.723656
-472.5591,263.05127,97.586716,-8.302584,-12.753725,12.951174,7.8565345,-10.491588,-6.3241377,8.328613,1.7794235,-20.314175,-26.244612,-10.079558,3.2995768,-0.044758376,-6.4225864,-2.0641837,7.011458,9.942476
-471.58942,267.94772,107.91678,0.8991151,-11.622303,7.1561775,1.9019885,-13.443512,-9.287649,3.2100925,-1.7470586,-17.753181,-19.606739,-5.8536954,2.1783385,-4.0348997,-11.057154,-8.056481,0.19223154,6.2903194
-472.4547,271.714,117.631516,5.360183,-18.459963,-1.8330101,1.6609969,-8.080966,-9.3650055,-3.657813,-5.3465824,-12.188587,-11.519286,-4.1357265,-1.5321696,-5.61177,-7.9072127,-5.390791,-2.63228,-0.36410075
-473.07507,270.81012,116.207436,3.1364348,-19.904778,-0.4794249,4.6103864,-7.4655557,-12.040357,-5.1717615,-1.797749,-6.253521,-8.703331,-4.6220756,-0.68186414,-2.2204418,-6.240552,-7.561487,-4.6463604,1.1500065
-476.682,263.48444,107.53609,-1.3351674,-21.218292,-4.816286,-1.2744436,-6.3078623,-2.2831447,4.7455606,1.8943217,-7.3690195,-12.015934,-9.747801,-5.0646734,-0.95703155,1.1206076,-0.30122966,-3.2077365,-1.6227288
-484.43604,249.30154,90.541306,-12.963587,-24.922804,-7.347962,-7.552673,-12.423101,-1.3323095,13.490282,10.64698,-7.1762276,-19.056232,-14.42086,-3.4342303,1.1895051,1.0489469,3.0256615,4.7410765,2.0643845
-496.1021,230.40048,68.45244,-32.48599,-36.66873,-14.11837,-16.438837,-23.892197,-8.010242,14.920789,13.338787,-9.654257,-23.035559,-13.63801,0.27381754,2.21662,-0.4950938,2.6543868,5.7274017,1.5535562
-480.778,251.02362,85.34272,-19.52044,-22.792763,2.974194,-1.4661317,-15.516269,-4.027459,15.966932,8.98658,-17.420834,-26.549088,-9.935827,6.1916895,5.4357553,-0.1434573,2.3339603,7.149161,5.7481785
-472.81506,261.70898,94.9019,-10.685616,-14.170427,11.225013,5.389495,-11.869261,-5.285821,10.295552,2.5444999,-20.49598,-25.745356,-8.751768,4.4282384,1.0521425,-4.3323298,0.34291375,7.4622536,7.691391
-473.0107,265.60736,105.37286,-0.44545537,-10.62471,9.622,3.6952467,-13.05254,-8.951996,4.348505,-1.0529472,-18.672245,-21.041666,-6.274925,2.1613083,-4.774006,-11.237219,-5.7244997,3.7161608,7.6875734
-472.34888,270.52753,115.09284,4.7018204,-16.267998,-0.38921747,-0.43320468,-11.039014,-9.016329,-0.994004,-5.201872,-15.862568,-14.968962,-4.327646,-0.58769274,-6.5794764,-9.782338,-5.387779,-1.059012,0.25957555
-471.44342,272.1103,115.91379,2.8031304,-19.139286,0.16031058,3.4134023,-9.745305,-13.080086,-4.805011,-2.4942331,-9.138718,-11.498618,-5.133581,-0.1898883,-3.119313,-8.025547,-7.9977584,-3.8381457,0.97505486
-475.51498,267.0792,112.35967,0.079227015,-22.144615,-2.956634,1.9346266,-8.108442,-8.74225,0.5148536,2.039561,-7.160136,-13.450825,-9.803507,-3.0775235,-0.57218766,-2.0093493,-4.2180176,-4.697669,-1.0352944
-481.56876,254.99655,96.96475,-9.546984,-22.742182,-2.8692029,-3.3753314,-11.906904,-1.970611,13.611614,8.4813595,-11.903432,-21.700306,-14.283011,-4.540742,-1.418443,-0.41597053,1.3473752,1.3532728,1.3052181
-492.58432,236.59625,75.54001,-26.881313,-32.191166,-10.214507,-15.323462,-25.444794,-8.25469,16.436272,12.636726,-12.930219,-25.408276,-15.080876,-2.6322937,-1.0716623,-2.153871,1.0788103,2.9175427,-0.3398161
-483.97418,244.8606,77.697876,-24.874163,-25.29987,0.001638772,-5.724364,-18.180395,-3.68853,17.9918,12.118716,-13.047882,-22.885212,-9.37092,4.7297163,5.141904,1.477967,3.8627143,7.2860923,5.156663
-474.77774,258.7011,91.50333,-13.838752,-15.895296,11.418779,6.538233,-10.989256,-4.437669,12.297382,5.5954905,-18.217426,-25.410084,-9.182088,5.2215285,3.4269426,-1.6161164,2.3755279,8.632685,7.8690996
-473.8555,263.83948,102.47876,-3.3656166,-11.123095,12.778797,8.484447,-9.876771,-7.865769,5.713296,1.6266258,-16.872292,-22.053776,-8.47223,1.8037096,-2.8837006,-8.940186,-3.7593994,6.0822973,10.027864
-473.53333,269.42798,114.63034,4.1129174,-16.194036,1.846772,2.8435786,-9.662088,-9.60203,-0.33672732,-2.279034,-13.974977,-16.3855,-6.316637,0.19954768,-4.436861,-9.678078,-6.633733,-0.060636718,3.6912775
-473.48404,271.70288,118.55458,3.6339674,-21.93213,-1.9221859,5.0947485,-7.373863,-13.617132,-6.6910253,-2.5949266,-8.27005,-12.363413,-7.354448,-1.288939,-2.7543106,-7.7985053,-8.234811,-3.6389902,1.3214374
-476.9934,267.98907,116.92262,2.5029209,-23.733006,-3.4147189,5.144087,-6.2715416,-12.385569,-4.7426443,0.8716277,-4.8286905,-11.688225,-9.312404,-2.1890917,-0.007669747,-3.5886908,-6.676708,-5.246178,0.10876565
-480.8446,258.53445,103.59751,-5.094472,-23.16876,-4.1168604,-1.4584305,-9.213331,-2.920538,9.876729,6.6273346,-10.359016,-19.503445,-13.318262,-3.7346609,-0.06735633,0.037287682,0.049742382,-0.10762568,1.4789116
-488.7063,243.52432,84.30021,-19.505028,-28.461304,-8.197011,-11.921228,-21.030891,-5.85736,15.985048,12.074582,-11.332199,-22.90537,-14.02958,-2.7583547,-0.23404488,0.11311039,3.1424239,4.0854897,1.3800657
-492.15253,236.28662,74.00783,-27.80696,-31.197325,-7.93386,-12.738155,-22.654312,-5.54167,17.960598,12.567364,-13.1810875,-24.01238,-11.624786,1.9338629,3.2642045,0.75859237,2.2422564,3.6195364,1.7063282
-480.26447,253.09088,89.07956,-16.554134,-21.124548,5.915505,3.5082846,-12.0909195,-5.2523794,12.194763,7.0541973,-16.627346,-25.552143,-10.089767,5.9687366,5.837212,0.21277075,2.7008765,8.63891,8.144534
-477.0502,260.5845,100.72646,-6.0134916,-15.103113,10.188177,8.692297,-8.991496,-8.162301,5.4127216,2.4654784,-16.62387,-23.99492,-10.563786,2.604867,0.3029277,-6.2667813,-2.4630978,7.13899,10.451919
-475.89502,266.299,112.2688,3.1850505,-15.528866,3.1633015,3.3733306,-10.252878,-10.098196,0.24496773,-1.4913089,-14.5275345,-18.110294,-7.491846,0.33809906,-3.9889827,-9.617807,-6.0967407,1.6227887,5.4228687
-471.87576,271.3844,115.46275,3.4548314,-17.874245,0.17362052,1.6492174,-10.987165,-11.604799,-2.1413696,-2.3448117,-12.308954,-14.839451,-6.098442,0.1523735,-3.3533762,-8.306257,-7.076621,-2.596897,0.9592736
-473.39267,269.94336,115.0421,2.9930294,-18.593496,0.599053,3.5707207,-9.926121,-13.06408,-3.4321222,0.31941763,-7.0288515,-12.019251,-6.715524,0.5976832,0.24234658,-5.7357087,-8.974808,-5.746043,1.3159798
-477.0047,263.11093,107.19389,-1.4819655,-20.456337,-3.5197244,-1.4744236,-8.53808,-3.6995168,6.37401,4.1093426,-8.560806,-16.109035,-12.203083,-3.5575843,1.737428,1.2551999,-2.407268,-3.9811122,0.46372747
-483.0536,250.47398,89.815834,-14.356474,-23.822857,-4.038527,-6.7861595,-15.687891,-3.8559637,14.473431,11.468163,-9.37451,-21.673279,-14.831039,-2.746008,1.3802567,0.5933452,2.1972022,4.8681326,4.629943
-498.1612,228.41302,67.35692,-34.11268,-38.2263,-14.823224,-18.311901,-28.321236,-12.553463,12.359568,11.009594,-13.697883,-27.813707,-17.540026,-2.406849,0.4515992,-2.3322356,-0.111675546,3.3782487,1.4712675
-482.0244,248.99463,83.043686,-21.396133,-23.593418,3.5195377,0.044199638,-14.517271,-5.046954,13.659409,8.126457,-15.616497,-24.300356,-10.020396,4.0979404,3.9415991,0.10579939,3.06637,7.4070187,6.197056
-476.20126,259.22253,95.65996,-10.437421,-16.014359,10.556372,7.878597,-9.6300335,-6.7982216,7.308525,2.7494745,-17.104908,-23.451418,-9.725496,2.2984047,0.13049513,-4.21502,0.5439391,7.756008,8.188309
-477.14023,263.41425,108.51906,1.8119826,-13.390438,5.973041,4.496273,-9.611778,-8.228662,2.270742,-1.2148842,-15.641829,-19.074787,-8.141165,-0.5426875,-4.466127,-8.790775,-4.644423,2.5222855,6.2326384
-473.47928,269.8311,115.11311,3.4955702,-18.043688,0.08399517,1.8971469,-10.591098,-11.065224,-1.4077272,-2.1550145,-13.578554,-17.019867,-7.5577393,-0.16837054,-3.7068696,-9.143859,-7.25601,-1.5940708,1.820075
-472.40143,270.87823,115.004745,2.5355744,-18.423304,1.3147628,3.5990386,-10.753953,-13.384302,-3.1031895,-0.615224,-9.652866,-13.680822,-5.956891,1.1031916,-1.9398389,-8.327899,-8.626328,-3.7426183,1.2009166
-476.417,265.4955,111.25348,1.2678703,-19.51692,-2.3825371,-0.45743895,-9.64023,-6.2626696,4.397875,2.4939113,-10.201239,-15.603346,-8.915932,-1.5496869,-0.5346283,-2.2208447,-3.336082,-4.0190763,-1.5773473
-481.59814,254.55264,96.450836,-8.68597,-20.64815,-1.8425205,-4.6878867,-13.646061,-1.5473698,15.778643,9.530731,-13.191317,-23.100332,-13.208769,-1.732113,0.054042045,-1.2569842,0.7513676,3.2287836,4.062435
-493.20395,236.27722,76.43431,-25.153246,-30.745625,-9.868499,-15.858038,-26.006128,-8.326012,16.719479,12.970858,-12.62346,-25.02282,-14.362572,-1.2083023,1.1255593,0.20915452,2.8711884,4.1965895,1.1069238
-487.8458,241.66098,77.29811,-26.47443,-28.831905,-1.5798776,-4.157925,-17.280056,-5.935727,14.992967,11.424776,-11.653136,-21.489025,-9.234327,3.772872,4.1370077,1.4108636,4.675494,8.135627,5.553797
-479.41,255.99295,94.121475,-12.601494,-19.492954,8.041458,7.6554794,-9.178532,-6.859932,8.270989,5.8340445,-14.042953,-22.769808,-10.09787,3.8848453,3.774507,-1.0862708,1.8905704,8.2017765,8.0606785
-480.11862,260.38593,107.31169,1.0355736,-13.872166,7.417043,7.786126,-7.1987004,-8.080083,2.3020635,0.7056973,-13.43847,-19.169792,-9.819014,-0.90494853,-2.6554813,-6.412783,-2.7156348,4.3909554,7.9515724
-474.4139,268.71594,114.5085,3.4690013,-17.496813,1.3078029,3.569252,-9.452988,-11.175346,-1.7954786,-1.1938639,-11.648807,-16.363655,-8.89208,-1.4042828,-3.0260873,-7.4154344,-6.1072273,-0.8973476,2.9667935
-471.79886,271.4655,115.01311,1.9836184,-19.258621,0.7702476,3.677149,-10.752549,-14.367769,-4.4533305,-0.9074956,-9.294337,-14.620789,-8.28397,-0.2825934,-1.3151531,-7.468429,-8.988104,-4.3576717,1.34009
-475.24188,267.58725,113.46643,2.211152,-19.520096,-1.225951,1.7334592,-10.018068,-10.990865,-0.73247874,1.6444566,-7.9800186,-14.652565,-9.462436,-0.72207135,0.943775,-3.6508875,-7.0763574,-5.590843,-0.180041
-479.87424,258.81805,102.407814,-5.4872155,-21.1365,-1.4419595,-1.3181181,-11.6714325,-4.407228,11.497142,8.538723,-11.879139,-23.108074,-14.2923765,-1.2052089,1.6272461,-1.7916356,-2.1171255,1.1888164,4.4358826
-488.44626,244.05667,85.39707,-17.599503,-26.137955,-6.402714,-11.512015,-22.024612,-7.0071516,16.284988,13.573799,-11.08737,-25.08054,-15.941669,-1.4602549,2.5719914,0.44541788,1.1659207,3.5686646,2.9633033
-494.38474,232.89886,70.273865,-31.2958,-33.42643,-8.310569,-12.08831,-23.071323,-8.202629,14.764707,11.740726,-11.470266,-22.768156,-12.870328,-0.29469913,2.3539839,1.0704653,2.4114718,3.3983576,1.3707606
-482.39587,251.21652,88.96331,-16.59877,-22.088745,5.362314,4.5312386,-10.95844,-6.201982,9.864094,6.5037622,-14.080233,-22.481009,-9.735308,3.7162366,3.8804505,0.30507463,3.6047657,8.347471,6.5943365
-481.0337,258.04114,103.26289,-2.9839344,-15.925388,7.300585,8.262114,-6.7626324,-7.3305335,3.3077116,1.1573713,-13.819,-19.601704,-9.661766,-0.4518491,-2.1995375,-5.4335213,-0.82440865,6.2605276,8.189556
-478.5995,265.0627,114.676926,4.574965,-17.960339,0.45334867,4.5340595,-6.99314,-9.286779,-1.3613955,-1.4228582,-11.807468,-16.6053,-9.452406,-1.9628036,-3.1674442,-7.161919,-5.5443697,0.32787144,5.016389
-475.05594,269.6634,117.34732,3.8320858,-20.995113,-1.8777485,3.6468592,-8.859163,-13.251434,-4.557296,-1.0411379,-9.565926,-16.030067,-10.228321,-0.9118949,-0.43668845,-7.028574,-9.932242,-4.92557,2.6288433
-475.96002,267.51575,115.00311,4.212222,-18.239645,-0.8055428,1.6830873,-10.267407,-11.654047,-2.412222,-0.6892759,-8.857252,-12.713858,-6.825136,-0.5647484,-1.1030939,-5.2279263,-7.7610455,-6.8747644,-1.4226909
-477.902,261.86548,105.85457,-2.2740674,-19.192844,-1.1889856,-1.8887775,-11.917723,-4.646393,10.040791,6.3738785,-12.275087,-20.696594,-11.377506,-0.46241617,0.552199,-2.7745166,-3.08564,-1.0998197,1.780404
-485.30994,249.53302,91.805145,-12.68639,-22.995968,-2.5887332,-6.359727,-17.97975,-5.6012735,16.515387,14.223559,-10.383394,-24.999664,-16.148697,-1.6667063,2.1577916,0.10591797,1.502789,4.4046164,3.8746464
-502.1721,224.92227,67.067696,-34.18827,-39.485077,-16.06905,-19.45401,-30.44328,-15.149658,10.93322,10.982301,-13.930277,-29.832605,-20.78963,-4.226531,1.50356,-0.6886823,-0.95014524,0.52102953,-0.59940755
-486.38052,245.56415,83.68364,-21.10799,-26.126999,1.8155165,1.98489,-12.747076,-7.461501,10.234958,8.936579,-11.901714,-23.050247,-12.076691,2.6400719,4.627917,0.5311823,2.320199,7.2424803,6.3348045
-481.33817,255.8064,98.32547,-7.56571,-17.628769,7.4443765,8.0160885,-7.646908,-7.5236607,4.349252,2.3895297,-13.731953,-20.670101,-10.448845,0.28315803,-0.28843126,-3.5119855,0.6096108,7.07241,7.6034107
-479.78662,261.5503,110.11452,3.9864745,-14.689562,2.0864966,3.1917596,-7.065053,-6.7496166,0.11456396,-2.69063,-13.196818,-16.53043,-9.486752,-3.0537605,-3.9326692,-6.431594,-3.9278483,1.5806592,5.510349
-474.4436,268.26666,114.51907,4.9546576,-17.333818,-2.2605207,-0.12946089,-9.178007,-9.62397,-3.1529636,-3.4093575,-11.299562,-15.631135,-10.419068,-2.241252,-0.7728781,-6.102813,-9.18224,-4.6068177,2.8934045
-474.89352,268.39703,115.71318,5.930518,-17.164413,-1.9824634,0.6742295,-9.0491905,-11.057236,-4.818512,-3.0174055,-8.346546,-11.981325,-8.119956,-1.3623337,0.045656554,-5.0866375,-9.539244,-7.0193467,0.7194843
-477.47867,264.50342,111.18613,1.8515463,-18.505104,-1.6059277,-1.2943833,-11.987392,-7.2460093,6.687791,5.029539,-11.828503,-20.091646,-10.368938,1.6459458,2.025767,-4.0778475,-5.9635715,-2.5931683,1.9426589
-482.7502,254.40237,97.98804,-8.105521,-21.143288,-1.0267116,-3.2380698,-14.948683,-5.018589,14.899866,12.193947,-11.917826,-25.770844,-15.65329,-0.2694903,2.580841,-1.5872664,-0.6615151,4.429494,6.4503174
-495.73972,235.81851,80.04823,-22.98516,-32.0381,-10.366089,-13.907017,-25.931602,-11.896345,14.475144,15.1517935,-10.674053,-27.774952,-18.247551,-0.72354865,4.323264,0.83047366,0.89453244,3.5064733,1.90578
-491.81546,238.39505,77.410614,-26.83665,-31.62918,-3.7050385,-3.1626616,-15.971419,-7.7607365,11.892399,11.217029,-9.300221,-20.519585,-10.641211,2.7739708,4.6374354,1.3352101,3.2712898,7.339478,5.8640175
-483.5104,252.53369,94.83509,-10.720827,-20.052994,5.5358934,6.568144,-7.8636103,-6.003744,6.5530753,3.7801225,-13.057303,-19.554483,-8.752407,1.9001346,1.536022,-0.80645335,3.3117464,8.0385475,6.623536
-485.0276,256.8974,109.93472,4.972516,-14.6371155,2.5623493,5.0523577,-4.760278,-4.72577,1.6048063,-2.322991,-13.568344,-16.180511,-8.590038,-3.217483,-4.5000706,-5.019534,-1.0163059,3.2809572,6.163536
-480.3532,265.39258,119.08252,8.016117,-19.334423,-3.4016523,2.3142886,-7.2635612,-9.49546,-1.4914737,-0.5923741,-11.355825,-18.219059,-11.256411,-0.53633887,0.618571,-5.974042,-9.020676,-3.9093246,4.1548805
-477.52936,268.12415,119.382614,6.9971976,-20.025574,-3.3232188,2.4309201,-8.185238,-12.0462055,-4.700058,-1.8450037,-8.960398,-14.156608,-9.404291,-1.6371922,-0.2111698,-4.737638,-8.674181,-7.4597926,-0.8050466
-476.4699,265.75366,112.65207,4.2064514,-16.097572,-0.533228,-1.3754263,-12.439861,-8.546212,4.2298574,3.1774354,-11.233529,-18.00861,-9.245981,1.2917165,1.6851442,-3.9585645,-7.036662,-5.704307,-0.8382216
-479.05844,258.39148,100.32494,-5.6144686,-18.14399,1.26017,-1.5176268,-12.969431,-4.0020337,13.399132,9.761442,-12.363224,-24.334568,-14.834032,-0.9181295,1.7473142,-2.052109,-1.6617697,2.6794448,5.4980526
-489.18988,243.94214,87.257805,-14.770845,-24.287613,-5.5425134,-10.064266,-20.342962,-6.8917108,15.844818,15.279488,-8.437782,-25.284206,-18.318552,-1.4210227,5.729803,2.760024,1.097184,3.6140385,4.2282276
-497.1318,231.00534,71.97632,-29.20514,-34.661636,-10.325184,-9.539972,-18.177223,-8.361113,10.209843,10.926354,-7.540656,-21.69704,-16.635036,-2.3961356,4.073128,1.2480725,-0.37695822,2.97509,4.5536203
-488.15015,246.25522,90.02261,-13.989349,-24.362095,-0.15226261,3.7531781,-6.480706,-5.320734,4.726,4.4347525,-9.033741,-19.005299,-13.144586,0.8001478,6.7061152,2.4333143,0.5912852,6.679874,10.534048
-488.11047,252.72058,106.45523,2.3201714,-16.945715,1.1020429,5.8125954,-2.6724539,-4.2978473,0.20893991,-2.306688,-11.504008,-15.42565,-10.072746,-3.5657883,-2.4984934,-3.4960778,-0.60895836,5.181276,8.819643
-483.40942,261.8011,117.404724,8.256775,-18.745564,-3.890943,1.575425,-6.295236,-7.117428,-0.44420984,-1.9766626,-12.601395,-16.983593,-9.377523,-1.2713339,-1.9445555,-6.360672,-6.1254168,-1.0741334,4.576536
-479.59875,266.5177,120.060715,8.089132,-20.757465,-5.694791,0.6646591,-7.828452,-10.475596,-4.0563602,-3.0625694,-10.888615,-15.081926,-9.093487,-1.4367108,-1.09255,-5.875987,-8.563232,-6.075377,0.24778682
-478.82993,265.25757,116.31596,7.382663,-16.487041,-2.1408508,-1.37032,-11.912857,-10.037884,0.82130325,0.4011411,-11.445576,-16.143595,-7.326215,1.7733065,0.6622697,-5.8452625,-9.018744,-6.829983,-0.67752135
-478.2155,261.3416,105.49601,-1.7637697,-17.709732,0.117928304,-2.0893028,-13.343824,-5.4106655,11.004677,7.5343704,-13.1327505,-23.085518,-12.544993,0.46042192,1.2254726,-3.8526525,-3.7888365,0.72736275,4.1171207
-486.40167,249.28806,93.8778,-9.88344,-21.454056,-2.6445866,-7.166857,-18.847132,-6.156174,16.557892,14.593389,-10.548834,-25.979382,-17.041351,-1.6253049,2.7961702,0.5868694,1.7381947,4.506013,3.4300914
-503.27917,226.56833,72.84513,-30.266193,-39.965477,-16.193443,-15.777505,-26.41111,-14.902365,8.87636,10.376918,-12.637652,-28.45361,-19.847855,-3.4607606,1.456826,-1.639188,-1.2080498,1.6497192,-0.072313875
-493.43253,241.45772,88.156815,-17.641222,-29.931831,-3.951189,1.1700958,-10.10012,-7.1996717,7.1026716,6.6060367,-11.038285,-21.143957,-11.525814,2.2497876,4.5409,0.73013484,2.2678034,7.0833426,6.587845
-490.6107,251.13419,106.59531,0.034848407,-21.356762,-0.956633,6.4286246,-3.0951796,-5.788128,0.87739813,-0.19999102,-11.636431,-17.220135,-9.66634,-0.87820643,-0.78447187,-3.1207476,0.67227125,6.8180304,7.7168913
-484.7362,259.0786,114.088715,7.148798,-16.30634,-0.4958109,2.5796723,-7.403924,-7.2360196,1.6037872,-0.23252663,-13.554471,-19.392078,-10.24,-0.24396028,-1.539835,-7.5676813,-6.3582196,1.903941,8.60177
-477.37146,265.8625,115.213326,7.2397747,-15.363384,-2.4375243,-3.3920739,-12.495142,-8.277668,1.4084597,-2.4759853,-15.236412,-17.932163,-8.187704,-0.31852537,-1.7972682,-6.532688,-7.915942,-5.2055883,0.791329
-476.7607,265.7629,114.253876,7.7747765,-12.985683,-0.96188664,-4.4802213,-14.459936,-9.2080345,1.1670611,-2.4637327,-13.792208,-14.840281,-5.80367,-0.097431526,-1.7308097,-5.0193715,-7.625161,-8.9688225,-3.8578725
-474.06607,264.553,105.29294,-0.6440183,-13.85375,2.146596,-4.3640337,-16.271282,-6.1049185,10.029297,4.41959,-14.787928,-20.35621,-9.092782,0.0729322,-1.1296568,-4.0495043,-3.1694806,-1.6557124,0.2694394
-481.2071,254.2352,95.24239,-8.387724,-17.565811,1.4635513,-4.831486,-17.054556,-4.1930375,16.36163,11.1869755,-13.665346,-25.4986,-15.048996,-2.1928658,-0.11001476,-1.295234,1.8919804,5.2419443,4.7269936
-495.37585,236.34442,81.41652,-19.981686,-29.014217,-9.494056,-14.036732,-24.302254,-9.326511,14.48731,12.564696,-11.9966955,-26.478771,-17.479553,-2.3292181,2.8159056,1.4049015,1.6850464,2.73312,1.1258601
-499.06598,233.5563,80.78197,-23.771675,-34.769234,-8.244535,-2.803641,-12.54672,-6.7391033,9.998739,9.7351885,-9.298918,-20.475845,-10.946352,2.7078195,4.264237,-0.038307462,1.9293983,7.3177347,6.5995045
-492.99527,247.21722,102.08102,-3.693211,-23.33656,-1.7014189,6.228093,-2.3702261,-3.6146317,3.7268353,1.8189481,-10.941129,-16.987762,-8.938935,0.5678805,1.1794251,-0.97542626,2.3681326,7.389875,7.1096716
-490.03717,254.32867,114.02951,8.345762,-16.849155,-1.0502341,5.048623,-2.761263,-4.1064205,1.8576319,-0.56688124,-12.397297,-17.674356,-9.962008,-1.355279,-2.114658,-6.434311,-4.316784,3.5221877,9.684128
-482.3969,263.58527,119.74559,10.333201,-18.141161,-4.982791,-0.010785935,-7.0225153,-6.852578,0.065873265,-1.6400951,-12.384581,-16.953125,-9.488907,-0.9108204,-0.8630348,-5.783545,-7.4905343,-3.7205074,2.805961
-479.9073,265.54895,119.396545,9.971001,-17.305206,-4.4568286,-1.1737978,-9.431688,-9.625198,-2.3842533,-2.568361,-11.045625,-14.674274,-8.344539,-1.0318577,-0.8679831,-5.5355163,-8.5905285,-7.082586,-1.2776424
-477.68597,264.5081,112.537285,5.221518,-14.749014,-0.19363227,-2.639156,-13.913315,-8.141443,6.359598,4.401492,-12.618823,-20.413765,-9.926559,2.4520016,2.0752397,-5.545518,-7.9355087,-3.2942681,2.3205476
-480.6959,257.01443,101.139885,-3.0495625,-16.002192,0.95752156,-3.6998253,-14.233507,-2.8779092,15.0303955,9.48806,-13.99456,-25.107567,-14.466148,-0.91594046,1.1203145,-1.9746289,-0.3982501,4.0377088,5.888202
-491.50308,242.95447,90.20665,-10.621429,-22.155848,-6.462027,-12.795597,-21.823483,-5.105711,18.30043,14.304824,-11.47916,-25.344357,-15.487385,-0.7381041,3.7102592,2.9641552,4.3839474,4.7731075,1.365929
-503.1309,226.51663,73.36844,-27.883904,-37.26304,-15.02059,-13.500588,-19.682705,-7.447034,9.751525,5.66453,-13.434116,-21.334446,-12.439147,-3.1400595,-2.0012598,-1.837708,1.7299619,3.2795868,0.23727044
-496.6845,241.83467,97.19513,-7.041889,-26.349186,-6.4764023,0.8753662,-4.628216,-2.2841184,4.86128,0.52200323,-12.267372,-16.020082,-7.4746637,0.20670909,0.5787295,0.8224946,5.226322,7.7880354,4.827812
-495.23477,249.04031,112.666534,8.633182,-18.112041,-3.6966906,3.7035494,-2.3115382,-4.1852055,0.6154943,-0.78979224,-11.207199,-17.721722,-11.650469,-1.1402661,1.2003419,-4.1653585,-5.7705736,2.032868,11.948103
-484.64047,259.6192,116.55708,11.484224,-14.729034,-5.118661,-3.5595171,-8.172327,-3.9514337,2.7165198,-1.779892,-13.896459,-19.07023,-11.923464,-0.864733,2.7807574,-3.5105438,-10.387032,-6.478805,6.6964374
-477.8274,265.32413,115.76437,9.271391,-14.24891,-3.8413353,-4.45916,-10.832191,-7.118903,-0.97302127,-4.4505005,-12.330931,-14.05323,-9.427939,-3.83454,-0.5547489,-2.0371242,-7.8287354,-10.036104,-1.7490699
-476.1735,265.45038,112.366455,6.592249,-11.723709,1.469953,-3.4213061,-15.144033,-9.208458,3.9199834,1.5396924,-12.319853,-16.960842,-8.053375,0.70442194,0.5949617,-4.18874,-7.424636,-6.809906,-1.2846134
-477.78726,261.32684,104.90076,-1.2205644,-15.301286,2.5286412,-1.8103191,-14.605213,-5.7914677,12.328093,8.989429,-12.966099,-23.886433,-13.434771,-0.16111226,1.2516301,-2.7081618,-2.037448,1.7281628,3.8963275
-487.91266,248.75333,96.25592,-6.41139,-19.266598,-2.2626572,-7.6352463,-19.172646,-5.7845397,17.715023,15.912885,-10.079209,-26.631039,-17.792448,-1.1504594,4.6517076,2.6364467,2.8254843,4.7141876,3.6322448
-502.54388,229.0221,77.63211,-25.266605,-36.860046,-14.27787,-12.875023,-22.220787,-11.513237,9.965635,10.489764,-10.965841,-24.692577,-15.975932,-1.2508869,2.6015244,0.3190592,2.2335286,5.5214405,3.0983632
-500.0114,235.8572,89.0503,-15.099167,-31.252117,-8.214351,-0.8424753,-7.931508,-4.3618536,7.0856113,4.847624,-11.122517,-18.908573,-9.574497,1.9955282,3.0705009,-0.018240228,2.6800256,7.9069366,7.443687
-498.6321,245.06726,110.004456,6.080925,-21.438084,-6.9030704,2.5836036,-0.33954585,-0.9007044,1.6280088,-2.8872523,-12.249724,-14.188757,-7.107754,-1.6591907,-2.6209335,-3.235053,1.1682293,6.09147,7.463411
-494.22153,253.9146,121.85897,14.7687845,-19.882076,-9.340763,0.5146985,-2.0345387,-3.274263,0.50220805,-1.5597229,-11.994497,-18.208252,-11.742286,-1.0627266,1.1262292,-4.837876,-7.948552,-1.8719518,8.372929
-486.86322,261.57233,123.96228,13.272869,-21.532629,-10.051865,-0.6713927,-5.251173,-8.389376,-4.412966,-3.4942536,-10.134375,-15.283661,-11.459573,-3.5027113,-0.4102021,-3.7315934,-7.693449,-6.5667334,0.3273273
-481.66803,262.1648,116.24208,10.881811,-12.882507,-2.7455568,-5.526424,-14.9066925,-9.745319,1.846257,-0.46133554,-13.712236,-18.152613,-8.461639,1.3826921,0.6565949,-6.173304,-10.059908,-8.030452,-1.4049475
-477.9651,261.43726,106.821365,2.7667854,-12.989101,-0.03169642,-6.119152,-15.805264,-5.2814984,9.989147,4.612591,-14.746736,-22.571093,-12.42145,-0.48592144,0.9065341,-3.6583974,-4.840641,-1.2791324,2.9315991
-484.44693,252.09557,98.09779,-3.3595545,-16.005724,-1.8076394,-8.30423,-17.318935,-3.435718,15.712254,10.520891,-13.565836,-26.798386,-17.592937,-2.351915,2.3719225,-0.41195777,0.19084233,4.5775943,5.5964108
-496.18765,236.28815,84.16018,-15.540743,-27.154,-11.781956,-15.999174,-22.468843,-7.2720046,12.40234,8.616571,-13.3381815,-25.65226,-17.342041,-3.0966644,2.0645976,0.50880665,1.1590378,3.3470707,1.1993816
-501.57977,230.55396,81.15346,-18.69358,-31.134678,-12.273631,-9.154193,-11.456621,-0.6181215,10.09441,2.8839731,-12.722212,-16.845753,-8.478085,-0.761464,0.7344395,0.9217669,2.9163475,4.15912,3.0497317
-498.78864,242.48216,104.57068,2.376688,-21.89537,-7.8213863,-0.35644662,-1.6852574,1.4284465,4.304574,-2.7839785,-12.715355,-12.799129,-5.2761908,-0.8830201,-0.916925,0.7120614,4.1990886,5.159677,4.714564
-493.54477,252.13849,116.28902,10.684906,-18.415285,-4.5244136,4.1963634,-0.92444813,-3.540139,0.07985443,-1.1447711,-10.076307,-15.988189,-11.611425,-3.0922117,-0.14188027,-3.3447256,-4.8842525,0.95096153,10.634674
-483.84738,262.25745,119.819,10.869463,-18.54875,-5.9573565,0.24539694,-5.720169,-7.270256,-2.6818595,-2.7657666,-9.144318,-13.27001,-10.735149,-5.1094003,-1.1937393,-1.3251567,-4.6375527,-5.7954226,0.3624634
-479.64722,263.5537,115.230865,9.54077,-12.75774,-1.8669956,-5.2613115,-15.169215,-10.00432,1.3390567,-0.9901697,-13.109251,-16.813215,-8.772966,-0.86835295,-0.20023403,-3.9535282,-8.123515,-9.401285,-3.6279397
-476.94934,263.5497,109.1526,3.585813,-12.81389,1.5439491,-4.5119553,-17.242645,-9.047144,7.610573,4.963917,-13.265332,-21.0212,-10.862928,0.47130406,0.9283937,-3.9143043,-5.5100384,-3.2790987,0.65205985
-483.7035,255.36061,102.95139,-2.0569763,-17.273127,0.4908303,-2.7366414,-15.147862,-6.04284,13.814697,11.683378,-12.582287,-27.371769,-17.398365,-0.92320263,2.7605023,-1.6323117,-0.87193096,4.8351183,7.1876125
-494.78363,242.18549,94.23352,-9.044865,-25.318726,-7.945546,-9.468027,-19.565722,-8.281706,14.368441,14.8949585,-9.212279,-26.411537,-18.11583,-0.25461462,6.137578,2.7033687,2.035859,5.1539435,4.617428
-507.92767,224.90155,78.623146,-25.012157,-40.84568,-17.836252,-10.577957,-16.63409,-9.783294,5.932211,5.637339,-12.279684,-23.3713,-15.094793,-2.1494536,-0.0974794,-4.1133347,-2.7828922,2.217209,2.1961246
-503.37158,237.0246,99.87991,-3.6354876,-27.978065,-10.355606,0.12032971,-2.5707958,-1.3995988,3.8286524,0.17597684,-11.170021,-15.423993,-8.053917,0.06871876,1.4156277,0.83942276,3.4252567,5.9545527,5.092141
-502.27295,244.70773,117.22319,13.444006,-20.388527,-9.423546,2.3224661,1.5779109,-0.73406243,-0.12355845,-3.2387977,-10.963517,-14.681089,-10.118688,-3.597967,-1.8809817,-3.4214807,-2.6411269,2.4263406,9.25334
-492.31256,256.72443,124.130554,14.978381,-21.73536,-10.7509365,1.3779321,-1.0795401,-5.793835,-4.3211193,-2.919096,-7.6215343,-13.678287,-13.170998,-6.192773,-0.32108054,-0.9939887,-5.114293,-4.871409,2.5321066
-484.02606,261.9528,119.85966,11.997337,-16.695343,-5.3093524,-2.242278,-10.767986,-11.009099,-1.6487961,0.6986761,-9.637148,-18.613922,-13.486303,-0.7927266,3.3985264,-4.3173656,-11.497102,-8.214863,1.1313477
-479.87985,263.10968,114.25686,7.9272995,-13.599976,-0.04253721,-1.9192381,-14.201902,-11.592044,2.6453993,5.125848,-9.292673,-20.567211,-13.488533,1.4257256,4.532732,-5.1067924,-11.117884,-5.25027,3.483077
-482.1173,258.38434,107.51619,2.3833268,-15.819883,-0.42156717,-2.0232015,-12.405918,-5.724593,10.719031,10.128307,-10.555225,-25.923616,-18.289097,-0.47461727,5.0580897,-2.448433,-5.770833,1.5465465,8.204351
-492.4302,246.64839,100.83797,-1.8130035,-20.016245,-5.388795,-8.036589,-17.480066,-5.6044216,16.509985,15.956536,-9.168051,-27.318138,-19.508385,-1.0772114,6.3360085,3.0269618,1.5788476,4.464908,4.9013176
-506.0244,227.36365,81.16301,-21.845749,-38.324516,-17.991562,-12.973716,-18.613533,-9.94809,6.7487974,6.591797,-11.279072,-22.818377,-15.270501,-1.5633597,2.999807,0.6481259,1.2041103,4.8761024,4.8743706
-506.17606,231.76956,92.72328,-10.395416,-32.38578,-13.122103,-2.6861017,-5.4085255,-2.671718,4.982851,2.3569653,-10.525257,-17.286266,-10.607117,-0.9433508,1.5553768,-0.014588274,1.1579494,3.8721356,3.5933545
-500.66983,243.22044,110.17142,7.3521237,-20.420725,-6.5724697,2.1236203,-2.0732098,-3.3351374,1.0560653,-0.2058807,-9.446976,-15.451796,-10.941105,-2.3157554,0.6919413,-2.252535,-3.6357424,1.1703699,8.645066
-491.26315,254.4585,117.34057,11.640614,-17.754002,-5.9240384,0.59395015,-4.351967,-4.9088974,0.22397532,-0.903593,-10.390449,-17.089981,-13.431232,-4.4579954,0.358251,-1.8715961,-5.6898146,-3.7827873,4.8961763
-482.90204,262.26062,118.01433,9.975868,-16.848106,-4.2617145,-1.6757848,-10.2870655,-9.7589,-1.410474,-1.5543828,-11.279634,-16.44227,-11.057091,-3.4080632,-1.2288425,-3.5457966,-6.3208947,-6.5318117,-1.7113419
-480.54828,262.63257,114.798004,9.658515,-11.09083,1.1458788,-3.9895494,-17.464714,-12.246656,3.496577,3.1616607,-12.9773035,-20.427803,-9.790113,2.4427214,1.7029803,-6.5442915,-10.256226,-6.8971424,-0.44465935
-480.59048,261.00067,110.39374,4.6506715,-13.922875,0.76249135,-3.3631797,-15.753847,-7.6408443,10.734776,8.747641,-13.278393,-25.603691,-14.700281,1.1047466,3.0761895,-3.8226728,-5.474921,-0.23103243,4.334908
-489.36075,250.86867,104.53546,1.073938,-17.538887,-2.773037,-5.6068096,-16.121254,-5.6117225,15.555954,14.488486,-10.779513,-28.498842,-19.968178,-1.3976693,5.2739205,1.1921637,-0.012627699,4.2195516,6.130458
-499.6211,236.99176,91.27412,-12.756256,-31.005646,-12.204935,-8.993565,-16.56623,-8.163934,10.057829,10.341673,-9.695115,-23.480324,-15.708254,-0.55445313,4.2881393,1.1980895,1.2331581,4.402296,3.6211398
-510.0408,225.59995,85.461655,-17.484364,-37.936832,-17.157295,-6.072175,-8.178268,-3.66079,6.4026327,4.74819,-9.355729,-17.464947,-10.123532,1.1321648,3.4839077,0.044204943,0.25616083,3.9478588,4.6939306
-504.58316,237.8328,105.91988,4.848469,-23.196672,-11.549264,-2.251061,-1.1760942,1.5745705,3.3855624,-2.5214705,-10.5758705,-11.1456785,-5.5045824,-1.1747174,0.33630615,1.9291029,3.2067554,2.9525383,4.324622
-496.7776,248.53793,115.85481,13.355024,-17.353205,-8.505987,-0.4097112,0.04437714,0.65624887,0.4114933,-4.3771176,-10.138748,-12.136353,-10.638865,-7.074198,-2.109156,1.1333445,-0.060612604,-1.2873693,4.4144716
-485.14206,259.98083,117.540146,10.514744,-16.714743,-4.672003,-1.4199253,-8.783888,-7.905386,-0.047648236,-0.5013609,-10.422736,-16.142765,-10.921407,-2.5472698,-0.14310117,-3.3387413,-5.8036356,-3.5032072,2.2987304
-484.3681,260.5622,117.37413,11.140787,-13.762955,-1.7372065,-3.7633724,-16.803226,-14.024695,1.6688249,4.066763,-11.847943,-22.455048,-12.72055,2.8862522,4.2575645,-6.624769,-13.089388,-8.102958,1.0554556
-481.8206,261.09497,112.84414,5.9914865,-15.209683,-0.4782676,-2.8994102,-16.173164,-11.204758,6.4853997,7.535986,-11.898396,-24.781433,-15.149832,1.0935365,3.506936,-4.9160743,-8.198017,-2.231761,4.0823207
-487.87485,252.99341,106.426575,2.2178814,-17.048035,-1.994058,-3.9378638,-14.496173,-5.8151026,12.981156,11.149668,-12.737696,-28.666515,-19.865479,-2.5285473,2.9856002,-1.0590065,-1.267905,4.2398586,7.3913536
-496.63745,242.31226,98.34006,-5.852088,-26.408186,-10.043032,-7.969573,-15.866477,-7.839697,10.07107,10.396421,-9.819838,-24.611092,-18.011312,-2.8677754,3.3515608,1.8288597,2.500574,5.438491,4.306053
-511.29593,224.68387,85.702805,-17.95241,-40.770927,-21.742275,-10.445316,-11.532862,-7.1922426,1.4695156,-0.6517472,-13.331499,-20.64048,-15.543193,-7.116912,-3.6297379,-2.7749667,-0.8750014,0.046989582,-1.4329765
-510.36203,232.1709,103.01123,-0.3479746,-31.07471,-15.867065,-0.72859514,-0.0111589655,-1.8901613,0.2850629,-0.15971114,-7.305452,-13.77865,-11.090152,-1.6452513,4.7013044,3.5874763,0.5056345,1.9227701,6.8305464
-501.12143,244.11499,113.2737,9.714066,-20.935997,-7.700281,3.6544037,0.7665719,-3.410859,-1.8578165,-1.0998547,-6.674547,-13.778015,-13.881783,-6.1316085,1.1329652,0.9526627,-2.7612677,-0.33761656,9.582144
-488.01416,257.0982,116.62814,9.950029,-18.116186,-5.4314356,0.13414772,-6.4543295,-7.5152674,-0.9618387,0.06000983,-8.5696335,-15.828012,-12.504328,-3.459142,0.589164,-2.4684796,-5.3692822,-2.509141,4.056661
-483.7928,260.3443,116.08473,10.586079,-13.8280945,-2.8016577,-4.669137,-15.412289,-11.784067,1.629468,2.38117,-11.945318,-20.811134,-12.2444725,1.3933944,3.2132235,-5.635991,-11.339104,-7.341881,0.8585825
-483.23022,260.44055,114.72399,8.866302,-13.70566,-0.89511645,-3.9781263,-17.078682,-12.354677,4.976694,6.666178,-11.455465,-23.625484,-13.987616,2.2580628,4.3087087,-5.6265,-10.652301,-4.747422,3.2974873
-487.21164,255.04425,110.14084,5.4699907,-16.150526,-2.454402,-3.7252212,-13.979308,-6.7168536,11.353485,11.174437,-11.259121,-28.08992,-20.027538,-1.0454786,5.380483,-1.5517862,-5.0827484,1.3534086,7.8097024
-494.9871,245.41795,103.06073,-0.25973168,-21.756783,-7.5708313,-7.3420763,-15.749254,-6.892401,12.5665,13.75856,-7.766629,-25.356752,-20.008198,-3.1212482,5.239459,3.3717928,2.3423681,5.0380287,4.890383
-508.96375,226.74234,85.87735,-17.795437,-39.544144,-21.018944,-12.152418,-14.925808,-9.168431,2.9443007,2.6495976,-11.548397,-20.774542,-14.422031,-3.122805,0.5143129,-0.7703293,1.3938344,5.2476625,3.8828673
-511.43518,227.10034,93.333466,-7.884058,-33.26416,-17.819149,-6.294425,-4.9010477,-1.317282,2.9025235,-1.7312375,-11.788807,-14.8645,-8.592346,-1.9955043,-0.13217941,0.83939654,3.2763443,3.8550396,2.0873952
-502.42215,241.10599,108.85358,6.7564154,-20.693436,-7.086356,1.081615,-3.126425,-3.7053337,1.0041009,-0.7552655,-9.882626,-14.407686,-9.17079,-2.3055131,-1.1505711,-2.9140773,-1.7695318,3.0034275,8.538248
-493.13058,253.31604,117.8465,10.829941,-20.23829,-6.888813,2.2134352,-3.198056,-6.326886,-1.8147202,-1.0005653,-8.799633,-15.608629,-13.170012,-5.5722475,-1.1319065,-1.6300843,-3.0391357,-1.5134801,3.7793202
-485.32806,260.297,118.25747,10.522924,-16.751898,-3.7749887,-1.5316343,-12.0781555,-11.837494,-0.30656135,1.7118742,-10.989389,-20.055231,-12.985014,-0.44569856,1.9455037,-4.9709387,-9.284574,-5.7038307,1.1499717
-483.70523,260.59335,116.39949,11.181318,-11.965694,-0.09160972,-3.7891612,-17.294407,-13.203598,3.3032796,4.8165464,-12.098416,-22.466135,-12.267862,2.8274326,3.5852103,-6.660466,-11.805019,-6.4281163,1.8554541
-484.7951,258.36414,113.21675,8.259724,-13.905332,-1.5355716,-4.480007,-15.183083,-7.00749,11.134417,9.460165,-13.191687,-27.311148,-16.86694,0.8969264,4.5560403,-3.2127786,-6.4497905,-0.72770214,5.481907
-492.63712,249.14368,107.504395,4.4538317,-17.478767,-4.415081,-5.691931,-15.044579,-5.9785147,13.791127,13.994745,-9.187078,-27.280014,-21.186165,-3.8310382,4.3162847,2.5614586,2.1751294,5.2789154,5.3670187
-502.0031,236.77582,95.60139,-9.422508,-32.254917,-14.187326,-6.8609905,-12.322003,-7.6079855,6.130686,7.1206694,-8.621233,-20.468868,-14.764094,-2.0071373,2.957538,1.4663182,2.568377,5.90228,4.749448
-515.93665,220.33365,85.00874,-17.626518,-41.00637,-20.698048,-6.761469,-7.1109524,-4.233052,3.5067525,1.9845334,-10.018835,-16.840233,-10.469118,-1.1233019,0.6058564,-1.7647035,-0.38764906,3.4561958,4.0546885
-502.70514,237.35832,100.87932,1.3351343,-20.02065,-5.255268,-0.6178788,-5.2746143,-1.3187132,6.187958,1.6208422,-11.059968,-14.726173,-6.418702,0.8934118,-0.040058136,-2.979526,-1.3343343,3.4838579,7.841501
-490.43417,250.60529,107.8799,7.3934784,-12.967878,-1.2316837,-0.7833085,-5.711924,-0.70709836,5.030957,-1.2735524,-12.251381,-14.644243,-9.469002,-5.261092,-3.615241,-1.6858518,0.0034541264,0.86673653,4.2829146
-481.7889,260.58673,112.8683,8.629396,-12.145006,-0.44560862,-3.3223844,-12.401232,-6.8257346,3.5177422,-0.36630777,-12.7815075,-15.82242,-8.509417,-3.0335279,-3.0469348,-3.1440244,-2.400785,-3.238254,-2.233832
-482.21442,260.17642,113.6156,11.836763,-7.3119726,1.7974231,-7.383156,-20.266636,-11.125736,5.909051,2.98663,-15.0603285,-21.370235,-9.390742,2.2556977,0.97102004,-6.255906,-9.441936,-7.6349244,-2.6195073
-482.74228,259.80353,113.21686,9.95656,-10.44392,-0.19461848,-6.600729,-17.365387,-7.1695213,10.579773,6.982811,-14.568724,-25.180702,-14.109611,0.6504245,2.702509,-3.404338,-5.917458,-2.608514,2.0289805
-491.75137,251.443,111.49041,8.3264675,-15.619942,-3.98635,-4.5422354,-12.7379,-4.543664,12.858709,11.809393,-10.785042,-28.057648,-21.655334,-3.7318277,4.8534694,1.8997524,-0.42879882,3.2070754,6.718997
-500.0006,242.13132,104.78825,-0.7957618,-28.082726,-12.991104,-4.9779887,-9.338423,-5.72082,6.621887,8.184382,-6.708846,-20.036804,-16.686255,-3.6113021,4.105991,3.889691,3.2779632,4.9253,4.611062
-517.715,221.04767,90.303085,-13.953088,-43.807514,-26.839737,-10.28816,-7.6032286,-5.9066725,-0.77764523,-1.7608833,-11.281646,-18.099434,-14.204618,-5.4152513,-0.789591,-0.6930567,-0.5663249,0.4673449,0.7741601
-509.6864,230.8563,98.35347,-3.9925199,-30.079777,-12.983878,-1.406652,-4.32874,-4.595233,1.544303,1.4945142,-7.952652,-14.119661,-8.683559,0.70132077,3.499198,0.62601024,-0.11809799,3.8640723,8.469151
-499.64178,244.12009,109.732346,5.984923,-21.01867,-5.364348,3.796866,-2.0994682,-5.103101,-0.35069975,0.27986556,-7.718317,-14.43215,-12.065247,-4.9387875,-0.68680614,-0.40755475,-0.32591593,2.5383663,8.186522
-486.26154,256.9392,112.53508,6.7828903,-16.464489,-2.11558,-0.29839975,-9.761482,-8.396742,1.1256225,0.51407,-10.7329855,-16.435694,-10.4530325,-2.764915,-1.3512179,-3.1416445,-3.1626883,-1.0714773,2.4633963
-483.81747,259.01727,113.51251,10.237967,-10.676838,-0.20047979,-6.4427314,-18.980213,-11.9894,4.265147,2.859875,-14.510686,-22.217667,-10.89749,2.3983855,2.4673896,-5.816324,-10.319954,-7.528983,-0.8114867
-482.89893,259.7305,113.14888,9.367616,-11.269224,-0.161172,-5.9237843,-18.345024,-10.9816,6.586122,6.110365,-13.0885315,-24.430775,-14.2524395,1.5972269,3.8498683,-4.9158134,-9.293522,-4.047577,2.9727821
-487.91074,254.13354,110.21689,7.3922024,-13.910784,-2.2891774,-5.0884933,-14.288807,-5.839256,11.15656,9.729362,-11.719017,-27.482008,-20.919827,-3.6433432,4.360832,0.40761325,-2.999607,1.2129912,6.8972416
-494.40988,246.34955,104.18489,0.41599724,-22.356026,-8.202545,-5.2473884,-11.670816,-6.2531614,7.281639,8.306589,-7.002431,-21.145641,-19.799786,-7.20162,3.2719214,5.4052095,3.597752,3.6087213,4.8170757
-509.36954,228.15735,90.66261,-13.0074005,-38.689636,-22.588638,-10.608444,-9.554731,-6.8546753,-2.1275053,-3.4722123,-10.598064,-15.932548,-15.141285,-9.201862,-1.3656948,3.917838,3.7553546,0.82129943,0.48664474
-514.914,223.6315,92.535866,-7.5767775,-33.64196,-18.460205,-5.885459,-3.9612105,-1.4080253,2.3069015,-0.7924538,-9.792613,-14.7507925,-10.613718,-2.6795552,1.6793524,1.3551556,0.10225502,0.664065,3.2051487
-502.565,238.634,104.26753,4.958047,-19.303795,-6.852502,-0.38811877,-2.892634,-1.8485498,1.4451642,-1.1163012,-8.241852,-12.122217,-9.675259,-4.474937,-1.0095116,-0.38715625,-0.38828528,1.9779434,7.524207
-488.88086,252.70529,109.36549,7.3592606,-14.652182,-3.1592832,-1.8819143,-7.175688,-3.7339451,2.2918553,-1.3049628,-10.76721,-14.350499,-9.959753,-4.5714536,-2.4536104,-1.9828873,-1.2883632,-0.10608083,2.9770823
-483.90875,258.34225,112.34929,9.691315,-10.766516,-0.79311717,-6.661993,-17.033348,-8.90173,5.262973,1.4040403,-15.028215,-20.173975,-9.217234,1.1859128,0.6265185,-4.82469,-7.292557,-5.8874054,-1.2227812
-484.2165,258.25323,112.63018,9.893068,-10.341366,-0.060219757,-7.211386,-19.956432,-11.863934,5.442343,3.5587797,-15.159538,-23.253292,-11.221265,2.215881,1.3710172,-7.0541067,-9.764193,-5.1821957,0.7018145
-488.0329,255.26251,112.82223,8.908972,-14.336157,-3.1629176,-5.974596,-15.88627,-7.471622,10.365862,8.580605,-13.903526,-28.134666,-18.195087,-0.66107005,3.6485317,-2.857618,-5.179616,0.3859651,5.6126366
-495.6429,247.21304,109.10339,5.7505016,-19.400978,-7.3807545,-6.3025055,-14.190266,-7.3075304,9.854692,11.233518,-8.292689,-25.121965,-21.483232,-6.492156,2.6141849,3.5923324,4.203844,5.9015284,4.4023876
-505.76566,235.22408,99.837296,-5.665485,-34.083008,-18.354477,-7.355335,-9.624117,-7.537424,1.5653688,2.615787,-8.87589,-18.579449,-15.169537,-4.7527714,1.4765298,2.4791944,3.4126394,4.6989183,3.3369522
-518.81903,220.67978,92.39055,-10.246498,-39.945297,-22.963108,-5.776807,-3.2941687,-3.7496123,-0.66073424,-0.9641509,-8.500278,-15.709821,-14.4421015,-6.581262,-0.24846198,0.2086346,-2.6463401,-3.815097,-1.0563867
-511.73706,233.32423,108.59548,4.8419466,-28.479006,-12.680517,4.002577,1.6855133,-5.719387,-4.0931654,0.92870426,-1.9383725,-10.28154,-12.175501,-4.3119864,3.5893655,3.0306454,-1.7403859,-0.50422233,8.210476
-495.7203,248.25598,111.83678,8.147157,-18.203012,-4.116344,2.4897041,-3.3976574,-3.9515696,1.8848213,0.6680443,-9.380139,-15.883167,-12.087264,-4.3416214,-0.3591411,-0.4942755,-1.1965008,0.40075898,5.50472
-484.33008,258.57993,112.97279,8.497755,-12.827297,0.03198993,-2.612118,-13.99872,-9.159618,4.58747,2.9614825,-13.053857,-20.21135,-10.018318,1.7570275,1.6696279,-4.9104924,-7.144391,-3.556873,1.698162
-482.03787,259.61673,111.38849,8.996754,-8.365989,3.5452693,-4.993742,-20.253021,-13.511531,3.9291024,3.1012142,-13.996529,-20.757797,-8.952372,2.7638624,0.44381592,-8.027005,-10.117773,-5.3920374,0.35988057
-482.8148,258.99622,111.26991,8.179091,-10.502303,1.1664715,-5.7950964,-18.251461,-8.613483,10.248276,7.728796,-13.963806,-25.176285,-14.3493,0.08881085,1.6665844,-3.8753486,-4.579008,-0.33311996,2.8222442
-492.15335,249.97946,109.462036,8.394476,-13.143716,-2.5224166,-6.2935934,-15.320131,-4.839636,14.075134,12.064068,-11.078615,-27.037727,-20.53627,-5.2506485,2.1139858,2.547442,3.900795,5.7788515,4.483247
-500.41525,241.20555,103.969955,-0.3440323,-27.11557,-13.25363,-5.757779,-8.478128,-4.1033044,5.75342,5.0697265,-7.71309,-17.262543,-14.052603,-4.2407694,2.7656279,5.130237,5.373245,4.777177,3.8367357
-522.0075,217.24684,90.234604,-13.6755905,-46.27307,-30.363186,-11.466313,-7.159339,-7.635877,-4.9097958,-4.0016212,-9.799734,-16.629623,-15.402971,-5.9316616,2.6963983,3.4801388,-0.35370114,-0.6702495,4.323389
-515.1346,227.10739,101.081955,-0.64396393,-31.368038,-16.04601,-0.3748677,-0.017904975,-3.4620566,-2.2139025,-1.0037739,-4.855406,-10.110327,-10.257989,-4.5474186,1.4532831,2.273004,-0.97454834,-1.2579527,5.1757383
-501.86423,242.04474,110.19231,8.248433,-19.857986,-6.952365,1.8604616,-0.98470825,-1.6623553,1.5445971,-0.6859848,-9.151827,-14.858401,-12.699156,-6.0379004,-0.3764804,1.1817954,-0.76470274,-0.99479973,5.4627457
-487.168,255.6741,112.02356,8.035233,-14.344731,-1.5761418,-1.8969185,-10.879455,-6.758397,4.026965,1.2665327,-12.891187,-18.726625,-10.2354,-0.5749943,0.20350169,-3.8044553,-5.2893867,-2.8152418,2.1416585
-483.9425,258.68753,112.96541,9.931028,-10.030467,1.6142824,-4.2500806,-17.720068,-12.318338,2.990038,1.9955795,-14.088367,-20.801142,-9.664655,2.3330698,1.0421978,-7.363318,-10.480661,-6.1678658,0.41475657
-484.2946,259.28046,114.66255,10.236241,-11.803848,0.09933337,-3.918967,-16.411808,-10.497019,6.2855253,5.8658934,-13.207553,-24.368473,-14.238701,0.7405747,2.3130822,-5.3478985,-7.8389645,-2.4567697,2.965177
-491.5537,252.86908,114.53008,11.0138645,-14.441327,-3.2237449,-3.3189673,-12.13728,-5.77458,10.510811,10.104322,-11.014785,-27.340355,-21.169624,-4.500839,2.8984766,0.152499,-0.8221582,3.4807115,6.2609615
-498.31442,245.88017,110.82659,5.460958,-24.00661,-11.086155,-3.5403953,-7.664982,-4.86256,5.841089,6.7854586,-7.0351605,-19.29471,-16.716019,-5.5400553,1.7030168,3.3660023,4.8334246,6.372279,4.395386
-514.3164,227.74371,99.60271,-5.7424293,-39.420677,-24.580566,-7.5165873,-4.939806,-5.3712873,-1.5400217,-0.9342872,-8.389747,-15.63822,-13.374649,-4.149958,2.764945,3.7448702,2.3838139,2.1840477,3.1270008
-519.7374,219.82489,92.028656,-10.45739,-38.93244,-19.902063,-3.1197152,-4.399287,-7.3522506,-1.7359669,2.1250923,-5.08167,-14.677657,-13.11994,-2.1691804,4.4617558,0.89611036,-4.198432,-1.3918872,6.7577653
-507.0244,237.92175,109.265564,3.9059796,-27.52124,-9.50492,6.3024964,0.90318376,-7.790036,-4.1838017,2.8192425,-1.3977962,-12.879944,-15.501865,-5.318008,4.1905413,2.2129965,-4.368158,-2.0366035,9.327396
-493.22302,251.91754,114.00815,6.5183477,-21.396027,-4.182441,4.663575,-4.8401213,-9.696449,-1.3192941,3.506792,-6.3704195,-18.154318,-15.436312,-2.386869,3.94115,-1.593649,-7.155428,-2.5211835,7.485862
-487.4216,257.0263,115.41991,10.264549,-14.275876,-1.7046456,-2.6103683,-14.889702,-12.63506,1.8631477,3.7756996,-11.752092,-22.187313,-12.861834,2.7221541,4.9392242,-5.2223415,-11.833982,-7.0426207,2.4852543
-486.01248,257.60687,114.31816,10.325568,-12.234421,-0.812413,-5.0133066,-18.058926,-13.119608,3.340815,3.9676213,-13.438574,-23.528389,-13.206437,1.4702027,2.2777,-6.688995,-10.277851,-4.673538,2.186997
-489.4054,254.13629,113.44017,10.612381,-13.178511,-3.2753181,-6.344672,-15.453495,-6.929405,9.7337,7.346152,-13.899517,-26.92633,-18.146404,-2.8785903,1.463419,-2.3144794,-2.635528,1.8348529,4.6168528
-497.83105,246.15459,111.64296,9.094493,-18.742054,-9.1446705,-7.0474453,-12.139294,-4.9191265,9.193657,7.925864,-10.469671,-24.018679,-19.24356,-6.3822913,0.51505214,1.9713525,4.569178,6.938711,4.375483
-508.80856,233.88025,103.97808,0.1596172,-32.17755,-20.844734,-9.036053,-6.759204,-3.2735147,1.5224178,-1.699765,-11.6230545,-16.602165,-12.30621,-5.5691233,-1.4798701,1.8707628,5.0874186,4.547426,0.52879196
-520.3115,218.30219,90.55621,-9.73666,-37.908257,-22.915733,-8.924497,-6.2576504,-3.5382137,0.5973176,-2.5120807,-12.161703,-17.324108,-12.984694,-5.544997,-2.100546,-2.8594112,-4.510206,-4.4678555,-1.4130945
-510.10443,231.7142,102.09149,1.1017952,-26.327408,-11.118441,0.4447196,-1.915536,-4.0760975,-1.0809674,-0.49970508,-4.9365473,-8.452892,-7.405096,-4.0314045,-0.7513144,1.7322443,2.5423498,2.646216,5.7597327
-494.70352,247.57114,107.87018,4.5148726,-18.301992,-2.317555,2.4525084,-5.511091,-4.8696175,3.5899937,2.3027852,-10.258913,-17.43549,-11.093325,-1.5536702,0.43029642,-2.4680972,-2.1976385,2.6965106,7.9505925
-489.0586,255.76584,115.687706,10.300995,-15.455082,-2.6080031,-1.4822147,-12.182531,-10.158894,3.2293434,4.402787,-11.41044,-21.904697,-12.281232,3.7220144,5.8986607,-4.479419,-10.56344,-4.8228636,4.5048456
-488.8333,256.12454,116.541046,12.225384,-13.09672,-1.7655908,-3.4651005,-16.113556,-13.994537,0.5911661,2.754354,-12.3049,-21.868137,-11.771921,3.249426,3.518926,-7.799838,-12.997765,-5.9032793,3.54855
-490.27832,254.70837,116.36567,12.297368,-14.758886,-5.4728584,-6.2022552,-14.231298,-7.770212,6.7212267,4.9582396,-13.974976,-25.485552,-16.359978,-1.2307619,2.1094508,-3.7847888,-5.723007,-0.61076736,4.3328924
-497.64487,247.20982,114.09233,11.767361,-17.331663,-8.810367,-6.2648606,-10.574823,-4.330719,7.650335,6.0712147,-10.14192,-22.408657,-19.778175,-9.716451,-1.9284723,3.2295942,7.2605762,7.3002615,3.003796
-504.0853,239.6748,107.85624,2.765975,-29.20568,-17.004211,-5.9836025,-6.240719,-4.352929,1.671392,0.6036842,-9.471098,-16.775112,-13.6598,-5.393217,0.59283173,3.7954736,5.9899917,6.046172,3.6959977
-516.6247,223.68,95.03116,-8.199942,-38.719955,-23.136768,-7.9723616,-6.9372272,-7.0177994,-2.6353467,-2.9465547,-11.916165,-19.479176,-16.053753,-5.5045147,1.2987864,0.1607652,-3.6401832,-3.3369184,1.8998902
-514.2265,225.54694,95.620476,-4.7681594,-30.714184,-13.53784,-0.6295802,-3.5364385,-6.810397,-2.5886645,0.590393,-4.263556,-11.174044,-10.802587,-3.6233845,1.7034125,0.4608989,-2.4383292,0.17366952,7.7882237
-499.1411,241.36417,103.477585,3.019093,-19.691753,-4.556361,2.497136,-3.6155105,-5.29447,1.6904501,3.0936468,-8.152378,-18.283176,-13.907019,-2.246386,2.326776,-0.7924149,-2.3405092,2.0917683,9.064259
-489.77515,253.09665,112.07411,8.564926,-16.839897,-3.9768574,0.3414636,-9.184362,-10.950786,1.1328413,5.6578035,-9.366351,-22.513046,-13.862419,2.5842814,5.144519,-3.3405478,-8.040928,-4.060848,4.049178
-489.39453,255.57074,116.5049,12.032713,-14.094306,-1.934549,-1.340584,-14.288802,-15.30514,-1.5862646,3.1640596,-10.34559,-21.171612,-12.421953,2.9484882,4.471177,-6.46665,-13.19315,-7.625029,2.9096706
-490.15836,256.10626,119.0008,13.436305,-15.50778,-5.0137186,-3.39539,-12.558134,-10.011293,3.2532468,4.5802546,-11.539501,-23.742718,-16.085524,-0.17968833,4.030224,-3.9697437,-8.86671,-3.3549218,4.5572176
-497.14914,249.53778,118.474434,15.057306,-16.510303,-8.018385,-3.804375,-8.336672,-4.1211395,7.261326,6.6902456,-9.908897,-23.88755,-20.6195,-7.408668,0.8765468,1.6725268,2.0447352,4.5468583,5.5265017
-503.86346,242.83574,115.41971,10.100293,-26.053593,-16.365711,-4.3224344,-3.4706275,-2.512403,2.729725,2.6769347,-6.802389,-16.04796,-15.4429,-7.170888,0.7694283,4.9037127,6.242836,5.459684,3.1727319
-514.89,226.73816,98.89737,-4.81888,-36.98191,-22.88181,-8.307743,-7.0173144,-6.0270653,-0.11743671,0.36567977,-9.200419,-17.516716,-13.516032,-1.7858415,5.095478,3.4215643,0.34302843,1.895828,5.9580784
-521.02374,217.38474,89.69632,-10.399481,-37.223457,-19.801647,-4.938775,-5.314569,-7.2324038,-3.7580018,-1.9469227,-6.4717426,-11.982435,-12.011815,-6.9620757,-1.7962326,-0.16626135,-1.5197419,-1.8040285,2.1991398
-505.4876,237.01852,104.975784,2.9101706,-23.367805,-7.128868,2.696351,-2.7417238,-5.21756,0.46064833,1.6869197,-6.920122,-14.735493,-12.423645,-4.34135,0.26848668,-0.35599816,-1.3569074,1.0222223,6.2383246
-493.2568,250.77908,112.18167,7.018386,-18.65754,-3.2579417,2.1791642,-6.970007,-8.288168,1.114161,2.8302732,-9.426243,-19.44557,-13.960719,-1.2984239,2.8880377,-2.5542102,-6.246991,-1.9837339,5.193203
-489.7418,255.85797,117.30347,11.643979,-15.360735,-2.3573136,-0.19911121,-12.058807,-13.54111,-1.7908363,2.1218963,-10.029978,-20.427746,-13.324927,1.616693,4.767029,-5.371579,-12.550403,-7.0276895,3.4096014
-488.26016,256.8095,117.44983,13.356489,-13.447671,-3.9022815,-3.903208,-12.646194,-10.390016,0.09802968,0.48208123,-11.958211,-20.598959,-14.096266,-1.2431443,2.3398957,-5.000516,-10.440111,-5.3155046,3.8717883
-492.9066,252.57556,117.93138,16.005852,-13.4747,-7.472537,-6.0552363,-8.972658,-3.0384846,5.6763277,2.4761171,-11.823314,-22.116974,-18.60456,-6.9427648,0.526766,-0.26595667,-2.0768685,1.4687612,6.3221774
-498.51242,246.1389,114.29556,13.196386,-17.999216,-12.320103,-6.9590225,-5.528489,-0.38324714,4.4236903,1.1790727,-8.676567,-17.035313,-17.546518,-10.199781,-0.9350339,4.269888,5.367284,5.5563335,4.901906
-504.06244,235.56702,100.31712,1.025814,-25.415081,-16.747551,-9.935441,-6.98477,-1.2209817,2.7866259,-1.1588984,-10.429707,-16.462967,-13.200525,-3.464448,3.6553798,3.7729344,1.5524192,2.1261458,4.3834133
-519.1637,215.27994,81.65762,-15.68357,-36.924034,-21.371586,-12.204579,-11.655212,-6.8804626,-1.0094857,-4.015555,-12.958729,-16.546535,-11.652626,-4.986476,-1.8391418,-1.3007493,-1.2680485,-0.8963634,1.5360194
-508.9204,230.3327,96.547195,-2.6149797,-24.267338,-7.3989515,0.018434301,-5.2843485,-4.442482,2.9792237,2.9051232,-6.0288076,-11.324143,-7.4258313,-1.5069594,0.20699526,-0.28505722,0.5126957,2.8470826,6.3306704
-495.6146,246.67624,107.292816,3.6068914,-18.865437,-1.4437037,3.6561527,-6.0798564,-6.439539,3.9898465,4.7783213,-9.165239,-19.087673,-12.200596,0.49308157,3.1479044,-2.6290119,-4.283383,1.954538,8.496197
-489.7888,254.8091,115.08531,10.405289,-14.655486,-1.6594442,-1.0031337,-12.300444,-10.528048,2.9587789,4.330032,-11.268254,-21.460865,-11.547145,4.4551773,6.251148,-4.5920334,-10.877352,-5.104773,4.1677494
-490.10385,255.59607,117.870186,13.226701,-13.887365,-2.819041,-2.688848,-14.0693245,-13.026218,-0.30799934,1.508213,-12.475243,-21.264881,-11.377349,3.170531,3.2544866,-8.003354,-12.813244,-5.0468397,4.4822
-494.4891,252.9478,120.96671,16.398052,-16.293085,-8.882442,-5.6390786,-10.649569,-6.355152,4.7925777,3.0777605,-13.990213,-25.212214,-16.75953,-1.2413718,2.4958603,-4.549714,-7.175379,0.020654239,7.2363234
-503.0028,245.15189,120.565216,17.933668,-18.554836,-13.228237,-6.421754,-6.942029,-2.7211146,5.7309504,4.1180263,-10.476471,-22.702236,-20.153732,-8.567367,-0.44411087,1.8695649,4.077757,7.254902,6.725132
-509.212,237.5228,114.22468,10.217047,-28.381628,-21.004612,-7.529743,-3.0701718,-1.1132032,1.0060735,-2.2844281,-10.850281,-16.077852,-12.964298,-5.6621304,0.30359298,4.003266,5.778161,4.7302933,2.1621602
-519.53314,220.06573,93.46138,-7.1967125,-38.082657,-25.838404,-11.855685,-7.8725443,-6.2570915,-5.0336685,-8.125931,-13.9811325,-16.672659,-13.999188,-8.266243,-2.5158854,0.5500457,-0.29401666,-2.0850067,0.015970223
-514.37274,223.44019,91.75053,-5.8672085,-28.549809,-13.5781555,-4.899287,-6.4290085,-4.7653103,-0.70480275,-2.4549017,-7.9106007,-9.485071,-6.8920884,-4.576707,-3.083506,-0.81967205,0.9975297,1.6688777,4.271284
-499.1551,240.18987,100.528336,1.2260569,-18.04813,-3.4722652,-1.120678,-6.9635057,-2.229633,6.182545,1.173044,-13.260391,-18.68496,-10.193014,-0.42425072,0.85455537,-2.2252576,-1.6542306,3.39117,8.62442
-490.9691,251.39645,110.26636,8.1705675,-14.52426,-3.255002,-3.8947666,-11.628553,-6.2370605,4.9411473,1.6024718,-14.154418,-21.021822,-10.329671,3.4251804,4.600788,-3.998027,-8.6554985,-3.6698627,4.636014
-490.72537,253.47758,115.12306,12.889015,-12.72886,-3.3596048,-3.8668551,-13.0259075,-11.711521,-2.2277873,-1.5422709,-12.154287,-18.365662,-10.0076475,2.5994935,3.2703018,-7.2894073,-13.245222,-6.394015,4.210893
-493.58658,252.7539,119.77166,16.66183,-16.271196,-10.544613,-5.6032133,-8.416882,-7.493469,-0.6256482,0.36239147,-11.00782,-21.99037,-17.126364,-2.29061,3.6200519,-3.2878385,-8.9005375,-3.8821416,5.093516
-502.20343,246.06392,121.82037,19.359211,-19.036535,-14.181306,-3.5904524,-2.7112746,-4.14051,-0.046502262,2.5113854,-6.2715855,-19.701225,-22.518888,-12.752222,-1.2396085,4.5767403,5.200247,3.9432425,3.7779922
-507.28296,240.80475,117.71677,12.183561,-27.541336,-18.558048,-3.5323298,-1.8528404,-4.3699317,-1.4753585,0.8641455,-5.6610346,-15.962259,-17.990528,-9.024847,2.2089639,7.109389,5.4646506,2.96248,3.576373
-516.14246,226.75928,101.68742,-2.1535907,-36.65999,-23.188103,-6.7885313,-5.1382008,-7.5543146,-5.0758953,-3.266983,-8.421861,-15.531404,-15.161328,-6.186307,3.2534783,5.7152452,2.3089094,0.32890657,4.0432014
-520.8184,217.75415,90.37,-8.909548,-34.426872,-16.400213,-2.8748116,-5.464054,-7.8723326,-2.8851175,-0.3126847,-6.3012123,-13.286742,-12.72945,-6.785627,-3.0237083,-3.7691197,-4.915347,-2.4014254,3.024046
-506.78442,234.08145,100.826324,0.21472701,-23.342163,-6.827849,0.80652285,-5.095026,-4.3559012,4.2764053,3.7972405,-9.174959,-17.962044,-11.78006,-0.33481413,2.7027454,-1.7190619,-3.2702036,2.0028062,8.844225
-495.59656,248.0341,110.817535,7.0068808,-18.422134,-4.302801,-0.2945822,-8.640343,-6.8391294,4.4853573,4.094136,-11.795152,-21.849106,-12.294149,3.3580465,5.668649,-3.8782947,-8.83095,-2.2350466,7.093378
-493.19852,252.60599,117.34122,13.476196,-14.711441,-4.273401,-2.9244199,-12.441393,-10.852718,0.7469457,1.0498633,-13.485413,-21.392769,-9.746054,6.0331974,5.4922333,-7.963939,-14.422786,-5.966946,5.797373
-494.11044,253.02783,120.385155,16.04321,-15.6637,-7.8026814,-5.4659853,-12.141439,-9.098381,1.7279367,0.5292109,-15.121087,-23.97802,-13.200434,2.6599612,3.7543213,-7.366784,-12.418927,-4.303066,5.9246726
-498.01663,249.68896,120.66467,16.839466,-17.055792,-9.575212,-4.037504,-7.5565634,-4.977057,3.5007281,2.094606,-12.082032,-22.562199,-17.852734,-6.413947,-1.3655792,-2.1304398,-0.08016582,5.445565,7.2656364
-505.30496,243.19748,120.27423,16.551361,-22.489002,-16.838333,-6.012458,-3.617951,-1.7675303,1.8173923,-0.32991648,-9.388704,-16.301205,-14.970121,-8.993193,-3.2737331,2.3556805,7.8748064,9.106103,4.23512
-513.51935,232.35278,110.35863,6.4503126,-31.891829,-22.489021,-7.0670767,-3.46522,-3.7955806,-1.5489119,-2.1564682,-9.284037,-15.636068,-12.953971,-3.6481726,3.320098,4.1823287,2.763173,3.166407,4.9461374
-522.5511,215.4285,88.48062,-10.85318,-38.29363,-22.945261,-9.474346,-9.0268,-9.295482,-5.7033696,-5.4037237,-10.92831,-15.362211,-13.219933,-7.302438,-3.2325358,-2.4130745,-2.3914359,-0.9429402,2.098026
-508.63254,229.37656,94.377,-3.0039735,-23.007393,-7.98063,-2.9053807,-6.8312654,-2.802895,4.9582586,2.2803297,-8.598284,-13.387329,-7.6440277,-0.3674059,0.83992875,-1.7582748,-2.036056,2.043873,7.5364532
-495.72992,245.0008,104.964355,4.6621,-15.889807,-2.3234959,-0.63934875,-6.873516,-1.9828765,7.0393195,2.044324,-13.532148,-19.782612,-10.069853,1.7187519,2.6130233,-3.517912,-4.9407663,1.4028883,8.383007
-492.49344,252.3757,115.788635,13.21545,-13.115669,-3.4022975,-3.6025846,-11.623651,-6.6861057,5.071821,1.6233945,-15.569505,-22.162182,-8.455734,6.867834,5.279892,-6.9814625,-11.770826,-4.3464136,5.0502405
-494.06018,253.0498,120.76206,17.533451,-13.305132,-5.898549,-4.7500405,-12.015045,-8.961708,1.5323961,-0.1492612,-15.223259,-22.508621,-10.866978,4.274275,4.1900787,-7.5269938,-13.192837,-6.1699796,3.8930023
-496.26477,252.28577,122.85997,17.502853,-17.638435,-9.466661,-2.3624778,-6.154464,-5.990344,0.85037005,0.6709036,-11.101661,-20.850548,-17.050022,-5.949675,-0.3008866,-1.6885238,-2.3264823,1.0944381,4.197771
-503.81494,245.40346,122.4619,18.61345,-19.808788,-13.010023,-2.6405396,-3.2071965,-3.8335133,1.1770425,2.6100588,-6.2145147,-17.710743,-20.400797,-12.812273,-2.2032084,5.259322,8.129334,6.9823065,3.359315
-508.78253,237.99117,114.24561,10.038438,-27.39013,-17.906837,-4.076634,-2.4278455,-3.4611654,-0.4183948,0.16646817,-6.968097,-15.272873,-15.040812,-5.9010267,3.7981372,7.1106167,4.7219386,2.2209916,3.306385
-522.8986,218.85002,97.44275,-3.480158,-37.618053,-25.411339,-9.356838,-6.0837283,-6.7373133,-4.55005,-4.478283,-10.151719,-15.619193,-13.585375,-5.091937,2.4276977,3.7285898,0.5009043,-0.9925548,3.2641838
-520.6892,218.64098,93.05673,-4.682817,-30.964165,-16.256626,-5.490496,-6.8199406,-5.0169086,1.9937022,1.7908785,-7.887126,-14.131747,-9.057156,-0.5088622,1.2686331,-2.4952397,-3.750432,0.6065887,6.830183
-505.74628,236.72449,105.27611,4.352535,-21.73225,-7.508707,-0.03575945,-4.365983,-2.1185699,6.2619605,3.3769135,-12.344063,-21.25676,-11.954573,2.4370782,4.663545,-2.9948752,-5.500383,2.3727808,11.249953
-497.78104,247.69614,115.6317,13.434872,-16.128664,-7.7528334,-5.1683707,-9.72613,-4.0496826,6.40236,1.7328008,-16.235264,-23.411093,-9.288261,7.669796,7.1350384,-6.031515,-12.153152,-4.2283096,6.8673925
-496.84195,250.18484,120.08772,18.160896,-13.185101,-6.9907136,-5.9957805,-12.142168,-8.338598,1.2537956,-1.9432377,-16.866268,-21.811987,-7.865426,7.102213,4.599457,-9.257961,-14.971161,-6.5217085,4.7261305
-495.31876,252.37656,121.12164,15.935175,-17.872301,-9.662207,-3.6333356,-7.5196323,-6.61709,-0.46540606,-2.598362,-14.200172,-20.32927,-13.266546,-3.3546352,-1.8248296,-5.233823,-4.2412233,1.1175865,3.8211818
-503.18118,246.36751,123.41983,19.191933,-19.827997,-13.26293,-2.4857292,-2.6383698,-3.9099789,-0.7051165,-0.6851881,-8.739869,-17.678284,-18.853771,-12.9042225,-5.400509,1.4333026,7.306754,9.242606,5.0076694
-506.60074,241.6387,118.30427,12.913687,-26.165539,-17.0901,-3.1947222,-2.6826277,-5.25683,-2.0315251,0.102207735,-6.585126,-16.135508,-16.960201,-7.8329024,1.8046455,5.022624,4.0927258,3.931243,4.74657
-517.6774,226.71692,105.011696,1.3945363,-35.419693,-23.145367,-6.2308626,-4.6898227,-8.185201,-5.72989,-2.8279948,-8.048754,-16.444872,-15.789235,-4.5749493,5.3681107,4.848627,-1.0730814,-1.2649648,5.820888
-527.02106,211.77945,89.01866,-9.581646,-38.148094,-22.12907,-7.6268826,-8.668962,-10.660742,-5.2645283,-1.7561306,-7.754839,-15.802823,-14.878089,-6.290407,-0.80018914,-3.4012916,-7.512089,-4.72079,3.9462533
-511.20193,231.05838,103.05483,2.9333627,-24.614025,-10.725677,-1.6643012,-4.862856,-2.871007,5.8256974,4.6681557,-10.208093,-20.717258,-13.157959,2.0836768,6.320764,-1.7805681,-7.242475,-1.0015668,9.62122
-501.22614,244.43604,114.407486,11.377892,-19.494892,-8.878624,-2.3756514,-6.6753793,-4.3163548,4.9573593,3.231658,-12.841087,-23.026913,-12.85314,4.8576646,8.376305,-3.2380605,-11.429821,-4.849681,7.7253394
-498.147,249.32944,120.28041,17.268288,-15.425718,-7.8207145,-3.985651,-9.92694,-8.724592,-0.20538038,-0.99233896,-13.741825,-20.289099,-9.395317,5.6259136,6.0032654,-6.5709114,-14.184559,-7.5454736,4.50636
-497.2477,251.18358,122.114655,16.581057,-18.869698,-10.504812,-3.2046022,-7.8694363,-9.42437,-3.4671867,-2.5636024,-11.974827,-19.489397,-14.30485,-3.034771,0.92685723,-3.8888562,-7.601354,-4.2643733,1.8615482
-502.42572,247.26883,123.54822,18.105654,-21.205914,-13.24965,-1.1066513,-2.237882,-6.135023,-3.8449242,-1.6975173,-7.4997964,-17.100931,-20.383095,-14.208587,-4.226886,2.9472911,5.105933,3.7747629,1.849971
-505.36166,242.69833,118.520294,13.852495,-23.617424,-14.406721,-2.5339394,-4.1013513,-6.613262,-1.5990449,1.7039309,-5.9428988,-17.839775,-20.397842,-10.97921,0.683187,5.907922,5.3076057,3.9308794,3.785421
-513.8211,231.52095,109.14537,6.1924906,-30.146263,-19.785473,-5.970997,-5.2279577,-6.5884743,-2.4343686,-0.8249036,-8.659903,-17.990852,-16.448593,-4.4474325,5.664831,5.6609483,0.35823625,-0.5326594,4.863518
-525.8891,216.02985,97.05847,-2.622292,-35.916557,-22.226536,-6.0603595,-5.666599,-9.088568,-5.633745,-2.2348459,-7.909914,-16.89357,-16.661736,-6.6420865,0.9621764,-1.4726303,-7.0626774,-5.1126175,3.7374904
-518.7132,223.45364,100.68432,1.9382784,-28.157684,-15.51893,-3.9469666,-4.345891,-2.7490358,4.2557964,4.045678,-7.7060404,-17.081043,-11.676619,1.6767989,7.0568075,0.8726216,-5.3497753,-1.5701187,8.68656
-503.69476,240.3013,109.98711,8.85001,-19.540318,-8.23938,-1.9795377,-5.2761126,-1.5433166,6.97248,3.070409,-13.362581,-21.846615,-11.287024,4.336512,6.779431,-2.351672,-7.415433,-1.1584598,8.675129
-495.91852,249.2084,116.09248,14.919133,-13.91264,-6.541941,-4.620804,-9.290534,-5.4498644,2.6917083,-0.80695176,-14.6753235,-19.759443,-7.6209373,6.3279552,5.2306614,-6.125681,-10.99202,-4.35293,4.6008277
-493.12198,251.44005,116.71572,16.662235,-12.361663,-7.4908004,-5.744088,-8.953287,-7.2638226,-2.5426764,-4.1442757,-13.174183,-18.048216,-10.267748,0.70417106,0.7595811,-6.5306926,-7.7607,-2.4571066,0.802007
-496.39056,250.18011,119.53853,17.039768,-16.77783,-10.946888,-3.5533967,-3.8356526,-4.522922,-3.1050487,-4.3775396,-10.61853,-16.179092,-15.162206,-10.16321,-6.152533,-1.6143075,4.4599924,5.7168994,0.2432672
-501.67917,245.41211,118.21101,15.433409,-18.407919,-10.156324,-2.899374,-6.58414,-6.9412704,0.36207062,3.027299,-6.3971243,-18.46067,-20.330008,-11.800445,-1.7362444,4.6498737,7.6886663,7.4313626,3.894952
-508.97586,237.35345,113.10404,9.412926,-26.384064,-16.065758,-4.049965,-5.4348254,-6.998847,-1.224561,1.3995357,-7.402181,-18.18715,-16.636917,-3.5893097,6.908765,6.5803623,1.593332,1.5510781,6.551873
-520.2917,221.14757,97.92636,-1.8843924,-33.107056,-20.606419,-8.289375,-8.876492,-9.409672,-4.2311754,-2.8153973,-10.357316,-17.632845,-14.397697,-3.549048,3.7841682,2.6685631,-1.3196259,-0.57594645,5.558631
-520.82916,218.37363,92.65389,-4.9132757,-30.439814,-15.22448,-5.4460344,-8.508524,-6.5226,3.127023,4.4589825,-7.7544184,-17.810215,-12.529093,0.039234042,3.6770616,-3.3042803,-8.242918,-3.0749898,6.215468
-506.70877,235.38943,104.304214,4.0616007,-21.831867,-8.086568,-0.86981297,-4.9310026,-2.5455656,5.8775597,3.5873847,-11.614003,-21.303143,-13.194273,1.7676854,6.0185804,-1.037538,-5.4769588,0.29597563,9.291658
-499.33563,246.67229,115.97457,12.823147,-18.020931,-7.9473133,-2.3895073,-7.610299,-6.271507,2.157907,1.0318017,-12.632177,-20.695671,-11.005219,4.4338083,6.9621162,-3.35502,-10.406889,-5.0465345,5.275457
-499.29868,248.99622,121.934456,18.839062,-15.407471,-8.017049,-2.8333354,-8.84122,-10.299939,-3.732027,-2.626677,-11.925638,-18.38933,-11.071514,1.8021146,4.6688757,-4.0838766,-11.680632,-8.746703,0.79505193
-498.9816,250.6081,124.49679,18.772427,-19.554163,-11.893431,-1.1890142,-3.0594678,-7.0750227,-5.610991,-4.3727083,-9.14737,-15.709628,-16.24693,-9.695223,-2.0827813,0.98701715,-0.42585292,-2.1087706,-0.7034968
-502.32117,245.56084,120.83142,19.709995,-15.473038,-10.222875,-3.4012136,-4.2970753,-3.7266054,-0.06039828,-0.3227958,-7.277237,-16.26921,-20.690445,-16.27339,-4.3679585,6.896695,9.484989,4.7777452,1.1734571
-505.5571,240.6564,115.376114,14.253136,-20.236635,-14.068153,-6.0490575,-4.877312,-2.1570182,1.3984549,-1.471019,-9.631735,-15.096404,-13.971826,-7.9158797,0.26682934,6.6173577,6.889863,2.6783247,1.3662144
-516.30005,226.18832,102.61445,3.6221933,-28.23507,-19.207706,-9.213609,-7.3551354,-4.2718115,-0.27010575,-3.4580405,-12.146784,-15.694275,-10.045055,-1.7060344,2.7471516,3.1847978,2.395596,2.5882564,5.2825994
-526.15814,211.01996,86.677284,-8.521735,-33.645912,-20.89036,-12.369944,-12.679274,-7.8323903,0.13832678,-1.9970019,-13.47867,-19.419144,-12.941174,-3.3399086,-1.320114,-5.906159,-8.580679,-4.3622723,3.7800417
-514.1357,228.65932,103.41189,3.2726064,-26.59415,-13.487141,-2.2732224,-3.3374295,-1.9006889,4.9623356,3.5168421,-10.27183,-20.558636,-13.784746,1.68623,7.3600144,-0.47291824,-7.5856433,-2.2813482,9.821489
-502.58554,243.18954,114.061676,10.5544815,-21.405735,-9.976196,-0.68098605,-3.9719524,-4.790386,0.91379094,0.7431098,-10.1251335,-18.82774,-13.188641,0.734655,6.820706,-0.027288247,-8.3051605,-5.646734,5.52619
-499.66104,247.64069,119.630066,17.48476,-14.996243,-7.446931,-3.4296513,-9.48875,-9.426121,-1.9800141,-1.7869647,-12.1855545,-18.4879,-10.550859,2.3621976,5.254015,-2.995772,-10.629993,-8.822545,-0.014636867
-498.48273,249.9606,121.996895,17.137362,-18.538647,-10.475147,-2.5817847,-6.5238953,-8.96707,-5.09562,-4.5820107,-11.6085205,-17.265656,-14.030237,-6.2157145,-1.900547,-2.227754,-3.2244315,-2.7671247,-1.1400528
-503.9144,246.05188,124.117874,19.724867,-19.899475,-12.808285,-1.0717849,-2.1075444,-6.045063,-4.180528,-2.4102364,-8.14631,-17.437012,-20.605503,-14.574181,-4.645159,2.8482609,5.57635,4.5976486,2.3525
-508.68564,241.48285,122.85588,18.298222,-23.86775,-17.039654,-2.5143547,-1.4706823,-5.821986,-4.2492676,-0.91225123,-5.6181164,-16.2965,-20.470608,-12.004132,1.054722,7.1453342,4.7669277,1.6578488,2.959138
-514.26215,231.64557,110.8256,8.844137,-27.859333,-18.668455,-5.714135,-5.0903506,-6.4747324,-2.9662077,-2.21074,-9.868164,-17.658606,-14.709358,-3.2026825,4.872424,3.7024088,-0.35623473,0.96413666,6.807048
-526.9105,210.56664,86.27998,-10.894255,-37.47963,-23.616962,-14.439508,-17.700281,-16.321722,-7.2475967,-5.067968,-14.898109,-22.98482,-17.747555,-6.0253744,-1.4310943,-5.3920574,-7.9637156,-3.1305337,4.3823247
-517.43726,222.42715,95.68558,-1.7466681,-27.02356,-13.234821,-5.56122,-8.419376,-3.5179138,8.16036,7.517685,-8.875746,-20.5167,-12.389615,4.13435,8.685366,-0.47801256,-7.4309435,-2.1904287,8.056881
-505.81873,238.75136,110.66012,9.645617,-19.92381,-8.805651,-2.0952063,-5.8182387,-2.338202,7.8544188,5.7213135,-12.188885,-24.114471,-13.837399,5.7299023,10.9184265,-0.73628104,-10.1027,-4.1854525,8.759747
-499.92377,247.44525,119.45683,16.78548,-15.9215145,-7.516034,-2.3430831,-7.9722958,-7.589028,0.8980397,1.4442015,-11.094817,-20.19051,-11.677489,4.9972258,9.586502,-1.6183667,-12.2928915,-8.829706,3.490827
-497.4945,250.49971,121.48086,17.333883,-16.630657,-7.976143,-1.2002211,-6.8322644,-9.99699,-5.152361,-3.140409,-10.123676,-16.671568,-12.476336,-2.0397718,2.1953502,-2.517045,-7.1398582,-4.9474545,0.79304403
-500.67096,247.63432,121.96297,18.858374,-18.522015,-13.117916,-3.3470078,-2.6030655,-4.7900515,-5.2018757,-6.170404,-10.226467,-15.279691,-16.908318,-13.092424,-5.7179337,1.2344958,4.130207,2.3873613,-0.16754796
-504.89508,242.09369,119.09378,20.182554,-16.662174,-15.3791065,-7.975444,-4.059897,-1.8448493,-1.2941487,-3.7393665,-9.004427,-14.869239,-17.657719,-14.322105,-5.031083,5.470414,10.074915,6.4157925,0.8374405
-509.04596,234.8049,110.67662,13.665744,-21.277609,-19.745502,-10.72761,-3.5602813,-0.35211593,-1.953692,-6.6802664,-12.005702,-14.385159,-10.796668,-4.114394,0.1275177,2.3060427,5.2122107,6.6110334,4.8894706
-516.4799,221.73473,93.62027,-1.2781625,-26.458141,-17.06279,-10.792219,-11.075796,-8.0531,-2.8251686,-4.1000967,-12.849785,-18.416492,-12.364979,-1.6526616,1.0473471,-3.1139846,-2.4731805,4.794071,9.034521
-519.5148,218.35553,90.352066,-5.8339214,-28.558126,-13.479689,-6.014303,-9.666697,-5.9888954,4.5845175,4.344385,-10.031477,-20.102665,-13.039448,-0.006134972,1.7558119,-6.267391,-9.205439,-2.0756803,5.5867043
-509.58255,232.48251,103.479225,4.120816,-22.238813,-9.17136,-2.2911153,-6.163144,-2.658202,7.2636757,4.9713936,-12.393553,-24.020615,-14.887888,3.1255713,8.627218,-0.5723099,-7.553646,-1.2786741,10.258843
-500.9754,244.53305,114.34295,11.969446,-18.033329,-7.588944,-2.528432,-8.607061,-7.4103775,1.8717508,1.658256,-11.951788,-20.67009,-11.565514,3.8698983,7.00902,-2.4936037,-9.3502865,-4.9369144,4.073366
-500.9255,247.029,120.78369,18.478745,-15.493483,-8.254568,-3.0666716,-8.782438,-10.297861,-4.3269844,-3.295848,-11.451445,-17.049532,-11.043507,-0.41441837,2.7950704,-2.584249,-8.054665,-7.4190865,-1.6793033
-503.08115,247.801,126.244225,20.4374,-21.13945,-14.072521,-0.72829306,-1.4061873,-7.383786,-7.527728,-5.1044626,-8.094117,-15.0189705,-17.325502,-11.471146,-2.774261,1.8653467,1.1341932,-1.1164815,-0.93393946
-508.01102,243.07373,125.938416,22.734081,-19.203865,-13.678045,-1.4130478,-2.1546862,-6.5199184,-3.37007,1.3053184,-4.116522,-17.428339,-24.07109,-15.892885,-0.7986594,8.029144,7.178062,3.5132375,2.8208349
-509.21277,238.79471,118.263916,16.427048,-21.845879,-15.905586,-5.1305866,-3.903716,-3.9354618,-0.7096302,-0.93195516,-8.586968,-16.69296,-15.940429,-6.075225,4.174312,6.892986,3.1955175,1.1210979,5.0723596
-514.846,226.27373,100.08786,2.6306589,-24.969402,-15.099008,-9.513911,-11.711706,-7.1684666,1.1546245,-1.1346142,-13.013529,-18.519375,-10.652904,0.6604015,4.7706323,2.752208,1.4976645,3.9929147,8.360467
-520.942,215.21611,86.56994,-6.8847895,-26.878178,-14.057917,-11.474117,-15.6789255,-7.89775,4.757036,2.3935513,-13.116662,-21.061684,-12.804042,-0.9385035,1.4854636,-3.509993,-6.3594184,-2.9444537,3.4504728
-511.52182,227.663,96.331795,-0.71661747,-22.73621,-8.925484,-4.2988367,-8.333824,-2.159136,9.121948,5.6573133,-11.819778,-21.356611,-12.154401,2.0132227,5.0039434,-1.1904418,-4.4752293,-0.29057926,6.2814693
-502.97147,241.45157,111.61277,10.812538,-18.445784,-8.925806,-3.7074013,-7.055206,-3.7807024,4.0875244,1.4487946,-12.088572,-19.584328,-11.230129,2.6938505,6.736006,-0.70075345,-8.007441,-5.568987,4.05344
-502.27097,245.68576,120.9137,19.705633,-15.045351,-9.3204155,-3.725334,-7.4552803,-8.412181,-3.934825,-3.8719292,-11.163066,-15.698281,-9.617735,1.1402123,4.872156,-1.5429636,-9.871292,-10.017209,-0.79808354
-501.98956,247.79669,124.69233,20.648884,-18.988655,-13.894334,-3.6156354,-3.3079212,-6.10701,-6.863514,-8.347166,-11.794489,-13.846199,-12.265556,-8.309459,-3.9938054,-0.9368962,-0.5846877,-2.2080054,-2.2194347
-506.4232,243.73117,124.84914,22.99965,-17.410896,-13.8731785,-3.9709172,-2.5775461,-3.4139662,-2.518598,-4.4183955,-11.073288,-17.380219,-18.263077,-13.558874,-5.7367735,2.2186627,6.7384615,6.0021915,2.7018018
-509.91135,240.0578,122.96157,20.783669,-21.02672,-17.16293,-5.3006783,-2.735927,-3.6133387,-2.1276588,-2.6432946,-9.167401,-16.620403,-16.892744,-8.936914,0.61098725,5.1630588,4.3929305,3.0136027,4.322261
-515.0655,231.06274,111.378876,10.195605,-26.384151,-17.505266,-5.1153064,-5.255189,-7.276439,-3.7825866,-2.360424,-9.179153,-16.4963,-13.606632,-2.5655465,4.989978,3.7927396,0.45017385,2.6238194,8.483103
-524.322,215.23413,92.78551,-3.7637568,-31.449493,-19.216923,-10.991782,-14.301321,-12.442823,-2.9328303,-1.0468993,-12.083884,-21.331528,-15.957288,-2.980165,2.3495822,-2.4216292,-6.487058,-2.379229,5.429496
-520.1593,220.2061,95.824646,-1.9654847,-29.204063,-15.429109,-5.6790524,-7.514913,-3.7399106,7.0774293,7.439723,-7.8129177,-20.120695,-13.4582815,2.9941945,8.841944,0.4086377,-7.241238,-2.9974346,7.118868
-506.91528,236.89069,108.3537,7.457608,-21.368908,-9.106333,-1.147299,-4.531277,-2.6599598,5.256852,3.5016415,-10.629299,-19.741024,-11.894215,2.5559492,6.831346,0.048083797,-5.1436343,-1.3041668,6.475374
-503.8119,244.19397,120.1047,18.397625,-16.491928,-9.541248,-2.8850126,-6.4148245,-6.5456944,-0.59194326,-0.8315822,-10.736851,-17.047466,-9.742477,2.886179,6.2583175,-1.1458468,-8.201643,-6.7413225,0.66608024
-504.5223,246.20456,126.1912,22.543667,-18.288132,-13.182444,-2.5889237,-3.6132493,-7.4659615,-6.347064,-5.365699,-9.816896,-14.696615,-12.516283,-4.6882753,0.7548233,-0.23641454,-4.0959873,-5.29525,-1.997494
-505.58514,244.53113,124.42429,21.39585,-18.363605,-12.893229,-3.0826523,-4.550151,-6.737878,-2.8679605,-1.7101804,-10.396187,-20.782082,-20.44701,-9.86582,-0.5157365,1.0217824,-0.6401631,0.73522776,3.998426
-508.84946,240.4032,121.93406,21.157145,-17.63735,-13.525011,-5.5225687,-6.474104,-5.799399,0.53916466,1.7027966,-8.889868,-21.247406,-21.540348,-9.722856,2.0518851,5.2639194,3.0368521,2.5655036,4.922624
-511.16507,234.30734,111.903,12.394425,-21.440273,-14.494628,-6.559429,-7.0674815,-5.52174,-0.85438895,-2.2783976,-10.911026,-16.798346,-13.235662,-4.2114115,2.7579904,4.667675,3.4752789,3.0182786,5.485254
-519.21405,218.58675,91.390465,-2.5448442,-25.383408,-15.217464,-12.875721,-16.523582,-10.524091,-1.0200891,-3.1993337,-14.086628,-18.374424,-11.7943735,-3.2968745,0.5548205,1.2048577,1.43737,2.5605478,5.8677197
-520.54675,214.51022,84.358086,-8.4081,-27.366428,-14.954207,-11.886797,-13.197788,-3.6854305,6.666043,1.449013,-13.208014,-18.821308,-11.390762,-2.54596,-0.80918825,-3.8349426,-5.9062843,-4.276369,0.5054626
-510.37106,230.25418,101.38797,5.68567,-19.41787,-10.935516,-7.1161146,-6.5939484,1.8540295,9.081893,1.4513423,-14.564873,-20.771975,-11.63471,1.229634,5.357192,0.47745207,-4.330469,-1.9781158,5.706993
-505.85443,241.61465,118.19853,16.744892,-18.793455,-12.275936,-4.2025714,-5.2115655,-4.5370474,-0.2613582,-1.9615809,-11.08927,-16.192673,-9.77196,0.93239105,4.44262,-0.41659978,-5.5514183,-4.975394,0.14674182
-508.7558,243.33867,128.56909,25.820364,-18.420607,-15.545185,-3.5319843,-2.8157578,-7.6147346,-8.234272,-6.674328,-8.980604,-13.050924,-11.58168,-3.774509,2.501502,0.8096758,-5.7576537,-8.531519,-3.3285792
-508.29474,243.93964,128.6833,24.838104,-20.267847,-17.128757,-4.0544195,-2.3912463,-6.456917,-6.354317,-5.073063,-10.035418,-18.251125,-19.159525,-9.898126,0.18086872,1.9415379,-2.229977,-3.3497717,1.3015158
-512.50586,239.66162,128.0353,26.881443,-18.262867,-17.222588,-6.026564,-4.076251,-5.535014,-2.3149872,-0.004992999,-7.3884706,-20.08862,-24.075119,-13.774631,0.874797,7.289253,4.633749,1.4813645,2.657959
-512.2889,237.21906,120.624245,18.010529,-23.655087,-17.822704,-4.2579575,-2.8505912,-6.273467,-4.9641743,-2.9782019,-7.7093663,-15.586308,-16.19831,-7.0537853,3.0240688,5.6694365,2.8131156,2.0832741,5.604941
-518.50323,225.44502,104.93607,5.140379,-28.137074,-17.044495,-5.616042,-8.331284,-11.217556,-5.9030027,-2.2264147,-8.529619,-16.530281,-13.812576,-2.367354,4.9680147,2.9891348,-0.25687027,3.1457853,9.750526
-527.3085,212.83759,92.84967,-4.544963,-34.515236,-21.342354,-9.229311,-10.563486,-10.42944,-2.776306,-0.2384776,-10.282799,-20.611195,-16.63086,-2.8336558,3.9966245,-1.6501731,-8.069112,-4.310231,5.217096
-518.86676,223.52545,101.47615,3.2196321,-27.428745,-16.01392,-4.7388806,-3.8008718,-0.7025108,6.0487533,3.775815,-10.179733,-20.355492,-14.095722,0.8076398,7.0920706,0.6376,-6.390112,-3.3311884,6.097166
-508.16092,237.84152,114.133575,13.897668,-20.119076,-13.148319,-4.6219673,-4.001283,-1.9713414,1.7266088,-1.297591,-10.778035,-16.16838,-11.069686,-0.8476417,4.6936064,1.8412006,-4.302762,-5.6175985,0.46079734
-509.46823,240.97098,125.36782,25.506752,-15.930427,-14.740728,-5.7869616,-4.18318,-5.699335,-5.77907,-6.345794,-9.514816,-12.703902,-10.976428,-3.2278051,4.2652597,3.0844173,-6.356528,-12.503077,-5.85161
-508.24396,243.72992,128.27786,25.02655,-19.359974,-16.412106,-4.237088,-3.1582177,-7.04362,-6.337427,-4.570136,-9.523626,-17.954613,-18.386637,-7.7701864,2.805841,2.393075,-5.371754,-7.842971,-0.70485604
-510.91125,240.56543,126.91961,26.038143,-16.98531,-14.737061,-4.2818413,-3.5658092,-5.3687963,-1.9036345,0.09364763,-8.477873,-21.994617,-24.991312,-12.731702,2.0088878,5.788151,0.94732296,-0.7503493,4.059346
-510.62646,239.19998,122.09772,19.875957,-20.600069,-14.455462,-2.7539349,-3.9732337,-7.676219,-3.6205378,0.66495436,-5.766252,-18.012136,-20.805038,-9.58342,3.6307635,6.7611003,2.3449197,1.007371,5.346637
-515.0939,230.29706,109.90021,9.961346,-24.271555,-14.526907,-3.6923518,-6.3097677,-9.602373,-5.093972,-1.2328331,-6.77635,-15.733669,-15.567111,-4.759696,5.288766,5.668367,0.979426,1.4344535,7.8992386
-525.2955,215.5779,95.993645,-0.27904686,-30.313488,-19.485958,-9.794334,-11.204235,-9.887009,-2.2484179,-0.6312257,-10.567455,-19.947199,-15.81576,-2.3659124,5.1535306,0.6495675,-6.025669,-3.298316,6.7509317
-524.9987,217.03702,98.44389,0.5990208,-31.655075,-19.962242,-6.34838,-4.1399784,-1.5262399,5.509802,5.1301394,-7.7087584,-18.92367,-13.881601,1.5284371,8.70656,1.2938762,-7.837367,-5.2686586,5.8488474
-512.4122,234.02737,112.85843,11.103098,-24.602621,-14.314728,-0.92930806,-0.39884856,-1.7904644,1.5339413,1.0439048,-8.462949,-16.680775,-12.07877,0.5793395,6.5194583,1.1810904,-4.972914,-2.1481311,6.1773725
-510.87643,240.17331,125.80096,24.778145,-17.940506,-15.52947,-4.660569,-2.7456002,-4.1020226,-3.0073652,-3.9438367,-10.019354,-14.398638,-9.594157,0.72279644,5.6781063,0.92236155,-6.7130604,-8.1189,-1.6602546
-510.407,242.72221,130.93513,28.6077,-18.427078,-18.08728,-5.0793247,-1.0151064,-4.2670336,-6.860302,-8.035292,-10.693012,-13.478533,-12.030979,-5.826531,0.15776548,0.9582795,-2.8115256,-5.5462227,-2.6814609
-512.4404,240.53868,130.24908,29.051636,-17.955517,-18.486523,-6.266354,-1.724925,-2.906433,-3.351881,-4.9662657,-11.689744,-19.593832,-20.128696,-11.352949,-0.9168388,3.0535762,0.96848077,-0.39556694,2.4791408
-511.73917,239.62146,126.10892,24.65409,-19.096073,-16.702652,-5.1623516,-3.4869366,-5.580215,-3.4009218,-1.5930415,-7.540572,-17.484058,-20.161201,-11.444439,0.7540048,6.596984,5.052394,2.4727092,3.121726
-512.14703,234.54742,114.17191,13.668358,-21.97442,-13.90782,-3.9785218,-6.3996077,-9.192717,-4.7780056,-1.5134754,-7.3562946,-15.951733,-15.334421,-4.6987824,4.873706,5.6474404,2.4106543,3.567917,8.371426
-518.03284,222.06018,97.6507,3.3341346,-22.618635,-13.863881,-10.029293,-13.465349,-10.384439,-2.2148516,-1.2703981,-9.946148,-17.51611,-14.444714,-3.4285123,4.5089226,3.32688,-1.030751,0.6671405,7.7526054
-520.4257,216.88324,90.52048,-2.1692142,-25.613052,-16.58592,-11.773267,-10.371049,-2.0834348,6.301771,2.7520137,-10.583323,-19.692348,-15.04488,-2.264832,3.8872843,-2.5120811,-10.6105,-8.154417,1.2066638
-513.4124,226.8595,100.3457,5.8522024,-21.396313,-14.745262,-8.523963,-5.3846936,1.2464944,6.319812,1.176708,-11.687378,-19.494442,-13.239101,1.1635025,8.278055,2.2435174,-4.8646364,-0.93957055,8.334829
-509.06128,237.16269,116.41439,19.67601,-16.29356,-15.650532,-9.148236,-4.9832354,-1.5981853,-0.23477973,-3.1587975,-10.090757,-15.710203,-11.828417,0.8723602,8.683672,2.6792083,-7.2086906,-7.197974,1.1031011
-508.5429,240.84412,124.18294,25.84097,-15.455889,-16.21781,-6.6916485,-2.893415,-5.8404665,-8.634792,-7.462144,-7.755686,-12.670062,-13.4219265,-4.042664,4.809495,1.731465,-6.831928,-7.965614,-1.2086843
-510.80307,240.89114,127.8003,26.754467,-18.529123,-18.450619,-6.4780455,-2.4957461,-4.9476824,-5.887617,-5.552165,-10.1664715,-18.58424,-20.156986,-10.163424,1.2731404,2.9377418,-2.198759,-3.5709898,1.2205129
-513.5104,237.81372,126.368835,27.320866,-16.026688,-16.149803,-7.4212484,-5.5078754,-4.7561355,-0.84684646,-0.4376502,-9.033487,-20.350613,-22.979963,-13.664082,-0.14371246,7.6446285,6.7094054,2.0121686,0.111019224
-509.72818,236.6961,114.8736,15.636274,-18.140133,-11.719055,-5.703581,-8.582367,-7.291724,-0.51773715,-0.7977956,-11.225613,-19.055283,-14.588978,-3.8331947,2.270566,2.3832197,2.567122,5.2647743,7.0942354
-517.0922,224.69833,101.4046,5.3856316,-22.176695,-12.575981,-8.261198,-13.199011,-10.500893,-0.94007546,-0.8736796,-12.61042,-19.542192,-11.6621685,0.6977639,3.9227266,-0.15634935,-0.496755,5.805789,11.2639475
-526.7776,211.75256,90.10922,-4.678848,-31.989483,-21.747623,-14.464203,-14.570988,-8.375785,0.9024782,-2.028423,-16.391474,-23.68695,-14.309126,-0.44163474,2.214309,-5.0329456,-8.689683,-2.4130926,6.383053
-523.06195,220.12686,102.77721,6.189441,-27.290611,-19.6879,-8.9330225,-4.6696987,2.0403967,8.692514,2.5543342,-14.655013,-23.575188,-13.170242,3.447782,6.9876432,-2.8307333,-9.652382,-3.7219193,7.4359474
-514.3549,234.18149,118.569305,18.687378,-21.613848,-18.0129,-6.5342507,-2.1665628,-0.070672184,1.6119268,-2.7104192,-12.343147,-16.837074,-9.999807,0.82533777,4.3539686,-0.5815888,-5.5450296,-4.2236543,1.5380602
-514.89294,237.88417,129.40564,29.557571,-17.53106,-18.859406,-6.6461773,-1.5011445,-3.5440865,-6.7278175,-9.32613,-11.433659,-11.1843405,-7.30057,-2.1364589,0.4167021,-1.1186888,-4.7578764,-6.6294613,-3.562509
-512.39777,240.4496,130.11661,29.147905,-18.164406,-19.664326,-7.707391,-2.2647457,-3.2984447,-5.494525,-8.204174,-12.402382,-15.969929,-15.203912,-9.22942,-1.7444482,1.7418501,-0.59288895,-4.095767,-2.5610523
-513.33356,237.64932,126.15259,28.417997,-14.124456,-15.854905,-9.355051,-7.1612654,-4.136429,0.5411728,-1.0013019,-11.720207,-23.009584,-24.114227,-13.613955,-0.0112288045,6.895536,4.673767,-0.4527474,-0.9865373
-509.39957,238.57013,118.57742,18.37564,-17.944927,-12.227861,-5.165285,-8.246262,-8.62944,-1.8422854,0.2270023,-9.433069,-20.37038,-19.056488,-6.895653,3.282817,4.386836,1.5422208,2.13305,5.6446795
-515.4545,229.2797,108.69034,10.560287,-21.327877,-12.26,-5.4901533,-10.91778,-11.9903145,-3.2230148,0.87857985,-8.679525,-19.786423,-16.611355,-2.0158072,7.4490633,4.491884,-1.1621892,1.4149084,9.321735
-523.9338,214.85773,92.42386,-1.9948783,-29.657522,-19.916897,-12.71484,-15.43549,-13.161877,-2.7759526,-0.24556921,-12.546941,-23.115314,-16.993261,-2.1002438,5.411457,1.6799507,-4.7496767,-3.5622246,5.7733755
-522.37476,215.46985,91.67299,-1.2931011,-28.174631,-19.080881,-9.822979,-7.601763,-1.7559958,8.41501,7.039756,-10.058067,-21.068111,-11.356151,3.5476208,5.802327,-0.9113829,-5.7583694,-4.3243694,2.7950964
-512.68176,231.932,110.22411,12.204542,-21.60688,-14.402846,-4.0199437,-2.8500257,-1.1344784,4.8200884,2.8086321,-11.13265,-19.254482,-9.371702,4.635873,5.911276,-1.7452236,-5.2650137,-0.54286766,6.732977
-513.0237,237.9371,125.771545,27.048023,-15.595247,-15.803275,-7.2042866,-4.128586,-2.34898,-0.5564675,-4.265055,-12.449316,-14.935639,-6.773759,3.5089731,4.945401,-2.0022993,-7.6780987,-5.899679,0.726858
-513.5762,240.23141,132.43234,32.257744,-16.191679,-18.988201,-7.612667,-2.2848678,-2.90741,-4.2298727,-6.6670985,-11.596361,-15.144069,-12.316246,-4.5185833,1.3298953,0.8255442,-3.3647506,-5.169436,-1.7112973
-514.5258,238.40736,130.08084,30.864807,-15.322763,-16.947693,-7.296366,-4.6800613,-4.832797,-1.7666252,-1.1559103,-9.955061,-22.307001,-24.542824,-12.671879,1.9970579,6.598902,1.3948262,-2.9464102,-0.089124985
-510.7827,239.23538,123.47597,23.484161,-16.444008,-13.146471,-5.0498476,-6.52402,-7.402698,-1.8159716,0.6001167,-8.182369,-20.146193,-21.208496,-9.674883,2.6373823,5.9725933,2.8526804,1.4973383,4.0886397
-512.9152,233.19635,113.2752,15.186003,-18.208435,-11.489447,-5.672862,-9.722057,-9.263945,-1.3850782,0.33907807,-9.787192,-19.0417,-14.820318,-2.0010414,5.5170774,3.7482162,0.935783,3.7442744,8.843578
-523.7657,218.9607,101.87633,6.9547615,-24.507856,-17.367615,-11.121004,-13.141903,-9.642384,-0.2237462,0.051868394,-12.6924095,-22.175934,-14.720403,1.4696211,8.286387,2.0652397,-3.8410435,1.0339559,11.050594
-527.8478,213.89285,97.41745,1.360535,-31.118233,-21.57018,-9.677689,-6.772148,-2.1682432,5.1926374,2.8411458,-11.4786,-21.480988,-14.344942,0.7045499,5.2124815,-3.5893574,-11.074444,-6.557811,3.675856
-519.69977,224.6499,106.27207,7.916321,-26.54924,-17.768002,-5.011121,-1.2415205,1.490633,4.421941,-0.49659622,-12.140392,-17.368664,-9.700243,1.0186603,2.9796414,-1.8572278,-3.1247077,2.297295,7.7282887
-516.80396,233.65712,123.386765,25.030552,-19.133873,-20.19709,-9.367722,-2.3710775,0.9035985,0.31445557,-6.1233025,-13.6763735,-13.702579,-5.702194,1.5069947,1.7850366,-1.7343056,-3.5135784,-2.700932,-0.58812493
-513.41,237.80783,126.9854,29.735355,-13.306009,-16.225883,-10.054701,-6.8607244,-3.7450957,-1.8482713,-6.233219,-14.016974,-15.856728,-9.026554,-0.84469557,1.4805229,-1.5927061,-5.1706524,-5.5810423,-1.8230762
-512.8716,238.61446,127.400154,29.14376,-14.174528,-15.931729,-8.958334,-6.936552,-4.9907365,-1.2807659,-2.665206,-11.979246,-21.207056,-20.673409,-10.2941,0.90277946,4.4726086,0.43473446,-3.741426,-1.747724
-510.27844,238.88101,122.38199,24.734306,-12.468512,-10.605194,-6.8793488,-9.805365,-7.3920374,1.3594053,2.5810518,-9.632694,-22.894772,-22.852402,-10.456726,2.019329,6.3616495,4.4420557,2.007202,1.8118068
-510.43082,236.3053,115.425186,16.600338,-16.597492,-9.265553,-3.8893776,-9.684144,-10.410383,-1.6398199,1.7196321,-8.560893,-19.811256,-16.9222,-3.3854098,5.476517,4.0507507,1.0052075,3.8984437,8.776712
-519.33417,224.18861,105.00556,9.071432,-21.292992,-12.589096,-7.068534,-12.4153185,-11.810515,-2.0286875,1.0334041,-9.726014,-19.695354,-14.030905,0.92841256,7.824478,2.824109,-1.394982,4.3266196,13.219125
-525.45105,216.07521,97.87654,2.1890152,-28.835342,-19.98778,-11.389545,-11.136227,-6.2235813,2.804203,0.8212054,-14.211264,-23.857603,-14.966082,1.3221353,5.622714,-3.3620763,-9.738516,-4.0174522,5.578044
-525.1111,217.41759,100.853004,5.3383245,-28.052113,-21.490253,-10.979788,-5.1380935,2.8894365,8.63283,1.2911143,-14.427532,-20.60021,-10.387771,3.2095656,5.808853,-1.0626154,-5.712035,-2.1359675,5.5055866
-518.78955,230.42404,119.13199,20.142876,-22.95141,-21.320383,-8.342633,-1.5792265,0.3668362,0.2694351,-3.834548,-10.768936,-13.75558,-8.753534,-0.06633787,4.7347074,2.7749002,-2.3629346,-4.630638,-0.6773455
-516.7486,235.82993,128.19273,28.585596,-18.047281,-18.209064,-5.845392,-2.7848322,-6.6435356,-8.0663805,-6.805462,-7.9990673,-10.95414,-9.509806,-2.3119633,3.5809832,1.6261011,-5.2324924,-7.8951616,-2.2480164
-514.31885,238.39728,129.04573,28.459211,-18.078428,-18.253265,-6.844328,-4.5995884,-7.387022,-6.324811,-4.339628,-8.955028,-17.53961,-18.998886,-9.282812,2.154152,4.2783246,-1.7732005,-5.442831,-1.2075775
-515.85693,235.44896,125.82295,27.899494,-15.182457,-15.538912,-7.954016,-7.9370136,-7.8490596,-2.0781581,0.41234547,-9.206613,-23.662827,-26.88938,-14.172803,2.2672353,8.429562,3.764295,-1.480969,-0.41061094
-511.9045,236.23866,118.368416,18.886402,-18.060097,-12.56707,-4.9469976,-8.104925,-9.800711,-4.1118703,-1.467618,-9.46821,-19.430038,-18.53601,-7.298301,2.5786054,4.1388392,1.823687,2.4950228,5.852649
-518.8305,226.60144,110.0106,13.518421,-20.44281,-14.132655,-7.313262,-10.462482,-10.773136,-4.2594166,-2.2960005,-10.531338,-18.36269,-14.394918,-2.4493413,4.821988,3.117157,0.07373558,3.0576367,9.50952
-528.7492,214.01826,99.81386,3.4535937,-32.352962,-25.682384,-13.734098,-10.447012,-8.703831,-5.0146904,-5.866482,-13.816491,-20.243893,-16.009579,-3.930386,4.1405687,1.8210956,-4.115946,-2.8894281,5.6544266
-532.6327,211.10632,101.12906,5.16507,-33.766235,-28.22455,-12.168764,-2.446029,2.8496482,5.1937127,0.33208805,-10.759869,-17.885637,-13.204668,-1.6992323,4.4532113,0.23858349,-7.1213746,-7.5900793,-0.020211473
-521.68384,226.67078,116.25345,18.129053,-24.531166,-22.19561,-7.285206,1.6736308,3.8342211,1.9079964,-3.478176,-9.95917,-12.88077,-9.787182,-2.8504462,3.0377035,3.863956,-0.100727886,-3.5472798,-0.97882664
-513.7908,235.74466,122.561035,25.654766,-14.229195,-14.300757,-7.7374573,-5.6825943,-3.2241263,-0.81487274,-4.2097526,-11.389374,-13.335056,-7.02742,0.80788237,3.1563709,-0.07214803,-4.5129023,-6.0163293,-2.4448867
-509.7906,239.89525,124.20059,26.81314,-11.890828,-12.137156,-8.138546,-8.4683,-5.548172,-0.6380337,-2.8301816,-12.071222,-17.736973,-13.318665,-3.8120189,2.0207267,1.0745311,-3.0698614,-4.7192497,-1.1539176
-514.8969,236.05545,125.81457,29.190708,-12.493724,-14.058005,-8.974577,-8.974621,-6.2215004,0.8467888,1.1316234,-11.09913,-24.966194,-25.562828,-12.01981,2.5252714,6.6866446,1.8365686,-2.537711,-0.73181474
-513.89923,236.29778,123.094955,23.84863,-17.156475,-14.4577465,-5.5842514,-6.409567,-7.917117,-3.273444,-0.77510226,-8.727166,-20.193336,-21.214336,-9.53055,2.9117408,5.7360706,1.7637477,0.40850464,4.2119646
-518.01556,229.3362,115.0879,18.148632,-18.581226,-14.069883,-6.875968,-9.132392,-9.176577,-2.5659485,-0.77632105,-10.332155,-19.823746,-15.570571,-1.355047,7.1170635,3.831339,-1.1466172,2.3499193,10.540579
-525.87775,218.01965,103.91084,8.37183,-26.21091,-19.911873,-11.130928,-11.083399,-8.6828575,-1.5470467,-1.694849,-13.12203,-21.674797,-14.401154,1.4769583,8.473627,2.5268426,-3.3703954,1.3777871,11.185579
-529.54803,213.40726,99.83824,3.3690624,-32.23848,-24.034172,-10.02331,-4.981494,-1.4120603,3.527968,1.1569972,-10.81325,-19.672836,-14.044664,-0.33880016,5.4836392,-1.1341352,-8.833614,-6.647483,2.397838
-523.31323,222.4784,108.51043,9.749247,-28.486015,-20.603222,-5.010173,0.10366362,0.5976467,2.141062,-0.26444787,-9.365866,-16.434742,-12.260891,-0.89331836,5.237055,1.6278138,-3.6682224,-2.0357075,4.889289
-517.4899,233.5941,123.690155,23.222477,-21.777279,-19.019754,-4.4118214,-0.5417157,-4.3611937,-5.7622895,-4.640192,-6.6679564,-10.965982,-10.343014,-2.696259,4.420312,3.2242875,-3.9004662,-7.1981544,-1.7471298
-514.2381,238.13284,128.38812,28.464657,-16.629707,-15.893171,-4.8269157,-3.799965,-8.003714,-7.89907,-5.4312134,-7.501323,-12.749798,-12.912603,-5.3928328,2.246356,2.1491039,-3.6868682,-6.4575834,-1.928557
-513.8864,237.3223,127.10907,30.491867,-12.608768,-15.99905,-9.934982,-6.9805965,-4.704512,-2.3962092,-4.054205,-11.053341,-18.955677,-20.942137,-13.601484,-1.3018212,6.238469,3.9668994,-2.2509837,-3.1700435
-509.42148,238.11092,120.51801,26.24216,-10.045538,-13.317028,-11.670038,-8.382048,-1.7726736,0.8975617,-5.0237446,-14.187926,-19.372406,-17.73642,-10.0020485,-0.5566296,4.2204084,2.9407568,1.0912979,2.6806726
-511.41895,233.9146,114.70031,21.860172,-11.09198,-12.672042,-11.930977,-10.09827,-3.4220302,0.8102634,-4.005114,-13.573783,-18.395744,-13.453503,-2.8210196,3.9424846,2.8031418,0.25004464,2.8619604,7.376669
-522.0044,221.4932,106.95096,16.292862,-16.927979,-17.790419,-14.603006,-11.14366,-4.3814754,0.39792657,-3.2955098,-13.253183,-19.217918,-12.904966,0.93095964,8.012674,3.3971124,-1.5568229,2.7918038,10.3671055
-533.08746,209.58118,99.52611,5.9032116,-32.45706,-30.461285,-17.795376,-8.161296,-2.2477708,-0.5327253,-5.2862225,-14.489143,-19.453178,-13.1194315,-0.53379273,5.6127734,1.4195516,-4.0231953,-2.574497,3.4397922
-533.21497,213.015,106.81482,9.497668,-33.957233,-29.124569,-9.0383415,2.8501678,4.5875673,2.362788,-2.044103,-8.947521,-14.064966,-11.388944,-2.1706667,4.413141,2.0906029,-4.2483516,-4.761367,2.451963
-521.0892,229.07999,120.23842,20.312067,-24.540195,-21.001461,-4.6023426,1.1805408,-1.7095823,-3.3788877,-3.1827524,-6.2311196,-11.296776,-10.94353,-3.04382,4.5548544,3.7914057,-2.9497085,-5.983157,-0.8157338
-516.65045,235.21606,126.437775,27.287868,-17.017658,-15.186369,-3.5036821,-3.2782016,-8.93,-8.930843,-4.7238574,-5.1137505,-10.509933,-11.921692,-4.86357,3.2374885,2.9144282,-4.3958626,-8.280096,-3.035249
-514.7427,237.44998,127.94574,28.649178,-15.782648,-15.253408,-5.596476,-5.7871647,-8.936683,-5.7130413,-1.5718024,-6.665203,-18.067734,-21.836628,-11.706543,2.1962683,6.294448,0.062104575,-5.3495436,-2.6143754
-515.0014,235.29065,124.47278,28.655094,-11.906509,-13.368851,-8.7770605,-9.196995,-6.759883,0.59027684,1.7814467,-10.615962,-26.1581,-26.966393,-10.751525,5.3515716,6.876679,-0.68780607,-3.0323353,2.3646653
-514.28986,234.20389,120.13078,24.277542,-13.59272,-13.10477,-8.3377075,-9.052931,-7.0911856,-0.7929627,0.0016970634,-10.401194,-22.19493,-20.309395,-4.758565,7.445978,4.803863,-3.1173193,-1.1859031,8.335358
-521.61096,224.86374,112.88559,18.986732,-17.023773,-14.824302,-9.392754,-10.418524,-8.441528,-1.6247604,-0.7621186,-10.936478,-20.708454,-16.052883,-0.2803313,9.019697,3.734611,-3.819882,0.5952115,12.320244
-524.83856,218.13065,101.748055,5.4942775,-28.32484,-20.622818,-9.768176,-8.17833,-6.9551497,-2.609918,-3.1012394,-11.929631,-19.411507,-14.863911,-1.9945443,5.091352,0.84961367,-4.526635,-0.6391543,7.736681
-531.6625,212.59793,102.46883,5.8028326,-33.24583,-26.413315,-9.1122055,-0.22372594,2.762173,4.0106544,0.21674132,-9.608953,-16.983528,-13.305437,-2.2903142,3.5129452,-1.4779723,-9.016197,-8.256464,0.30673295
-525.9948,223.31863,116.69181,17.520777,-28.542915,-25.476622,-6.3518677,3.462191,1.6466961,-2.485824,-4.371011,-6.6042285,-10.094498,-10.0384655,-3.286965,4.706427,5.632776,-0.19774802,-3.5919485,1.3131305
-521.0396,231.72522,127.40666,28.44339,-19.970732,-20.39133,-5.227986,0.28623265,-4.7485123,-8.9952755,-7.7011595,-5.6850863,-6.7009015,-7.3792152,-3.6065016,1.8519194,2.5827456,-2.0779173,-5.373928,-1.853787
-518.06824,235.52283,130.5991,31.542627,-17.125515,-19.218788,-6.7344904,-2.5804453,-6.1561303,-7.7554293,-5.958247,-6.918466,-12.173674,-14.859123,-9.374126,0.07888241,4.412847,1.1479464,-3.122882,-1.9353924
-518.3702,232.96045,126.23986,31.201603,-12.159746,-16.35978,-11.771299,-9.858951,-5.4622054,0.87096745,-0.7759206,-13.254208,-25.01902,-23.712065,-10.797983,1.7020438,5.404501,2.2997103,-0.7280555,0.07230121
-514.5808,234.2451,120.70764,24.717842,-13.588281,-14.102357,-11.02799,-11.771528,-6.8626466,1.2013247,-1.1552229,-14.9991,-24.192053,-17.442677,-3.12965,3.6804006,0.8280015,-1.7938384,1.8888491,7.234499
-519.3583,227.32387,114.14314,20.198307,-15.085169,-13.90242,-11.584061,-13.906984,-9.051817,0.5260259,-0.69519514,-14.487073,-23.04673,-14.041103,2.08115,7.545145,1.144949,-3.1214685,2.8368201,11.604292
-523.74695,219.92064,104.2383,8.907526,-24.740486,-19.03643,-11.71023,-11.649109,-8.153761,-1.4026556,-3.3940935,-15.131297,-21.678444,-13.316074,0.75350404,5.9838724,1.5899293,-1.474622,2.843301,9.045834
-529.61804,213.89456,101.29434,4.719556,-32.41965,-25.82431,-11.971528,-5.9076815,-1.9733744,1.7568979,-1.9514356,-13.495711,-20.672081,-14.512453,-2.235713,2.4061747,-3.071686,-8.697933,-6.630234,-0.0964475
-527.9428,218.63858,109.3846,11.518842,-30.347107,-25.394886,-8.006659,0.9420704,1.8266072,0.045521826,-4.044754,-10.345995,-14.324791,-11.617001,-3.975439,2.3423834,3.0522728,-0.4037518,-2.612179,0.56645393
-519.5799,231.00568,121.821594,21.900385,-22.644749,-19.302275,-4.4214315,-1.1827137,-6.0473824,-7.5468225,-5.115061,-5.68536,-9.863873,-10.350451,-3.6440582,3.5968814,3.2136328,-3.1885874,-6.1981535,-0.9388492
-516.2674,235.66846,126.757675,27.541782,-17.007097,-15.838501,-4.8855777,-4.7180448,-9.5792675,-8.735157,-4.5728292,-5.9286604,-12.364304,-14.131667,-6.66854,2.3325915,3.2313657,-2.8129113,-6.058572,-1.4194001
-518.20905,233.89053,127.58353,31.005043,-13.651415,-16.243757,-9.29813,-8.585054,-8.120173,-2.7546043,-0.3405552,-8.92206,-21.98764,-24.791142,-12.9499,2.089118,7.1635065,2.0017726,-3.1953511,-1.6223414
-515.5492,234.45206,123.20768,26.821213,-13.60195,-14.425615,-9.544498,-9.541019,-6.2463555,0.36941567,-1.3552456,-14.337343,-24.716381,-19.900656,-5.4717474,3.218024,1.1938176,-2.422989,0.6453496,6.9654865
-517.4351,230.02275,116.99843,23.275875,-12.609532,-12.977249,-11.541391,-12.831198,-6.4639463,2.6328166,-0.93339556,-16.234175,-24.05734,-13.758469,2.2299764,6.6195164,-0.15700534,-3.9565341,2.2619884,10.867365
-522.7047,221.41412,106.54012,13.092723,-19.724865,-16.133688,-11.964222,-12.412838,-6.665571,1.2562335,-2.7296913,-16.757278,-22.424213,-11.202206,3.7224264,6.9617147,0.96530515,-1.0326583,5.3502245,12.064775
-528.8771,213.6188,99.693924,4.8010454,-30.203926,-25.144314,-14.863703,-9.297661,-2.63475,2.0134134,-4.2465124,-17.200203,-21.46324,-11.612148,0.7520001,3.6145625,-1.1020956,-3.8332,-0.83910656,3.9485972
-531.3,212.60927,102.07152,6.1302543,-32.405025,-26.537188,-9.982021,0.22947085,4.458351,3.6312432,-3.510935,-12.484088,-14.977497,-9.441421,-2.7777028,-0.757395,-2.0597224,-2.6026258,-1.002329,1.7909935
-522.88385,226.93521,119.798965,21.927275,-23.644737,-23.201988,-7.2894526,1.8661126,0.59100235,-4.257123,-6.719959,-7.191284,-8.499684,-9.095989,-4.9937468,1.7061919,3.3574204,-1.7704017,-5.544198,-1.4623635
-518.23047,232.68803,125.52038,30.186241,-14.229291,-17.4777,-7.6317573,-3.0237217,-6.0142603,-9.079015,-7.096339,-5.200013,-9.120281,-12.477624,-6.2463393,3.5534132,3.3975716,-5.459853,-8.693619,-1.4408782
-516.8433,234.5995,127.34634,32.218613,-11.882347,-16.313007,-9.765374,-7.1539254,-6.920766,-4.243128,-1.8314004,-7.2805095,-19.171967,-23.354765,-11.526752,4.047391,6.4969206,-1.8570961,-5.6223016,-0.3458435
-515.88245,235.12367,125.43992,28.588455,-13.183297,-13.539917,-7.153217,-8.0200205,-7.8940415,-2.1694765,-0.55552244,-10.752792,-23.728502,-23.979446,-10.244965,2.8509905,4.1354666,-1.1327332,-1.4219977,4.2801247
-516.4353,233.25351,122.07451,25.970953,-13.364222,-12.712103,-7.7639546,-9.844752,-8.56299,-1.1368166,0.09336768,-11.227613,-22.59398,-18.909626,-3.519274,6.5832,3.5353916,-2.9188967,-0.9917779,7.208929
-521.74365,225.28268,113.87631,19.407505,-16.96077,-13.999037,-8.202677,-10.128935,-8.927868,-2.091696,-1.3356893,-11.439375,-19.958172,-14.473106,-0.37853226,7.063696,3.4516644,-1.0030307,2.501196,9.875158
-528.9585,214.65257,101.784744,5.1229153,-32.173943,-26.186924,-13.427448,-8.89411,-6.779503,-4.078271,-6.3054795,-13.910227,-17.744835,-11.733677,-1.6098245,3.44162,2.372699,0.92161864,2.4364302,4.976617
-536.5953,208.16539,102.36983,6.337511,-36.23395,-32.08448,-12.851225,0.30203485,4.718214,3.4374714,-2.3957586,-9.9434,-13.200978,-9.064742,-1.5270612,2.6042943,0.6782614,-4.029452,-6.008855,-2.5108461
-524.376,223.5591,113.94214,15.78429,-25.922321,-21.04808,-5.365745,0.66481924,0.25569636,0.4758104,-0.6807419,-6.497999,-11.975483,-9.535803,-0.54007626,5.5746355,3.4384599,-2.0258617,-2.9276838,1.8015856
-519.00543,232.16037,124.417,26.910763,-16.34128,-14.949044,-4.146554,-3.324113,-6.999053,-6.073144,-3.3708599,-5.6108017,-10.20652,-8.694778,-0.4766516,4.9498625,1.0685874,-6.2836857,-6.6880913,1.0114214
-516.79065,235.73877,128.89886,31.623209,-13.1409855,-14.7925625,-6.642893,-5.9323483,-7.1618843,-3.8859096,-1.8273383,-7.8145533,-16.34401,-15.906452,-5.505456,3.3597307,2.1889877,-3.720107,-3.8350801,2.7101908
-516.51624,234.99423,126.420715,29.40643,-13.257498,-13.523342,-5.942338,-6.140957,-6.9078345,-2.7769485,-1.8100257,-11.079065,-22.61307,-22.615185,-10.232597,1.4609084,2.966929,-0.7764065,-0.007877693,5.35417
-515.4986,234.94485,123.68509,25.862904,-15.114666,-13.423837,-5.5839677,-6.757737,-8.114853,-3.697322,-2.206081,-10.84973,-21.032736,-19.133087,-5.908845,4.3022785,3.0169563,-2.2743242,-0.43367353,7.3932667
-519.76086,227.74481,116.15638,22.275639,-14.1641445,-12.985521,-8.902126,-10.419415,-7.927432,-1.5181633,-2.4375339,-12.720827,-19.661018,-13.510979,-0.6922931,5.7276287,2.8305473,-0.64988494,2.786605,10.238695
-522.3224,220.9014,104.94974,12.112041,-20.71191,-18.55155,-13.72089,-10.51578,-2.9589071,2.2746878,-4.5946913,-17.533691,-20.63284,-9.972986,1.9339623,4.4535303,1.4082158,1.4558504,5.0752106,7.4995117
-528.63104,214.5557,102.39902,9.055088,-27.177849,-25.318453,-15.355785,-5.571227,4.326498,6.355739,-4.5565476,-17.44611,-18.278982,-8.97398,-2.1259336,-2.262261,-3.5760174,-2.8469095,-2.9611585,-4.0463185
-527.8044,216.07776,104.12082,10.147136,-26.221828,-23.034775,-12.121445,-3.8448129,3.6143694,5.690746,-2.5896797,-13.901293,-16.215124,-8.837549,-1.1138306,1.4831688,1.1997623,0.45791236,-0.6372372,0.034222804
-518.942,228.58798,115.35718,18.49633,-19.46228,-15.660391,-6.731079,-6.33226,-6.709935,-3.6707838,-3.2682073,-8.141557,-11.449746,-7.4996424,-0.2524587,2.809619,0.4176491,-2.6722128,-2.5098727,0.8274015
-517.7731,232.85617,123.828,26.981497,-15.270172,-15.300444,-7.273944,-7.030688,-8.634451,-6.149905,-4.150511,-7.7721395,-13.159983,-12.684149,-5.4522552,1.6499841,2.4215374,-1.817064,-4.3120017,-0.85487473
-518.8508,231.67357,124.148445,29.778173,-11.547012,-14.4959955,-11.05039,-11.456465,-7.816416,0.098953515,0.29404306,-11.994774,-24.458937,-23.022247,-9.541119,2.1617188,3.9346902,0.34929696,-0.7141256,1.8288692
-517.07434,232.88377,122.741425,26.934761,-13.523773,-14.4753475,-9.766806,-10.250444,-7.4065013,-0.4967208,-1.3283577,-13.778523,-24.315376,-19.60893,-4.8279495,3.9417787,1.146308,-3.2545638,0.1715118,7.6053495
-520.95013,228.0617,119.46886,25.266087,-14.076321,-14.551898,-10.026779,-11.149794,-8.772218,-1.4979067,-1.1463647,-12.240162,-21.737473,-16.293736,-1.1124375,7.282913,3.1842923,-2.5753493,0.7367239,9.536304
-526.80206,220.2142,111.94197,16.92533,-22.89562,-20.850958,-11.025037,-8.129713,-6.465542,-2.998823,-4.5879707,-13.57333,-19.895874,-13.898348,-0.23640935,7.9161935,5.6987658,1.107074,2.8470109,9.296097
-531.8594,214.02838,107.13335,11.437304,-30.738037,-29.004257,-14.7775,-5.332097,-0.64152217,0.15975663,-5.8419504,-15.964384,-20.049885,-12.504143,-0.47087187,4.6013036,0.5248707,-4.6821527,-3.7552364,2.0796971
-531.2614,212.1607,100.94916,5.3393955,-32.167492,-25.953278,-10.430052,-1.8033683,1.9645224,2.582688,-2.7053785,-11.803019,-16.232908,-11.402647,-2.7446659,1.1908438,-1.3810421,-5.068223,-4.597444,0.15304808
-520.0678,226.71011,112.771484,15.309788,-22.362843,-17.052677,-6.1046553,-4.4462547,-4.893821,-2.6645696,-2.9737134,-8.263353,-11.822796,-7.8302236,-0.25359175,2.79868,-0.3086095,-3.855565,-2.6913083,2.297298
-518.16077,231.95732,122.67497,26.599504,-14.535957,-14.348539,-6.9342465,-7.1454144,-8.717331,-6.158797,-4.201735,-7.476653,-11.651896,-9.639719,-2.2642426,2.443996,-0.037404314,-4.959194,-4.81857,1.1285397
-519.1853,232.65674,127.05605,31.554293,-12.755058,-15.925836,-9.27148,-8.290521,-8.295708,-4.1431785,-1.4414352,-7.2362213,-17.501637,-20.466482,-11.540695,0.6112841,5.126319,1.8092747,-1.121319,0.70486933
-518.03156,232.9422,124.20346,26.38224,-16.780516,-15.839947,-6.024587,-5.7898664,-9.05154,-7.2401195,-4.77485,-9.957802,-19.664463,-21.880672,-12.23303,-0.3150647,3.2342582,0.15854031,-0.17342016,4.594448
-520.49396,229.73206,121.825134,25.250313,-16.922678,-16.163597,-7.573326,-7.9685717,-10.087379,-6.5953884,-3.920905,-9.899932,-18.96783,-18.607761,-7.049245,3.9057868,4.621096,-0.52850485,-0.8214598,5.6167693
-527.4858,221.33861,116.37524,21.451542,-21.007324,-20.411488,-9.934211,-7.2747936,-7.931281,-5.7810726,-5.3271794,-11.59553,-18.542091,-15.731768,-3.3472002,6.946652,6.8328147,1.3116518,0.86086947,7.3362865
-533.71625,213.88612,110.850365,14.9267845,-30.97222,-31.084217,-14.881521,-3.7527204,-1.1605399,-3.5081272,-8.845232,-15.080484,-17.493414,-12.554723,-2.7532828,4.7989483,5.077636,0.26160234,-2.2494726,2.0733256
-537.7334,208.89099,106.67202,10.431541,-35.314884,-32.541,-11.76495,2.2471402,4.87524,1.7420535,-3.651174,-10.156534,-14.177949,-11.512238,-3.663782,2.0397005,0.4627009,-5.1804647,-7.109061,-2.2191546
-527.42865,220.72311,113.59877,15.875056,-27.320004,-22.93329,-5.58365,1.767983,0.0029224083,-2.0528352,-2.7772627,-5.460062,-9.232682,-9.010977,-3.3044615,2.657442,3.1994927,-0.6945101,-2.7700958,0.5542815
-521.81995,229.40378,123.91167,27.336092,-16.583668,-15.765582,-4.5283875,-3.2923813,-7.5495634,-7.2734385,-3.8033118,-4.367774,-8.57734,-8.795645,-2.4578118,3.2256427,1.3073704,-4.896523,-6.185491,0.12629831
-518.6519,233.39484,127.54173,31.765701,-12.011555,-14.154333,-7.484267,-7.5519123,-7.886347,-2.9473233,-0.15228428,-6.949023,-16.973597,-17.493189,-6.93447,3.0178628,3.1357312,-2.2773447,-3.2165737,1.9255645
-518.92053,232.54245,126.2171,31.119791,-11.637175,-13.974184,-8.196323,-7.721904,-5.9812813,-0.5241831,-1.0694321,-12.724554,-24.389318,-22.090801,-8.009322,2.5416088,1.5105479,-3.0256457,-0.50694764,6.860989
-518.11975,232.4703,123.972534,28.261097,-13.020554,-13.723751,-7.993536,-8.836247,-7.8535175,-1.7310289,-1.0096073,-11.770338,-22.725428,-19.302387,-4.170333,5.956879,2.6069036,-4.4666367,-2.31421,7.3825064
-521.5253,227.00616,117.62036,22.624367,-15.941662,-13.467671,-6.1608477,-7.939217,-9.350611,-4.6234484,-2.4934182,-9.874318,-18.330988,-15.122425,-1.8759615,7.0335445,4.1015415,-1.7831821,1.1272718,10.668594
-524.6402,219.66605,105.84512,10.569388,-25.529871,-21.0312,-10.589062,-7.0526667,-5.3841715,-3.0386257,-4.758316,-12.316706,-18.188896,-13.417072,-0.28583333,8.564701,6.192166,0.41485897,1.8030274,8.6529255
-530.61035,213.5372,103.52217,8.574688,-30.46135,-26.911743,-12.053065,-1.7816455,2.9212718,2.7643502,-2.6503923,-10.53487,-14.739742,-10.99696,-1.8141975,4.870657,3.5572052,-2.6839252,-5.716736,-1.5542736
-527.5367,215.97485,102.72342,7.5858393,-28.026123,-21.750034,-8.4991045,-2.2282557,0.7509452,2.2402887,-1.0453337,-8.293064,-12.734696,-9.683904,-2.0957193,3.171252,2.7779722,-0.53848904,-1.8002827,1.1111615
-520.45935,227.48367,117.034096,22.380018,-16.918873,-16.538818,-8.382203,-5.5437937,-4.5735917,-3.223609,-4.4875574,-8.228371,-9.235403,-5.2836127,-0.5118581,1.0735381,-0.12728038,-2.2387795,-3.437305,-1.0794827
-518.8484,231.79172,125.144646,31.488121,-11.34153,-15.839754,-10.31565,-7.836176,-6.211215,-3.5438972,-4.118507,-9.535456,-13.361351,-10.353212,-4.1214805,-0.41742745,0.1380948,-0.76617664,-1.8492807,-0.808054
-517.52716,233.15273,124.771774,29.873379,-10.951444,-12.517164,-8.064825,-9.288332,-8.243193,-2.5470183,-1.757574,-10.786018,-20.560347,-20.094345,-10.475623,-1.3661234,1.9617761,2.228215,2.889082,3.273506
-515.8934,234.12079,122.893875,26.243126,-13.549823,-12.3251705,-6.1421127,-8.207982,-9.226065,-4.611827,-3.5108037,-11.781059,-20.513472,-18.293373,-7.319997,0.5536343,0.37693316,-1.2483819,2.0259466,7.0196404
-521.79565,228.24532,121.78722,27.469799,-13.761236,-14.757875,-8.478602,-8.466046,-8.0014105,-3.7976232,-3.804328,-12.029289,-19.052845,-14.494047,-2.202795,4.7703266,1.8041794,-2.266908,1.4269731,9.66493
-528.6748,220.15015,116.0854,21.169022,-22.753845,-23.557884,-11.820934,-5.075857,-2.55612,-1.9201938,-6.3533554,-15.3117485,-19.688068,-12.4501,0.79029524,7.8888564,5.0976925,0.5333937,2.5071144,9.115913
-534.5895,212.7169,109.593575,13.262577,-32.747387,-32.108437,-14.72674,-2.7668672,0.24351838,-1.8596609,-7.3939047,-14.417056,-17.426327,-12.286428,-2.4444525,3.814389,2.4573371,-2.2600694,-3.3552709,0.8703904
-536.86066,208.74805,104.51433,8.772561,-34.416702,-30.232864,-10.5980835,1.4865537,3.4301343,0.969593,-3.3490074,-9.185114,-13.540561,-12.194033,-5.343869,1.0624975,1.1698902,-3.9761772,-7.00527,-2.77698
-527.3431,221.4216,115.66109,19.018932,-24.623047,-22.472809,-7.8334246,-1.8782806,-3.2451093,-4.187783,-4.1667867,-6.3476324,-9.2127075,-7.8496294,-1.7383761,3.383945,2.481153,-2.3084378,-4.012264,0.80361605
-520.5358,228.35037,120.13038,27.41801,-11.841682,-14.205362,-10.3582115,-10.15781,-7.8508806,-2.6636405,-2.0705478,-8.805042,-14.34837,-9.827664,0.6463257,4.642293,-1.224336,-6.9622803,-4.1316447,3.4288592
-516.0539,231.69873,119.0022,26.818123,-8.203783,-9.361341,-9.716612,-14.255229,-11.581575,-1.2797233,2.9021657,-7.2285676,-21.082705,-21.832188,-8.872831,2.169869,2.3794007,-0.2660769,2.2363176,4.9323845
-513.8737,232.82185,115.939995,21.27839,-11.914095,-8.799955,-6.693206,-12.190997,-12.129881,-4.2672386,-1.5574442,-11.316214,-22.967518,-21.76085,-8.944803,0.55960447,-0.31849146,-2.546893,2.235302,8.140608
-518.34796,229.0177,116.55675,23.075684,-12.645943,-11.738697,-8.764397,-11.88954,-11.007387,-4.4305162,-2.9319754,-11.920607,-21.311255,-18.116663,-4.496674,4.5028553,1.4768229,-3.8620474,-0.1071801,9.142281
-525.5783,222.0187,114.31125,19.958683,-20.375324,-19.362072,-9.384611,-6.4881854,-7.2339134,-6.1315403,-6.1548014,-12.255943,-19.927256,-17.673645,-3.5393906,8.62983,6.857,-1.63481,-1.1375628,9.162186
-529.53564,216.26636,107.73428,11.644787,-30.044731,-27.526962,-12.471169,-4.1859865,-3.6822205,-5.500702,-7.7904882,-12.411784,-17.755905,-16.32985,-4.967927,6.4384937,5.968844,-2.5281177,-4.212156,4.328454
-536.6474,209.30292,105.64931,10.085588,-34.01759,-31.15098,-11.805983,0.9986936,3.4063144,0.8426108,-3.635466,-10.041212,-15.541286,-14.258867,-5.524509,2.087146,0.400084,-6.9073987,-8.835404,-2.280375
-534.1464,215.60474,116.219376,20.37344,-28.229244,-29.164734,-10.892554,1.4276404,2.3130007,-1.6274096,-5.372403,-8.544674,-10.286688,-7.914769,-1.7261035,3.0370646,2.0168765,-2.21799,-3.006474,1.8694608
-529.862,223.61209,128.11653,34.172966,-16.794273,-23.381252,-11.12939,-2.6496112,-2.6167808,-5.2876816,-7.1091204,-8.637549,-9.173641,-6.063892,-0.008694544,3.3497198,0.06491116,-5.8578835,-6.2662272,1.0039182
-521.2193,230.58011,126.630905,32.30699,-11.904827,-15.772561,-9.69199,-8.207408,-7.0761666,-3.04451,-2.0123956,-8.084516,-15.234501,-14.932252,-7.283638,0.13840888,2.2744155,1.0906926,0.72442484,1.9644558
-518.37805,231.76874,122.87616,27.55253,-12.788525,-12.82759,-7.0318775,-8.392742,-8.626519,-3.830593,-2.8533168,-11.246756,-20.52555,-19.544388,-9.543378,-1.014167,0.9058541,0.8557626,3.6144953,6.668416
-520.7159,229.30139,121.90825,26.991537,-14.393081,-15.658598,-10.009033,-10.416877,-9.537352,-4.3861475,-3.942957,-12.785907,-20.970444,-17.15832,-4.799842,2.7682476,0.49548128,-3.101135,0.522795,8.040419
-528.1131,221.85008,119.96791,26.993418,-17.070309,-20.7925,-13.201175,-8.972906,-5.810759,-2.750352,-5.7330227,-15.298756,-20.852325,-13.614243,0.43275174,7.427014,3.3025823,-2.0053012,1.3343434,10.382659
-533.1714,216.79257,117.26968,21.624546,-27.372906,-30.12352,-13.909951,-1.8373098,0.3902764,-3.3591363,-9.562363,-15.6268,-17.418144,-11.90547,-1.7588444,5.9208393,6.5387354,2.5742383,0.52977544,3.7146807
-533.181,214.45534,110.54776,13.38788,-32.25267,-29.565895,-10.104914,1.7055051,2.4802396,-1.1886293,-5.7147036,-10.763639,-14.010353,-11.904895,-4.9907146,1.2524977,2.0257773,-1.7441672,-4.7733784,-3.224468
-530.0919,214.63895,104.059204,7.285035,-30.794819,-22.783342,-6.480213,-1.4968579,-2.4715543,-1.6151881,-1.9387168,-7.6352186,-13.547737,-11.679567,-3.3521569,2.2745037,0.6857227,-2.9390059,-2.0964751,2.507265
-523.91693,224.98694,117.2443,20.998943,-19.990108,-16.834059,-5.7543197,-5.4476256,-9.001932,-6.9413004,-3.0945468,-5.158594,-10.313642,-9.155349,-0.736568,4.934791,0.9594618,-6.399267,-6.137535,2.599998
-519.83887,230.59288,123.16699,28.108162,-13.0046425,-13.508068,-7.7804413,-9.742445,-10.63858,-4.7181215,-0.668812,-6.54317,-15.601612,-15.150468,-4.5623856,3.8522253,1.7237924,-4.7837105,-4.522099,3.2328186
-514.80963,232.42633,117.88259,25.494621,-7.710721,-7.7287827,-8.900093,-13.624367,-9.715462,-0.6142656,-0.6390785,-11.737905,-21.198128,-19.711506,-10.797348,-2.672422,1.2389868,2.4611087,3.2705944,4.1434374
-512.8843,233.32013,115.93996,23.356451,-8.2699585,-7.9194236,-9.689399,-13.764833,-8.697303,-0.6901275,-3.4521842,-14.886803,-20.83854,-15.649602,-6.729791,-1.7749898,-0.8257409,-0.16339032,2.3485131,5.836323
-520.3114,227.2591,117.475784,26.53238,-9.62491,-12.342932,-11.624232,-11.659911,-6.0100474,-0.34736788,-4.7581854,-15.61895,-19.586105,-11.912291,-1.169226,3.0888395,0.6868775,-1.4379565,2.0523674,9.132948
-529.06305,219.71689,115.980835,21.302258,-22.872448,-23.992123,-11.706256,-3.8975825,-1.4555416,-2.3673468,-7.7859974,-15.742935,-18.727634,-11.88229,-0.030969277,7.1472816,5.9723225,2.0861642,2.741538,7.9942594
-536.1111,211.77165,110.526794,14.172981,-33.313206,-33.028984,-14.326168,-1.6004353,0.40791297,-2.601893,-7.203745,-12.921066,-16.477333,-12.699654,-2.1911097,6.5015306,5.900135,-0.9726665,-3.9024382,1.7198404
-537.9433,207.2078,103.06006,7.8638477,-34.139404,-28.875908,-9.370285,1.6653266,3.3259044,1.956944,-1.4744091,-7.862878,-12.950048,-10.951864,-3.2019227,2.284401,0.6158197,-4.178363,-4.802246,0.21452332
-530.1019,219.48611,117.436386,22.361885,-22.909119,-23.090008,-8.89017,-1.6040118,-1.7885323,-2.8356032,-3.7065024,-6.541573,-9.348703,-7.4293876,-0.9364069,3.6569343,1.2989848,-4.7392,-6.206377,0.116245136
-524.71936,226.83258,124.915634,31.178928,-13.488537,-16.847689,-9.234877,-7.2194414,-7.2917657,-4.3541045,-2.6231697,-6.834855,-12.358376,-10.891462,-2.712224,3.0659156,0.6157048,-5.134774,-5.401696,1.0983124
-520.85974,230.06877,124.81087,31.598043,-9.604825,-12.251495,-8.804966,-10.97678,-9.969727,-2.2982306,1.2973573,-7.0948086,-19.203411,-21.086779,-11.069109,-0.06512356,3.5167785,2.0985014,1.6789014,2.688459
-518.6521,231.33752,122.61633,27.939201,-11.862192,-12.314703,-7.725112,-9.917177,-9.867117,-4.237525,-2.8834124,-11.519477,-21.018925,-19.836006,-9.514,-1.0291753,0.34250468,-0.5328243,1.6566077,5.1007347
-522.2551,227.93668,122.519585,29.321344,-12.057936,-14.618107,-9.51523,-9.15344,-8.263147,-4.987901,-5.717578,-12.411512,-17.506203,-14.388605,-6.063031,-0.0112777315,1.2097354,0.87271,2.320268,5.393529
-526.88226,222.55566,118.41739,23.753075,-19.962923,-20.906284,-9.547438,-3.815187,-3.5797215,-5.2711267,-9.182154,-14.4802685,-16.480408,-11.979879,-3.6033432,3.1567051,5.385696,4.4360056,3.7662983,5.510273
-530.44684,215.81995,108.60284,12.599796,-30.145788,-28.737923,-13.946733,-4.479772,-2.2246065,-4.2865877,-9.034988,-14.115846,-15.695868,-11.409677,-3.0760517,3.9485188,5.124078,1.53372,-0.6887301,2.5238087
-534.601,209.1248,100.99595,6.157465,-33.67571,-29.384567,-12.623113,-2.0457823,0.8975332,-0.16464046,-3.885612,-9.86417,-14.889967,-13.693732,-5.66144,1.5266563,0.028400868,-7.279457,-9.913376,-3.9040978
-528.0164,216.12381,105.1387,11.973738,-24.457752,-21.167988,-9.822039,-3.7914739,-1.5481825,-0.8835062,-2.4938462,-6.4756365,-9.7032175,-7.6612606,-0.4951134,4.850977,2.8305542,-2.4380555,-2.4348025,3.9359674
-523.84784,224.72565,118.37015,26.551762,-12.552511,-14.458565,-9.770226,-8.905026,-6.7226167,-2.5265589,-2.309424,-7.299288,-10.750213,-6.940836,1.1601357,5.0023775,0.51273805,-6.2228665,-5.454191,3.658748
-522.06726,228.91373,124.89502,32.426266,-9.4943695,-13.506075,-10.051561,-10.519146,-8.31648,-1.4641457,0.94867486,-6.623415,-16.376633,-16.811977,-7.312904,1.9993317,3.4860015,0.29280522,0.04033029,3.7996106
-521.7871,229.46034,124.88709,30.564222,-12.259237,-14.117401,-7.3938203,-7.3318,-7.9163656,-4.2076063,-3.1544766,-10.797576,-20.173267,-19.752857,-9.397904,-0.15146902,1.0689057,-0.62204975,2.2514172,7.782308
-525.0894,226.50085,125.02075,31.490082,-13.756512,-18.280685,-11.190603,-8.168944,-6.8755445,-4.754897,-6.756167,-14.748791,-20.389004,-15.367809,-3.9439697,1.8864324,-1.5134902,-4.9130793,0.3997122,10.1348715
-528.9007,222.08685,121.80084,27.46313,-19.134422,-22.032856,-10.291702,-4.105835,-4.5104136,-6.461645,-9.682522,-14.887555,-17.67833,-12.855656,-2.7658777,4.0853367,3.4602404,0.5626286,2.7116508,9.312846
-531.9753,217.66768,116.284325,19.34866,-28.830751,-29.125813,-11.52219,-1.1002097,-1.9277136,-6.463223,-10.153641,-13.553265,-15.817596,-13.103884,-4.469044,4.588566,7.4260488,4.0474896,1.0556072,3.3973813
-533.3043,214.3327,110.449554,13.271225,-32.130356,-29.069424,-9.927368,0.6276665,0.52201915,-2.3285158,-5.2237916,-10.083357,-14.927106,-13.873129,-5.8274765,2.1131644,2.710631,-2.507557,-5.505438,-2.0406227
-536.0169,210.26358,106.51604,11.028028,-31.6598,-26.936684,-8.449469,0.20291236,-0.83814764,-2.6450815,-3.5022278,-7.0334625,-12.1234455,-12.5690155,-6.364264,0.32847333,0.9117344,-3.1069093,-4.5763597,-0.40112686
-530.7949,219.37482,119.06521,25.081596,-20.344788,-21.691486,-9.522819,-4.8103447,-6.763301,-7.193866,-5.2945223,-5.5667887,-8.153244,-8.038591,-3.1624448,1.7042356,1.1798308,-3.303763,-5.0675035,-0.55372053
-526.6194,225.07643,125.17051,32.68242,-12.869905,-18.541464,-12.2983265,-9.312004,-7.348033,-3.5671475,-2.6486416,-8.042164,-14.396425,-13.787874,-6.073892,1.2060838,2.2192502,-1.1076206,-2.6726823,0.37148273
-524.47253,226.01207,123.423805,32.56114,-9.09702,-14.617951,-12.449108,-11.843176,-7.4270782,-0.7956972,-1.783752,-12.156542,-21.080297,-19.349045,-10.172562,-2.455634,0.7403886,2.512879,4.6812954,5.327592
-523.20013,226.71533,122.18865,30.517496,-10.89176,-16.165659,-13.553087,-11.847645,-7.0683007,-2.3880708,-5.9281425,-15.616989,-20.035706,-14.288863,-5.6847177,-2.1857677,-2.6294127,-1.3023727,3.1833532,7.203836
-526.0063,223.50262,120.38637,29.049717,-13.4255295,-18.82335,-13.31506,-8.014795,-3.6787744,-3.5692,-9.89584,-16.613544,-15.999449,-8.996222,-2.6581116,-0.26354316,0.5476612,2.1483843,4.6651278,7.7470174
-527.15717,219.05997,111.36415,19.163383,-20.955414,-23.937153,-15.640162,-6.1313143,0.84003115,-1.0179665,-11.200748,-18.964317,-16.751942,-8.477273,-1.0124521,3.950491,6.58543,5.9587975,4.1019015,5.777444
-529.53827,215.69843,107.76366,15.149181,-24.733654,-26.613178,-16.972286,-5.69188,4.089891,4.558364,-6.5804043,-18.112709,-18.253654,-8.691331,0.6149864,4.085304,2.539746,-1.1790812,-3.048644,0.47095641
-536.5248,208.32382,103.9613,11.2355175,-29.463425,-27.615961,-12.175793,0.0286358,5.7666883,4.329278,-3.388651,-11.42928,-13.412352,-9.294194,-3.7681322,-0.5479534,-0.91462725,-4.2096777,-6.614167,-3.451126
-532.87146,216.37982,116.26199,22.889618,-22.31675,-24.164825,-11.70269,-4.3740125,-2.7888298,-2.3110933,-3.4941204,-7.7845764,-11.048506,-7.6503515,0.71089363,5.340027,1.1548359,-6.1596494,-6.5223856,2.0271873
-524.92426,225.86621,122.65463,28.598671,-14.5725,-15.848848,-7.9294596,-8.000238,-10.138336,-6.4854593,-1.787,-4.1660776,-10.971013,-12.062651,-4.6807966,2.5348315,1.7926044,-3.372789,-3.8439605,2.1378798
-522.67096,228.53894,124.67269,31.022064,-11.3057575,-13.153469,-7.544098,-9.487841,-10.950739,-4.9731255,0.41225272,-4.938611,-16.747593,-21.095778,-12.697433,-0.71079004,4.321707,2.7968526,1.8734555,3.6854615
-521.4366,229.11734,123.11008,28.550083,-13.153956,-14.08112,-7.7737226,-8.92429,-10.193523,-6.097967,-4.043558,-10.722535,-19.563797,-19.248396,-9.5808,-1.1277516,-0.2917082,-1.9464616,1.1099346,7.049105
-527.77435,224.0754,125.28456,33.116005,-13.029569,-19.163277,-12.452864,-8.457067,-6.2405815,-4.1580734,-6.618001,-14.595592,-19.764889,-14.423187,-2.966129,2.9158988,-0.5428577,-4.596161,-0.20431906,9.615666
-531.75684,219.48273,121.51682,27.187815,-21.666977,-25.78211,-12.028719,-2.3421347,-1.1137061,-4.269256,-9.621553,-15.986002,-18.897509,-13.71133,-2.5392668,6.1953354,6.776266,2.5869737,1.5363898,6.1400366
-533.74976,214.67877,112.82111,16.419119,-31.07621,-31.356018,-13.280886,-0.9797863,-0.074310124,-4.957843,-10.167625,-13.753298,-14.580439,-11.092751,-3.7634792,3.3696575,5.891512,3.761704,1.4226258,2.543368
-538.1252,208.45851,107.71315,13.773684,-32.532402,-32.875523,-12.465708,4.3427944,6.8376474,-0.29091164,-6.5743847,-8.574969,-9.661369,-9.851226,-5.499153,1.2531959,3.003099,-1.5220242,-5.115446,-2.61973
-535.00214,211.62717,109.99347,18.329655,-25.734688,-27.934044,-12.137341,1.3798037,3.6871662,-1.4758806,-5.5461636,-6.1725507,-6.060925,-4.8737097,-0.86476344,2.8218727,1.7982991,-2.030448,-2.7931676,1.3798497
-528.1777,221.88377,121.45719,30.72408,-13.48201,-18.824394,-10.42017,-4.780611,-4.137063,-4.124905,-3.68206,-5.744137,-8.895065,-6.766674,0.67791116,4.3135104,-0.68832856,-6.699333,-4.4764714,3.9121153
-524.48816,226.95102,126.10115,35.138363,-8.901089,-15.18778,-10.08445,-7.8079505,-6.884321,-3.211948,-0.22560146,-4.5038986,-13.746748,-16.930655,-9.345356,0.38706765,3.0408397,1.0239753,1.7073648,4.7287445
-523.3356,228.21585,126.03007,33.425076,-10.637743,-15.013088,-8.101754,-5.6936913,-6.2670536,-5.1455173,-4.5706778,-9.391759,-17.092089,-18.52303,-10.5945,-1.6754048,0.50862324,-0.25376227,3.1368425,8.173236
-528.20966,224.82178,128.40047,36.42871,-12.258876,-20.395844,-12.410934,-5.9942493,-4.2077174,-4.9507785,-8.410371,-14.306246,-17.722652,-13.477579,-4.338907,0.56001496,-2.2118733,-4.871248,0.721817,10.567928
-530.6771,221.79736,125.12805,30.909513,-19.039494,-24.026596,-10.333153,-0.9561298,-1.1191485,-5.694333,-10.7690735,-15.213289,-16.586136,-11.896886,-2.7993307,4.081641,4.3819265,1.6076323,2.70304,8.501883
-532.89923,217.42184,117.91052,21.414728,-28.12128,-29.76041,-11.878294,0.01886028,0.17743942,-4.7894382,-9.677351,-13.700842,-15.342676,-11.378741,-2.2484634,5.8033695,7.082564,3.4470835,1.964503,5.662768
-535.1021,213.43645,112.60471,16.49289,-30.731495,-29.962513,-10.936621,1.5154369,2.9173698,-0.4204657,-4.93918,-10.582481,-14.600979,-12.172314,-3.730569,3.213687,2.4119015,-3.2642107,-5.429159,-0.8937206
-537.72473,208.98347,107.766235,14.15024,-29.002544,-26.768496,-10.46046,-1.4913063,-0.09474501,-0.06353149,-1.736113,-7.6761703,-13.770334,-12.467024,-3.7637186,3.1460938,1.2084496,-5.392646,-6.8191338,-0.33555794
-532.2579,217.267,117.76614,26.129295,-17.514168,-20.445747,-12.194746,-8.991043,-7.582002,-3.56029,-1.760186,-6.561017,-11.893209,-8.620633,1.4854149,6.7101154,1.0056031,-7.466092,-6.831851,3.206314
-525.35583,225.38895,123.01288,30.499554,-12.143369,-15.420713,-10.507565,-11.151693,-10.529095,-4.0313797,0.15527976,-5.400778,-14.418197,-14.958402,-5.8917003,2.2679558,2.1959543,-1.543674,-0.9217868,3.8408968
-524.9201,226.14868,124.12396,31.938084,-10.640982,-14.081985,-9.244339,-9.771019,-9.325162,-3.9412928,-1.7481188,-9.309611,-19.533962,-20.372545,-10.823179,-1.0916249,1.7511075,1.2939917,3.488983,6.880636
-528.3139,223.71353,126.00244,34.890953,-11.424983,-19.268253,-14.2723255,-10.154807,-6.2872205,-3.2547772,-6.657279,-16.095953,-21.52229,-15.76778,-4.907892,-0.2973005,-3.3520567,-4.699478,1.742868,9.980752
-532.81744,219.6936,126.236786,36.133595,-13.653273,-24.667341,-17.26147,-6.602206,0.503821,-0.754992,-10.950682,-21.360806,-20.951283,-9.751013,0.72006977,1.9051226,-2.1271162,-2.034946,4.235573,10.270508
-532.6132,216.95616,117.501495,24.16471,-23.518747,-28.97793,-16.158628,-3.1540513,2.3096173,-2.221246,-13.018338,-20.179768,-17.050331,-7.870563,-1.2432168,1.0386468,3.2051287,6.372187,7.267727,5.4698505
-533.042,212.85889,107.93437,14.383341,-28.944145,-30.925158,-17.218658,-3.8501697,2.5066392,-0.99707997,-10.603149,-16.81163,-14.569105,-8.282385,-3.6389465,-0.37449023,2.791202,3.0422614,-0.3695781,-1.4866292
-535.44977,206.49976,98.12651,7.774098,-28.28432,-26.413094,-13.76139,-2.0395525,4.8887978,3.2138276,-5.1930633,-11.74421,-11.36577,-7.696782,-5.2952204,-3.5174966,-1.7699128,-2.747493,-5.3216867,-3.289331
-530.2659,214.2127,107.15483,18.879675,-16.711065,-19.692387,-16.244343,-10.613377,-1.7382011,2.0624673,-4.241639,-11.8887205,-10.923393,-3.613331,1.6024132,1.5569849,-1.6842225,-5.210614,-5.115349,1.3071145
-525.34674,222.57101,117.447784,28.637741,-9.33505,-14.898531,-14.875151,-13.46535,-6.166938,0.7678063,-1.7268662,-10.228598,-13.748985,-8.892313,-1.9259939,0.9673834,-0.611255,-3.1340752,-2.5268764,2.312094
-526.9527,223.91422,124.01711,34.44538,-7.957608,-14.631868,-12.81823,-12.303087,-8.088249,-0.5955961,0.8402933,-7.9187984,-18.562082,-20.147907,-11.475504,-0.8688723,4.008296,3.319078,2.2825568,3.4755688
-528.37805,224.07138,126.50218,34.135376,-12.942579,-18.856865,-11.184193,-7.841052,-7.964081,-6.512225,-5.9301786,-10.726281,-17.70599,-18.458956,-10.682314,-1.7336633,0.9100084,-0.919185,0.2621343,6.1263447
-531.0411,221.49583,125.598755,32.66586,-16.37878,-22.238482,-11.54112,-5.498462,-6.620192,-8.884057,-10.49917,-13.431042,-16.246904,-14.275972,-6.974944,-0.27509192,0.81413794,-0.92075145,1.1471778,7.603446
-533.26184,218.02853,120.8966,25.965923,-24.137215,-27.90625,-12.023378,-1.0212154,-1.1766496,-6.771577,-12.510478,-16.805355,-17.926317,-13.304131,-3.8441944,4.5429654,6.5538254,3.748724,2.6968536,6.487093
-534.85504,215.51062,117.45853,21.153675,-29.644054,-32.204876,-13.390715,0.6074778,1.9685183,-3.7028394,-10.138702,-14.897876,-16.117622,-11.5793495,-2.6157067,4.6185822,4.961345,0.53117037,-1.4347005,2.5235512
-538.0958,210.2067,111.3215,16.237324,-31.228188,-30.517189,-10.274378,3.6819239,5.054365,0.18714851,-5.213108,-9.750364,-12.275214,-10.519813,-4.7885075,0.31068894,0.36207312,-3.3985286,-5.2163982,-1.843188
-537.27954,209.32385,108.68964,17.559238,-24.255362,-25.166119,-14.005222,-6.1340904,-0.7613776,2.4855177,-0.84147,-9.443881,-13.389692,-6.738404,3.2963264,5.3629656,-1.2747507,-6.659013,-3.5804758,4.3608227
-530.9407,218.81616,119.97896,30.978062,-11.5885315,-18.259506,-14.998016,-11.473354,-4.8014593,1.827735,-0.2665176,-9.847265,-14.351133,-6.94027,3.6504383,5.1573477,-2.0530643,-6.918983,-2.926474,4.879053
-529.2353,222.46817,126.3901,39.0046,-5.615637,-17.214714,-17.503143,-13.164259,-3.3551602,4.4609976,0.47697836,-11.852161,-18.589241,-13.412624,-4.1690173,-0.1901635,-0.7097747,0.5321383,4.5851526,6.4811487
-529.0362,223.72293,128.2427,38.459297,-8.855892,-18.69002,-13.920168,-8.126424,-3.5569293,-1.8652673,-5.746054,-13.061666,-17.33355,-15.068887,-8.983011,-3.6647785,-0.7163782,1.3696017,4.249072,7.1500998
-532.90967,221.08315,129.91693,39.395687,-12.990267,-24.968,-15.922604,-5.0761776,-1.9046364,-6.678808,-13.5855,-16.113926,-13.126659,-8.924376,-6.9288287,-5.971671,-3.5710325,0.37700456,4.5902314,7.894576
-532.2224,219.2963,123.54556,32.107246,-17.72543,-27.234947,-16.15994,-2.0191512,3.756411,-3.1563022,-15.812226,-21.28114,-15.263289,-6.1244817,-2.0830126,-1.3475413,1.3829861,5.5348997,7.3698215,6.9943533
-530.117,217.18707,113.247055,21.130074,-22.501398,-27.55781,-17.045029,-3.9049828,4.134436,0.6154686,-11.618414,-20.207361,-17.1025,-6.9062204,1.0192752,3.2937732,2.793075,2.8313665,4.545377,7.2394896
-532.4834,214.34264,110.10379,16.175625,-26.704199,-26.55607,-11.911744,-0.5845438,3.9642463,2.250939,-4.580139,-12.26437,-14.952951,-10.34656,-2.029505,3.278069,1.6329901,-3.6142802,-4.722249,0.8634844
-538.96643,207.4221,107.26341,15.583221,-26.503101,-25.482922,-11.208635,-2.3929527,0.8478476,2.1438694,-0.30915773,-7.6052628,-13.840184,-11.85153,-2.9466534,3.622221,1.4158182,-5.621832,-7.9566574,-1.7744482
-534.765,214.8082,117.4698,27.098797,-16.805473,-20.50972,-12.533773,-9.211567,-7.770895,-3.6329029,-1.2382381,-5.4204903,-11.108802,-9.170118,0.04803413,5.987819,1.8285661,-6.154068,-6.673317,2.0695004
-528.69916,222.66852,124.02608,32.994026,-11.277576,-16.532917,-11.529779,-10.729876,-9.447063,-3.5364194,0.124907285,-5.185733,-14.025379,-15.207666,-6.9214816,1.4112029,2.3247037,-0.73367965,-0.26057628,4.032791
-528.61273,223.53046,126.28651,35.753162,-9.452333,-15.917861,-10.917265,-9.046324,-7.4438477,-3.3079715,-2.5833359,-9.799641,-18.664124,-19.189352,-10.707424,-1.9304123,1.0164609,1.0798284,3.4721727,7.1094313
-531.0665,222.40607,128.90549,38.078182,-11.614527,-21.195854,-13.948515,-7.488678,-5.2250504,-5.652006,-9.093531,-14.507212,-17.031109,-13.337539,-6.776428,-3.3776197,-3.7861402,-2.7474365,2.9938397,9.348431
-533.3801,220.80687,129.24457,36.415733,-17.223299,-26.4443,-13.010809,-0.75242573,0.6692306,-5.667033,-13.182417,-17.344887,-16.228535,-10.437022,-3.3200507,1.0027297,1.4369292,1.1197313,3.6514246,8.225891
-535.1678,216.37161,121.4905,27.840628,-23.73544,-30.692352,-15.89817,-1.4302375,3.6194828,-0.8011371,-11.015459,-20.064146,-20.14566,-9.8908,2.5412269,7.378354,3.9793947,0.7858909,4.284971,11.015111
-535.72034,213.2645,114.635925,20.843708,-27.271576,-31.28138,-16.1819,-2.2411814,3.6774523,1.4441084,-6.9060287,-16.004581,-18.452492,-11.228008,0.1173991,6.0616226,2.9873176,-2.6995587,-2.2284172,4.4091988
-540.8682,205.35928,106.46806,15.310339,-27.741165,-27.971226,-13.087425,-1.601604,3.7895803,4.3636885,-0.86816597,-10.254585,-16.628757,-13.845934,-4.4310617,2.2596693,0.10501523,-6.8759103,-9.147949,-3.0528944
-537.291,210.19333,111.80493,22.529476,-20.062248,-24.09905,-15.523943,-8.341167,-3.382822,-0.8921057,-3.1047125,-8.268326,-10.521154,-6.81067,-0.38393015,3.0341148,0.69419456,-4.7351556,-6.678009,-0.6990745
-528.9235,219.83926,118.61499,30.36082,-10.242844,-17.057,-15.249117,-12.43054,-6.2458773,-0.48815337,-2.1547213,-9.402384,-12.842016,-8.513826,-2.273138,-0.18291882,-1.2547352,-1.7764893,-0.6035739,2.0027282
-530.10114,220.00941,123.169754,38.46975,-3.1167269,-15.323331,-18.482277,-15.773038,-5.714959,3.2198257,0.73630756,-10.801105,-19.24789,-17.960419,-11.026919,-3.9651606,2.3442225,6.7824264,6.0785294,1.4846233
-528.2068,222.79141,124.10968,34.533607,-9.813961,-17.887241,-13.915152,-9.795233,-6.721711,-6.2105036,-9.498322,-13.152027,-13.355949,-11.6910515,-11.371283,-10.499779,-4.838658,3.975183,8.89793,6.6865063
-528.88666,222.69992,123.64162,30.017296,-17.011951,-21.01604,-10.281053,-5.0993376,-7.019987,-10.196302,-12.345618,-14.012461,-14.336779,-11.986151,-8.008152,-4.591467,-1.8556378,1.6803644,5.6996074,7.4133463
-530.3977,219.57349,118.360405,23.262691,-23.14164,-24.596493,-10.728708,-2.8797665,-2.9926963,-6.0171337,-10.787325,-16.947401,-19.639109,-14.023197,-3.0708766,4.495119,4.5316706,1.914026,3.1442318,7.566285
-535.3479,213.07535,112.58975,17.178362,-30.3975,-31.978498,-15.710632,-3.9259305,-1.1380786,-3.5995097,-9.138542,-15.91006,-18.722584,-12.984588,-1.6947755,5.897089,4.4236565,-1.1568058,-1.760962,4.279935
-540.73224,206.22229,107.46809,13.923317,-31.789875,-31.477219,-13.7859955,-1.3450378,2.040905,0.794716,-3.6781085,-10.941904,-15.873608,-12.575243,-3.213368,2.6729927,-0.37506095,-6.6496983,-6.713938,0.24291892
-540.76874,205.8602,107.75369,17.398535,-25.167774,-26.206375,-14.367874,-6.793129,-2.7428489,0.52057904,-0.6009078,-7.465921,-12.522729,-8.146941,1.71561,5.549468,-0.5028913,-7.3622575,-5.053689,4.469938
-533.5592,216.82396,120.44115,31.138826,-12.975149,-18.823488,-13.291952,-10.235712,-6.76895,-1.0140071,0.5051216,-5.801941,-12.22537,-9.39759,0.12651321,4.9074926,0.27273357,-5.654791,-3.5805893,4.487367
-531.6254,220.70895,126.8044,39.03766,-6.3668013,-16.118893,-14.623025,-12.921571,-7.4824457,1.3642342,3.82689,-5.370955,-17.224302,-18.76347,-8.974866,1.429111,4.385846,2.5623045,2.2626958,3.9015522
-530.81006,222.11649,128.3125,39.199112,-8.536337,-18.231028,-12.534912,-7.249205,-5.058813,-3.982028,-4.696225,-9.380325,-15.895987,-17.285046,-10.319475,-1.5240729,0.9685701,-0.6679851,2.1590886,9.509363
-529.29425,221.02783,123.00574,35.135056,-9.539634,-19.991016,-15.9607115,-8.799294,-4.713555,-6.2041473,-10.032956,-12.892292,-15.367461,-15.875599,-9.886913,-0.24961501,2.9534059,-1.4072126,-1.7965595,6.7969513
-528.99677,218.9347,116.84369,28.09235,-14.906427,-23.593605,-16.923908,-5.621255,0.65286255,-3.5385237,-12.231663,-17.303452,-18.333782,-15.8262,-6.657234,5.7580113,10.000549,3.6507974,-0.89621484,4.621125
-529.90094,217.42513,113.45556,21.1824,-22.882431,-27.47813,-15.392899,-2.6444137,1.7370025,-3.3961039,-11.010496,-15.002125,-15.598023,-12.954788,-4.972833,5.0030727,8.622332,4.491931,0.7602901,3.0698657
-533.46844,213.93076,112.063614,19.475561,-25.399996,-28.217936,-13.050552,0.93700445,4.8983607,-0.05742202,-6.828285,-11.018156,-13.172218,-12.266012,-5.663602,2.7393088,4.3087764,-1.4791539,-5.1597643,-1.0978584
-540.4496,205.47522,106.950714,18.02377,-24.137466,-26.467106,-13.237449,-1.0690566,4.0481396,2.2795815,-2.605678,-7.1013966,-10.23069,-10.618157,-6.1039114,0.5624612,1.7674193,-4.4625583,-9.551744,-5.367205
-537.3854,211.7528,116.043304,26.791233,-17.997515,-23.0196,-13.715049,-7.6165867,-6.6970024,-6.3092046,-4.575234,-3.9993153,-6.272053,-7.8964033,-4.365403,1.7642448,2.7101374,-2.7482896,-5.7858696,-0.03270547
-533.4689,218.79228,125.055954,34.951958,-12.635115,-20.164543,-13.269928,-9.458567,-8.273466,-4.8024206,-1.7333236,-4.6685343,-11.716524,-14.505031,-9.110481,-1.0048507,2.5433364,1.4041748,0.8664349,3.057905
-533.1988,220.00555,127.724304,37.920563,-10.775352,-19.311417,-12.120087,-7.4671187,-6.6714096,-5.3332157,-4.741292,-8.910251,-15.888664,-18.313877,-12.644405,-3.688846,1.690923,2.6117957,3.3141985,5.761294
-532.9076,220.60251,128.36856,37.389557,-13.503496,-22.610367,-12.6817875,-5.2747154,-6.3979397,-10.265882,-11.572901,-11.45682,-12.479826,-13.076742,-10.534907,-6.0289054,-2.4772053,0.21023653,3.7814233,7.247919
-531.6278,221.1189,125.839645,32.336555,-18.35562,-24.537369,-10.937381,-0.86327803,-1.2820702,-7.253763,-12.911935,-16.060974,-15.8893385,-11.506959,-4.30355,1.3792312,2.732337,2.156147,3.8552892,7.6330047
-533.3667,217.34886,119.405045,24.461739,-25.155064,-28.88889,-13.118564,-1.0831481,0.89193666,-3.550551,-10.6102,-17.113293,-18.222729,-10.920512,0.54335046,7.282336,5.6808224,1.8240297,3.5193439,9.836641
-533.74554,215.42712,115.0253,19.60873,-27.669415,-28.440216,-11.538412,-0.13265444,1.649286,-1.1285415,-5.89141,-11.959918,-15.298587,-11.054871,-1.2071726,5.5337715,3.8494163,-1.3948135,-1.7285975,3.57629
-540.48627,206.52524,108.23342,16.458706,-26.80387,-25.340885,-9.045986,0.67081934,2.738947,2.9136586,0.9058757,-5.8325434,-13.125329,-12.87276,-4.3807425,3.070109,1.4692407,-5.7282557,-8.303677,-2.5370944
-538.12726,208.56273,109.58295,21.23656,-18.574078,-20.80892,-14.461891,-11.578125,-7.322241,-0.5368754,0.9162027,-5.950269,-12.079212,-8.329525,1.5249794,5.797896,0.38199425,-6.4972615,-5.338228,3.2144942
-528.4181,219.22678,115.80828,28.100798,-8.542361,-12.739859,-14.027673,-16.600689,-10.556963,1.1653664,4.0748186,-5.737775,-15.507036,-13.491339,-3.301209,3.3132226,1.9105889,-1.6300836,-0.9667156,3.0048695
-526.31134,221.991,118.78153,32.342857,-3.6583467,-9.668191,-13.821953,-17.102295,-9.2872715,3.3869824,4.1102886,-9.389553,-21.470516,-19.732853,-8.474234,0.6785169,3.033935,2.0989995,2.1748276,4.0226126
-526.27783,222.95146,120.39092,31.855604,-6.860043,-12.02923,-12.363119,-14.385012,-10.71637,-3.1657991,-2.3618133,-10.690896,-18.449883,-17.284334,-9.5240135,-2.7143872,-0.3223557,-0.008203231,1.9358749,6.0582247
-528.7644,221.23854,120.909706,30.502792,-12.5878315,-18.386257,-13.474928,-9.867207,-6.3705378,-3.990424,-7.3785124,-15.5077915,-20.482363,-16.577497,-6.401045,2.2961373,4.0203276,0.3964327,-1.3705087,3.3941522
-528.9211,219.41307,115.36251,21.926552,-20.65678,-21.970163,-11.433094,-4.958789,-2.881967,-4.133706,-9.756298,-16.873589,-19.056147,-13.644823,-4.318737,3.5507233,7.101568,6.5318365,4.612659,4.824904
-531.95197,216.12932,113.00993,17.837551,-27.312798,-27.776087,-12.607307,-2.208198,-0.28608584,-3.7854033,-9.630623,-14.288837,-14.483821,-10.099962,-3.8928404,1.5348856,4.7572937,4.9617014,3.000433,1.9365076
-537.45294,209.51305,108.68202,15.31488,-28.287891,-26.944042,-10.746413,-0.70164645,1.3411001,-0.058862045,-4.067156,-10.286953,-14.161691,-11.4261875,-4.550644,-0.31752515,-1.45506,-3.9815168,-3.2552931,0.1496953
-543.49854,204.11603,109.90086,20.994118,-23.37247,-26.479937,-14.572886,-5.7552123,-1.4938828,0.78668725,-0.8746432,-7.152213,-11.6424465,-7.7779155,0.9712062,4.085717,-2.1995888,-9.224415,-6.861362,3.2949777
-538.378,212.4425,120.69176,33.384598,-12.797899,-21.579075,-16.266716,-10.869828,-5.4930935,-0.012906591,0.2919607,-6.2312856,-11.901503,-8.795962,0.09522815,4.472852,0.49330494,-4.4872837,-2.3347783,5.0882654
-537.51,216.00255,128.69481,43.15495,-5.8153777,-19.47007,-17.518005,-12.609259,-5.753552,1.7477267,3.1245718,-5.149413,-16.118385,-18.905773,-10.839078,0.4449262,6.3291173,5.4682903,2.4295416,1.187975
-535.1617,219.31668,130.60962,41.405243,-10.031257,-20.73641,-12.49872,-5.693694,-5.2218475,-6.4687214,-6.8974504,-8.463463,-12.017303,-14.381037,-12.203384,-6.306354,-0.40478206,3.3772097,5.7650185,7.3356
-535.0972,219.15875,129.28244,37.841732,-15.349535,-25.186598,-13.532153,-3.7792926,-3.8844395,-8.926836,-12.821234,-14.265623,-14.165925,-12.292173,-8.295858,-3.8086305,-1.0422239,0.3159976,2.675087,6.370101
-532.73865,218.81572,122.10807,28.186222,-21.058186,-25.27539,-11.170536,-1.7517525,-1.9199965,-6.4917116,-11.914826,-17.15432,-19.124561,-14.094357,-3.8336914,4.18511,4.991094,2.106657,2.6338468,7.518001
-530.70135,217.11609,112.4828,16.983734,-26.41291,-25.191278,-11.537571,-4.9832916,-4.27038,-4.303232,-6.9510846,-13.863544,-18.743063,-13.96883,-1.8486438,6.9389296,6.319577,1.6052339,1.4951317,6.679907
-531.1049,214.21133,106.31345,12.314054,-25.60966,-21.222874,-9.57609,-5.8093624,-3.565009,0.8820987,0.12579677,-9.418329,-17.891457,-14.402622,-2.4429777,4.7683325,1.7403716,-3.776669,-3.0426655,2.413189
-540.2091,204.34325,103.19944,14.77741,-22.224659,-20.822372,-12.189333,-8.303545,-3.029362,4.626767,4.870921,-6.10728,-16.801775,-14.389438,-1.9729276,5.3868384,0.036599725,-9.452982,-10.236097,-1.065777
-538.3088,209.94745,114.0007,26.923222,-14.157985,-18.93936,-15.502342,-15.157571,-11.189499,-1.3341408,3.779185,-3.402194,-14.006868,-13.525614,-1.6713434,7.080228,2.9909277,-6.4674845,-7.490713,1.7827139
-533.0495,217.46042,121.73051,34.614983,-7.700419,-15.324138,-15.120335,-16.35973,-11.629599,-0.1596655,5.2862415,-3.6436334,-17.216785,-19.290562,-7.8744454,3.644345,4.6782618,-0.6377866,-2.0146546,2.4903111
-532.1558,219.23102,124.15988,36.680756,-6.455739,-13.687754,-11.843126,-12.598364,-10.493856,-3.208711,0.30400723,-6.7967434,-17.678524,-20.076595,-11.926071,-2.426499,1.1770184,1.5218272,4.224322,8.294931
-533.13434,219.55136,126.3429,36.35284,-11.7455845,-19.770668,-12.637405,-8.397414,-8.296299,-8.088568,-8.38271,-11.637822,-15.510437,-14.917012,-9.368237,-3.8491797,-1.8383305,-0.89428866,2.8510313,8.012163
-535.5056,217.87259,126.43905,33.764587,-19.459637,-27.85623,-13.572631,-1.0629716,-0.071086004,-6.928973,-14.605148,-18.831211,-18.090298,-12.639961,-4.969414,0.90602183,2.6884868,2.1667995,3.0486379,6.1252522
-535.78986,215.00311,118.974495,24.571602,-26.10293,-30.66669,-14.278342,-1.1860937,0.61039233,-5.105507,-12.702787,-18.155941,-18.198124,-11.647721,-1.9109454,4.840799,5.6041527,3.5942955,4.0828238,7.72886
-536.6817,212.92941,115.48758,20.99255,-27.860182,-30.200233,-13.01947,-0.38332218,1.6978786,-1.9851838,-7.4770412,-13.150171,-15.705025,-11.534012,-2.451421,4.2545424,3.747731,-0.53551143,-1.4290819,2.7228844
-544.39514,203.4445,109.96634,20.364693,-25.507465,-28.162222,-12.528174,0.4542585,5.038899,3.5260165,-1.7754669,-8.572077,-12.701132,-10.757497,-4.242076,1.0283402,0.54446477,-4.1143603,-6.711945,-3.1367548
-544.8823,203.89822,112.888664,25.16314,-20.861387,-26.338387,-15.86358,-8.171637,-5.3976426,-3.4278378,-2.4245021,-4.5936966,-7.665334,-6.633454,-1.3144922,2.3577943,0.11596644,-4.490363,-4.369384,1.9253715
-539.053,213.15286,123.94438,36.351963,-12.459696,-22.505756,-15.954004,-9.892197,-6.6013904,-3.3043814,-1.5722504,-4.474772,-9.774036,-11.315887,-6.803282,-0.65803236,1.8349879,0.79307675,0.3344851,2.3500059
-536.52423,216.41096,127.10428,40.430603,-7.699314,-18.864082,-14.378677,-9.243896,-5.777196,-3.1666975,-3.3904538,-7.691947,-13.191389,-15.535395,-12.881365,-6.426405,0.9910264,6.0571766,6.826787,4.6321645
-531.47473,219.65073,123.869415,36.31226,-7.37006,-16.08646,-14.42713,-12.715073,-8.793724,-4.2261972,-5.3798046,-12.142033,-16.493778,-13.733868,-8.13689,-5.264082,-4.2036424,-0.85463244,4.804147,8.592249
-527.8489,221.33525,119.26477,29.26804,-11.983534,-17.639717,-14.680447,-11.631672,-5.460184,-0.8766852,-6.744093,-19.478886,-24.479889,-15.30089,-1.8437582,3.4329429,0.34613484,-2.1232955,1.1588688,6.6443176
-527.41626,219.90027,113.69437,21.181398,-18.854214,-19.939625,-11.982255,-7.4227953,-3.7910633,-1.8102627,-7.224909,-18.177912,-23.090525,-15.178702,-1.5830339,6.418235,6.3111353,3.5903997,3.472476,6.5826674
-528.02124,218.04416,110.43997,17.571545,-22.535461,-22.784288,-11.9847145,-5.215272,-2.4800372,-1.3958018,-4.40395,-12.548061,-18.436016,-14.126749,-2.7507503,5.7717237,6.6470037,2.4922924,-0.7937277,1.5205498
-532.5343,211.25684,104.99922,16.964317,-19.313017,-20.607609,-12.437734,-4.8036003,1.7519877,5.24335,1.3103452,-9.099173,-16.532291,-13.458511,-3.7883923,3.2546747,3.1184795,-2.3998053,-6.6160583,-3.0434363
-539.7231,204.19205,104.29033,20.413563,-16.413836,-21.328445,-16.533112,-9.842035,-1.9530091,3.8081532,2.2544086,-6.098939,-12.249165,-8.632847,0.47646177,4.4074616,-0.6421589,-8.154612,-8.726276,0.041674793
-538.98895,210.54947,118.32182,33.339848,-11.037315,-21.395058,-18.1161,-12.14451,-5.4435005,0.035747636,0.55678326,-4.7761564,-10.773468,-10.086805,-2.0263438,5.013258,3.4229958,-3.2694736,-4.57828,2.823913
-538.87164,214.466,128.02368,42.990833,-6.182019,-19.658596,-16.521338,-11.357477,-6.7591915,-1.2903504,2.000567,-2.3036747,-12.789825,-19.203365,-13.5049715,-0.39015782,7.972864,6.52433,1.6242925,0.8054563
-536.0914,217.89148,129.30496,41.07733,-8.913689,-19.024675,-11.8005085,-6.6982293,-6.8573036,-7.0270452,-5.887017,-6.9902973,-11.311312,-14.411859,-12.099596,-5.793459,-0.13470374,3.0411792,5.6140814,8.35906
-534.9548,218.65457,127.78363,36.751026,-14.934448,-24.117416,-13.398283,-4.4983797,-3.6762109,-6.9712515,-10.90153,-14.768135,-16.794628,-13.949507,-6.6478148,-0.15520085,1.1758056,-0.4625749,0.79858077,6.159657
-533.7251,217.97247,122.064255,27.989029,-21.947151,-25.937819,-10.52564,-0.3341688,-1.3459074,-7.190879,-12.452183,-16.308374,-17.784538,-14.076628,-5.1229954,3.777234,6.984412,5.1190443,3.9418905,6.4860315
-533.30383,217.21094,118.4934,22.712675,-26.398655,-27.898556,-10.331783,0.6180092,-0.37538478,-5.738303,-9.880596,-12.9801235,-14.906345,-12.457104,-4.4209948,4.382518,7.572968,4.845286,2.1958106,4.007513
-535.0844,214.11182,115.123825,21.262371,-24.911407,-25.377323,-9.181521,0.72499204,1.3108854,-1.082241,-4.1701155,-9.452429,-14.5667515,-13.498416,-5.335431,2.425943,2.626048,-2.4284816,-4.413829,-0.18427804
-541.31683,204.71352,107.612015,20.283085,-21.218948,-23.405388,-10.472441,-0.9060484,0.30626386,-1.3368163,-1.5051365,-4.0861835,-11.088772,-14.010597,-7.0155725,0.31858978,-2.7934632,-10.352198,-9.782966,-1.6720982
-539.34674,207.15915,111.42114,27.57394,-14.336628,-23.215168,-17.078876,-9.961163,-8.905124,-8.867399,-3.3540802,0.2030034,-6.7677774,-14.083498,-8.214891,2.872674,3.5227447,-2.8676035,-3.0054412,2.7780566
-536.23444,213.3523,120.742905,37.585533,-7.2763453,-21.087936,-18.690416,-11.386454,-7.2065296,-5.4808073,-1.712749,-0.96083707,-10.198118,-19.849667,-14.418684,1.288879,8.564045,3.6957555,-0.74750197,0.99382305
-536.2294,214.98183,124.52197,41.180397,-4.6520166,-19.08203,-17.973621,-11.067348,-4.7688484,-2.9655373,-5.0155735,-9.358852,-15.146946,-18.028267,-12.744677,-2.5800304,2.910047,1.7229413,1.5263431,6.211132
-533.3604,217.11565,122.655876,37.231903,-6.9678764,-19.497028,-19.661348,-14.086285,-4.9438047,-0.3288605,-6.507395,-17.792934,-22.243416,-15.522364,-4.819091,0.44606528,-1.1800401,-3.2678275,-0.17696866,6.416925
-529.31036,219.3962,117.41055,27.020111,-14.635586,-19.328709,-13.8763,-9.167324,-4.227562,-2.0786877,-8.247517,-19.272442,-23.802195,-16.22371,-3.3572898,4.248869,3.9496465,1.5234041,2.4581592,5.9254293
-531.21954,216.75629,113.387695,19.485216,-23.71593,-24.332504,-12.558645,-5.864909,-3.9140272,-4.042116,-8.292379,-16.128258,-20.189053,-14.313757,-2.1851375,6.403205,6.887501,3.9852054,4.1871824,7.537099
-536.41534,212.59198,114.05021,19.776047,-27.53252,-28.866074,-12.632941,-2.0329907,-0.87626576,-3.396515,-6.978925,-12.051249,-15.738657,-12.85009,-3.5496922,4.660382,5.222859,0.5173268,-1.4093056,2.6703935
-544.52234,203.05038,109.385254,20.373936,-24.353455,-26.79572,-12.881761,-2.1744921,2.1295848,2.5368886,-1.4529694,-9.366257,-14.894993,-11.731022,-2.6579702,2.5398386,-0.87130344,-6.6289926,-5.8534927,1.4455256
-546.59326,201.77467,111.70395,25.37197,-19.62513,-25.384132,-16.411139,-10.0221615,-6.9658003,-3.4113603,-1.2664771,-3.9360623,-8.473686,-8.354786,-2.940186,1.0334182,-1.2595434,-5.826005,-5.2014923,1.3864553
-541.3501,210.61345,123.07216,37.094475,-11.057512,-21.802273,-16.94229,-12.276491,-8.594912,-3.0756717,0.6201745,-2.872961,-10.976417,-14.536234,-9.024826,-0.18116903,3.4215841,0.7015364,-1.9649796,0.07137346
-539.14136,214.1092,127.111984,41.063953,-7.5033665,-18.224834,-13.212687,-9.644049,-8.679529,-5.685749,-2.2462425,-4.233226,-11.9399395,-17.884085,-15.43676,-6.4033375,1.9481769,5.419242,5.7649145,5.790821
-536.72095,217.27571,128.85983,39.847183,-11.316963,-21.469772,-12.824467,-6.480812,-7.2662,-9.425108,-9.405722,-9.464289,-11.676194,-13.626118,-11.752816,-6.474293,-1.4768068,1.3286024,3.571837,6.521633
-535.4591,217.8515,126.35483,33.985756,-18.626907,-26.825737,-13.477166,-2.6469533,-2.5406413,-8.415246,-14.149103,-17.59486,-18.08321,-14.380846,-7.049365,-0.17460068,2.1684842,0.8370757,0.6868186,4.0199804
-532.51154,217.15555,117.29074,23.090614,-23.751198,-25.653553,-10.58416,-1.4440153,-2.8762999,-8.430429,-12.999769,-16.425169,-18.169266,-14.801661,-5.6933494,3.2700381,6.204628,4.6493516,4.2508955,6.352036
-529.8337,215.55722,108.24898,15.973829,-23.612518,-23.812584,-12.752802,-5.220505,-2.9657583,-3.9142008,-7.2301354,-12.857864,-17.079458,-13.526007,-3.0064387,4.55136,3.7676384,1.0912184,2.7379599,5.2915077
-536.0709,208.19913,104.59087,16.621243,-20.201271,-20.987696,-12.801216,-6.059619,-0.019859193,3.804051,0.9704493,-8.489157,-16.515354,-14.109888,-3.1979744,4.0036573,1.052701,-4.4421434,-3.6300874,1.1217743
-545.5311,199.79562,105.56465,22.192373,-16.915298,-22.461567,-17.381456,-10.756323,-2.5527933,3.7117023,2.5287492,-4.918688,-10.411924,-7.7128363,-0.057901293,3.2257385,-1.773163,-8.111096,-6.8571196,1.2922348
-543.0431,207.85666,120.234795,35.41203,-11.554068,-22.313847,-17.542809,-11.569196,-6.1849794,-0.524224,2.0091841,-1.9605228,-9.019574,-11.075195,-5.004696,2.862403,4.472611,0.27314508,-2.0726345,1.4666494
-540.99927,212.89062,128.80399,44.286446,-5.9745827,-20.251244,-16.839127,-10.471529,-4.426528,0.8580472,1.2757965,-5.738061,-14.658306,-16.295364,-8.640371,0.60032415,3.5525975,1.2770097,0.82825667,4.9721165
-540.68353,214.59106,132.39409,47.378593,-5.6820045,-21.7699,-17.054544,-8.38294,-2.9203303,-1.6910617,-4.8795433,-11.042046,-15.3710985,-13.52812,-7.130109,-2.3145723,-1.9790611,-2.0285287,2.627719,9.99296
-535.2818,218.58862,128.38715,37.44481,-14.758626,-24.253786,-13.119927,-3.5819163,-2.759739,-6.7717104,-11.368418,-15.291012,-17.085854,-14.30077,-7.2116203,-0.38873038,1.8973601,0.8161819,1.2320756,4.8270254
-532.5065,218.75504,121.12862,26.608593,-21.851889,-23.980547,-8.368591,0.037338413,-3.0008554,-9.187891,-13.0232525,-15.4453335,-17.140875,-15.098316,-7.425523,2.075336,7.3133864,6.904958,5.07631,5.408828
-530.4081,218.3595,115.13849,19.964539,-24.152924,-23.307178,-9.2724,-2.7925823,-3.439985,-5.0169544,-7.693491,-13.20793,-17.200779,-13.411158,-3.1461923,5.1611423,6.230942,3.597216,3.4639473,6.2301226
-533.65594,214.60663,113.652275,21.146378,-21.572193,-21.46682,-9.005907,-2.4260132,-0.45789742,0.92468715,-1.3934422,-9.47947,-16.351452,-13.431151,-2.7970057,4.5098963,2.4555047,-3.0058026,-2.9365425,2.6984386
-543.8496,203.19897,109.28706,23.204945,-17.68762,-20.387466,-11.368271,-4.7492123,0.8103986,5.675905,3.8399715,-5.776546,-13.419175,-10.148239,-0.540656,2.8325608,-3.9324074,-11.24568,-9.063463,0.43264306
-546.4513,202.7745,114.63946,29.997211,-15.280775,-23.82751,-18.437992,-13.6416855,-9.01166,-2.4318483,1.2831472,-2.5398803,-9.597681,-10.909492,-4.452264,2.3984704,2.7518728,-1.3577534,-2.7203012,1.310113
-546.36676,207.56158,127.44709,43.95032,-8.704794,-25.021969,-20.827885,-12.631166,-6.251871,-1.3270636,0.5225365,-3.7830956,-12.242329,-16.837452,-11.6755085,-0.42313832,7.0201063,5.3898773,-0.44890183,-1.9214307
-541.167,212.83443,128.32591,42.065598,-9.156387,-21.064808,-13.675506,-7.0861278,-6.734569,-7.827061,-7.18287,-7.138411,-10.027331,-13.435949,-12.899995,-7.555299,-0.9079634,3.660119,6.0839634,7.6312504
-536.61914,216.60515,126.818146,37.388336,-13.513515,-23.739586,-14.837431,-6.392863,-4.251914,-6.3353453,-10.630723,-15.456074,-17.287617,-13.381085,-6.0236998,-0.9253618,-0.61664146,-1.549332,0.9532037,6.213997
-534.4373,217.26227,122.69462,30.826633,-18.293236,-24.751114,-13.125994,-3.6874604,-1.3725064,-4.138135,-10.898897,-19.177406,-22.249748,-15.130167,-2.1753707,6.1471224,5.050512,0.61202645,1.3264241,7.0879765
-535.13617,214.91275,117.842804,24.892017,-23.382565,-28.183983,-14.817909,-3.7328758,-0.21141633,-2.3622103,-8.806778,-17.028358,-20.437862,-13.437456,0.34867427,9.6661625,8.143989,2.035273,1.8291876,8.446383
-534.3816,214.36752,115.531715,24.42699,-20.670467,-25.523167,-14.633694,-3.7903051,2.6093378,2.6066115,-4.6511927,-14.542318,-18.350574,-11.6248,0.09638781,6.2220163,2.7315407,-3.1995249,-2.4547932,4.284516
-542.59143,204.12071,109.63686,24.745302,-16.355186,-22.612011,-15.81789,-5.5753255,5.1191106,8.699218,-0.26697692,-14.140545,-18.712265,-10.291556,0.15981476,1.0982935,-6.0952263,-10.507193,-5.9251704,2.432328
-546.4178,200.56245,110.43266,29.216724,-12.053942,-22.651909,-21.467754,-14.718875,-3.8638558,3.2266345,-0.498554,-10.01597,-13.323322,-6.81435,0.46419227,-0.62045836,-7.1443605,-8.837641,-2.5114536,4.4043455
-544.79846,206.1664,120.95019,38.853043,-8.15078,-22.766617,-21.887075,-15.432294,-6.464712,0.35644627,-0.19381242,-6.9183702,-12.485504,-11.672781,-6.3763285,-1.614339,0.68698263,1.9030131,2.8577542,3.0826566
-542.5834,210.33185,126.27072,42.952675,-6.125387,-20.084526,-16.249275,-9.514141,-5.445415,-4.209492,-5.090477,-7.8128614,-11.537384,-13.800115,-12.057887,-6.749237,-0.9898386,3.3713794,7.011217,9.656916
-538.05084,214.79027,126.489716,39.9913,-9.248016,-21.381067,-16.065224,-9.056402,-5.192162,-4.5539536,-7.3793564,-12.798407,-16.832516,-14.990806,-7.636998,-0.8453175,0.36897394,-1.4279506,0.38265285,6.658647
-535.21735,216.45326,122.42337,30.901096,-17.942902,-24.125916,-12.945601,-5.222281,-4.692234,-7.08518,-11.050447,-17.011133,-21.22313,-17.830723,-7.0991855,2.897413,5.0778913,1.4679815,-0.16321975,3.3565989
-535.5994,214.52103,117.45212,23.769608,-24.422588,-27.342045,-12.455268,-2.9240503,-3.080784,-7.192306,-11.949133,-17.162071,-20.072464,-15.992725,-5.242152,4.8847103,7.672786,4.6095557,2.8035522,5.506513
-537.4621,212.12088,115.54706,22.136795,-26.325022,-29.691914,-14.456707,-3.1733322,-0.8983116,-3.5279293,-8.565304,-14.802779,-17.86495,-13.028799,-2.3968296,5.4641085,5.0696106,0.49786323,-0.21386158,4.4618063
-542.1026,205.74261,110.90341,21.654007,-22.856087,-26.040642,-13.647059,-3.6036725,1.3073772,2.0409331,-2.8563056,-11.571779,-16.292511,-11.620161,-2.3191965,2.076373,-0.91761446,-4.5823126,-2.6970975,2.7191973
-550.1743,197.20743,108.54643,23.904943,-20.163404,-25.70763,-15.727921,-7.003398,-2.4840112,-0.60718405,-1.6680567,-4.927367,-6.63985,-4.66879,-2.0852919,-3.0314155,-6.5347223,-7.4684353,-3.3941364,2.1835873
-549.9272,202.6573,123.04393,40.146748,-12.443581,-28.50069,-21.819067,-9.311829,-1.4077382,-1.0105608,-5.050707,-7.73034,-6.181313,-3.4171999,-3.7016935,-5.8320565,-4.409514,1.8633946,7.061131,5.573884
-546.7685,208.58365,131.2815,48.12295,-7.5382414,-26.324135,-19.72122,-6.0211496,1.412739,-0.9711617,-7.9989915,-11.903521,-9.953125,-6.3968344,-6.1392965,-7.890288,-5.958368,1.5802543,9.4478,11.059619
-543.5799,212.31067,133.32251,48.92746,-6.845052,-25.354458,-19.26812,-6.7742906,0.17073378,-1.495933,-8.362808,-14.342207,-14.939254,-10.375922,-4.935011,-2.6272893,-3.1997633,-2.5898366,2.3180332,9.311432
-536.2833,216.78285,126.93651,38.232384,-12.715292,-24.7739,-17.14104,-6.586299,-0.5917697,-1.8560889,-9.8320675,-18.860949,-21.207458,-14.420765,-3.8933213,2.7480536,2.7707577,-0.1631658,-0.4737819,3.4800563
-533.79095,216.01778,118.48017,27.642405,-18.037634,-23.788305,-14.490129,-5.7980285,-1.0221112,-2.018901,-10.47731,-21.158447,-23.876919,-14.944517,-1.9021597,5.3701916,5.086623,3.026448,4.0621567,7.013511
-536.1189,213.82506,117.57382,25.584671,-22.340778,-27.950916,-15.776082,-4.5299845,0.74929166,-0.2843333,-7.932677,-17.963827,-21.143578,-12.598954,1.00472,7.9828076,4.9041605,-0.1626102,1.4540449,8.053976
-539.2391,210.51993,116.61153,26.527758,-20.467216,-25.696753,-13.496119,-2.5001154,3.0009627,3.3599534,-2.5761716,-12.493029,-17.803875,-12.149974,-0.48467934,5.561536,1.5707071,-4.6471424,-3.602911,3.768599
-548.70215,199.91061,112.240875,27.596832,-17.443718,-23.662004,-13.157194,-2.9325442,3.1070938,5.1591196,1.6692665,-6.1487036,-11.352116,-8.37513,-0.9717796,1.5644331,-3.8821745,-10.10388,-8.600697,-0.024966769
-550.84406,199.76672,117.35298,34.27546,-14.684803,-26.842289,-20.536098,-12.092003,-5.9711933,-1.4233795,-0.0040841103,-3.5068302,-8.744701,-9.564518,-4.3743734,1.4880018,2.3211865,-0.9659392,-2.4641151,1.005219
-546.9161,206.72328,126.792,44.11904,-7.5565605,-23.605873,-19.909603,-12.2491045,-6.1265516,-1.579732,-0.19975844,-4.1071534,-10.945202,-14.367308,-10.64102,-2.8598123,2.7264135,3.5470347,2.415153,2.8171222
-545.0213,210.0159,130.802,47.34907,-6.0306873,-22.479351,-17.217064,-8.350391,-4.0424976,-3.8435705,-5.862965,-9.445347,-13.056443,-13.744155,-10.269395,-5.0985756,-1.5531814,0.35922968,3.4102945,8.199482
-537.94476,215.94962,128.28192,39.360493,-12.842741,-24.169487,-14.906667,-5.506798,-3.0605662,-5.415198,-9.977612,-15.338762,-18.377876,-15.403578,-7.2109923,0.1115167,1.605149,-0.688628,-0.5477865,4.069139
-535.2445,216.72482,122.93165,30.69276,-19.137165,-24.866493,-11.485788,-1.8723042,-1.9886649,-7.159795,-13.2286415,-18.589901,-20.535582,-15.93186,-6.1662416,2.34404,4.7294483,2.9970927,2.6770258,5.1710615
-537.8657,212.96254,119.27069,27.191677,-23.197378,-29.742512,-15.300249,-2.0745955,1.2368085,-3.7959867,-12.499601,-19.711735,-20.24355,-12.198278,-0.58016676,6.066036,4.829227,1.7797225,3.7466707,9.151745
-541.4823,210.01224,120.40105,29.909313,-22.533688,-31.311142,-15.759728,0.8360894,5.8098545,-0.4516157,-10.352865,-16.47051,-15.439478,-8.445229,-0.4545715,2.856852,0.5933869,-1.8026322,0.75487924,5.978883
-549.71014,200.98535,116.87143,30.624687,-20.306631,-28.908825,-13.325601,2.918933,7.1469774,0.9747227,-6.985551,-10.35981,-8.669157,-5.2099886,-3.410904,-4.223171,-5.47439,-4.2638364,-0.6045136,2.4253683
-553.3315,196.85419,115.454056,32.634583,-16.444042,-27.576044,-18.931046,-9.012554,-4.2445707,-2.5451818,-1.854465,-2.6230233,-4.818108,-6.37957,-5.5999975,-3.3928423,-1.9134793,-1.6128538,-1.0050644,0.7207295
-548.53015,203.40375,122.25215,40.778214,-8.309626,-23.729683,-21.935493,-15.463436,-7.4422035,0.14119011,2.2242403,-3.487283,-11.528032,-13.598808,-7.6438875,0.41204172,3.8970537,2.3515835,0.52370906,1.8815799
-544.3974,208.45007,125.97745,44.273262,-4.0838633,-19.19038,-18.001905,-12.450641,-5.625054,-0.3646366,-1.5738997,-9.340624,-16.091621,-14.595461,-6.769066,-1.06532,-1.4443611,-2.4976358,2.5431805,11.400789
-537.8753,214.96918,126.21838,39.17398,-9.581465,-20.415195,-14.938113,-9.303854,-5.9847775,-3.8644497,-5.597261,-12.462081,-18.508862,-16.079515,-6.1086197,1.9872308,1.864685,-2.0289237,-0.9986703,5.9296
-535.3593,216.42633,122.77425,31.551682,-17.232254,-23.554543,-12.575653,-4.983146,-4.4300804,-6.683713,-10.585472,-16.731808,-21.258598,-17.918467,-6.74836,3.8860655,6.332555,2.3766742,0.107676044,3.1686745
-536.99603,213.97507,119.73642,27.44434,-22.09317,-27.6282,-14.0413685,-3.4180593,-1.4578106,-4.706238,-10.710348,-17.892315,-21.326927,-15.669224,-2.8363154,7.6951118,8.817676,3.864952,1.9776977,6.372148
-536.28613,213.96967,118.31953,26.510305,-21.32285,-26.53719,-14.347766,-4.1239853,0.11900533,-0.31530276,-6.070669,-15.223299,-19.76352,-13.291388,-0.31952256,7.479821,4.8718266,-1.1722848,-1.0956781,5.141693
-540.4488,208.36263,114.221954,25.74279,-18.390984,-22.14626,-11.501299,-3.6163132,0.28601462,1.9253387,-1.420861,-10.068235,-16.573734,-13.537333,-3.896347,2.0691433,-0.3219052,-4.9325128,-3.925522,1.8845448
-548.52734,199.20593,110.50513,27.255875,-15.078327,-20.98399,-13.937435,-8.161764,-3.91502,0.014193088,0.48159552,-3.7335987,-7.944648,-7.6116347,-4.70759,-4.467313,-7.6001635,-9.315605,-6.0611725,-0.33756024
-551.0443,200.24927,119.63942,37.962646,-11.569231,-26.247686,-22.336683,-14.206863,-6.771434,-1.2940413,-0.14357096,-4.1441627,-9.481239,-10.714268,-6.478325,-0.6309981,2.2318501,1.4371175,0.22863987,1.6604807
-547.4518,205.9574,126.57573,45.204117,-5.8017225,-22.530663,-19.322807,-10.84508,-4.363369,-1.8866354,-3.3975346,-7.400844,-10.936125,-11.313709,-8.4610405,-4.7358522,-1.7580798,1.521808,6.2735205,10.308205
-541.53033,211.45364,127.03705,43.464508,-7.0658326,-22.491913,-16.886532,-6.183522,-1.3710012,-4.2352085,-9.43169,-12.694687,-13.552088,-11.3359995,-5.9653673,-1.72157,-2.0921679,-2.4531493,3.3616233,11.386925
-537.5892,214.43579,124.673584,37.055122,-14.365117,-27.042128,-15.785757,-0.72764254,2.3622053,-6.7556353,-15.945324,-18.042679,-16.200851,-12.717182,-6.00206,0.96603566,2.5698013,1.0484247,3.0301898,7.183111
-539.55133,211.23454,120.60605,32.1611,-19.826508,-31.81474,-17.586395,1.1957982,5.325716,-6.3800097,-18.7342,-21.472757,-17.99028,-12.665634,-4.8319664,3.0690942,5.7507696,4.671807,5.5455923,7.750777
-540.3934,210.5528,120.27306,30.876518,-22.208073,-34.20314,-19.285978,0.62775135,6.6411266,-3.3786316,-15.4881935,-18.555353,-14.707565,-9.375982,-3.0822666,3.0750844,5.117046,3.4608216,3.3323183,5.776968
-542.95807,207.62381,118.97548,31.719421,-19.08147,-30.407665,-17.499077,0.5899514,8.169786,1.0058262,-10.911243,-15.436621,-11.83353,-7.3718624,-5.056073,-2.49088,0.31986952,0.64973044,-0.5352172,0.6761842
-551.23083,198.00812,113.7968,30.752304,-16.583998,-26.010956,-14.953724,-1.5744117,3.9011486,0.58299387,-5.3078794,-7.49413,-6.165421,-5.585471,-6.843593,-7.34877,-6.431266,-5.992941,-5.5280724,-2.1928506
-554.8551,196.31995,118.127235,36.877872,-13.858765,-28.58923,-22.826893,-13.325142,-6.791026,-3.0485086,-2.0493097,-4.627218,-9.020813,-10.919157,-8.129002,-3.329,-0.7815914,-1.2375164,-1.6250794,0.44171625
-549.4209,203.80428,125.28316,43.860504,-7.338041,-23.606892,-20.401863,-13.244007,-7.641164,-3.572155,-2.2346509,-5.304308,-10.66593,-13.221764,-10.534592,-5.3250713,-1.3907273,1.0277356,3.98649,7.1274567
-546.2106,208.46985,129.62918,46.583626,-6.7004232,-23.414274,-18.255924,-8.826818,-3.705274,-3.5848036,-6.9693394,-11.89651,-15.015636,-13.318108,-7.7602234,-2.9807754,-1.9262214,-2.0099792,1.4539471,8.28252
-540.7459,213.57748,128.93233,41.20748,-12.730587,-26.495724,-17.416319,-5.6207542,-0.82876945,-3.4744487,-10.647909,-18.137747,-20.603607,-14.970043,-4.6143064,2.58736,2.272894,-1.5374047,-1.3994523,4.2518315
-540.24524,212.61388,124.58269,34.908806,-17.98998,-28.778828,-16.797997,-3.41669,1.2470639,-3.2927115,-13.417965,-22.986217,-24.732697,-15.8322315,-2.2686486,5.8104906,4.5635796,0.271433,1.0895357,6.7183084
-540.87775,210.461,120.09335,29.488014,-22.385778,-31.718851,-18.94294,-4.745243,1.5988742,-1.1984677,-10.9807005,-21.364819,-23.168224,-12.723542,2.2039697,9.292322,5.3206625,-0.40339017,1.9453715,10.203508
-538.07935,211.50179,116.26625,25.495342,-20.952068,-25.303211,-13.43688,-4.34023,-0.79381204,-0.62476087,-4.915064,-13.048561,-17.870556,-12.675156,-1.0308999,6.0835834,3.583472,-1.788488,-1.0044495,5.3132763
-544.7901,202.85657,111.020905,26.096422,-15.770533,-20.468525,-12.429279,-5.641612,-0.3759306,3.3402977,0.9416084,-8.03051,-14.995007,-11.648617,-1.4991516,3.6468883,-1.0793052,-7.396471,-5.415304,3.3009968
-551.4816,195.28479,108.85069,29.771534,-11.446749,-21.799522,-19.742477,-14.192702,-6.6161366,0.75630295,3.861252,0.33960444,-6.862067,-10.141424,-5.3795614,1.2553442,0.74726117,-5.2175713,-6.286108,0.64337283
-547.34045,202.33215,117.95796,38.9228,-5.22449,-19.429113,-19.936348,-16.030643,-10.294434,-3.6295104,1.8599488,1.8174609,-5.643133,-13.778395,-12.922459,-3.6756513,3.6265593,3.7728996,2.015141,3.04559
-543.1677,208.56946,123.74485,42.164474,-4.2398515,-17.209328,-14.106131,-8.919394,-6.947337,-6.8841825,-5.993825,-5.326129,-7.8700585,-11.963428,-12.213869,-7.5530457,-2.2771752,1.4176469,5.479006,9.833607
-538.8406,214.43346,127.63539,41.33264,-10.026573,-23.846256,-16.203217,-4.716517,-0.29675576,-4.4680758,-11.588598,-15.807802,-15.521463,-11.702641,-6.041668,-1.4586366,-0.24923831,-0.72544456,0.9026687,4.9723644
-539.3208,213.93614,126.520096,37.761543,-15.898428,-28.910524,-17.45803,-2.3115218,2.811445,-4.004664,-15.383528,-22.588251,-21.660398,-13.960039,-4.276655,1.8557079,2.4370518,0.87448573,1.4433355,3.9222214
-540.89453,211.39723,122.69609,32.35736,-20.803549,-30.806746,-16.86469,-1.8187618,2.4632792,-3.7500668,-14.06707,-21.601715,-21.866863,-14.381461,-3.3560915,4.6832438,6.253401,3.9641466,3.0037436,4.9813952
-542.1136,209.47833,120.50628,30.523409,-21.45826,-30.513773,-17.020973,-2.9925604,2.050696,-1.0555489,-8.528357,-16.196983,-18.991,-13.542369,-2.6357276,5.7628627,6.200095,1.501086,-0.9076072,2.182778
-546.65924,204.00397,117.50125,30.595015,-18.704967,-26.353868,-13.130465,-0.45556653,3.5850928,1.009731,-4.5166817,-10.284646,-13.1283655,-10.674608,-4.64604,-0.13181408,-0.10019789,-2.0662632,-1.633328,1.6925647
-555.9931,194.1968,114.94487,33.391052,-15.477976,-25.958542,-15.460036,-3.7870884,0.7730567,0.20587033,-1.4229174,-2.4656353,-2.9449162,-3.1922936,-3.9226851,-5.7736635,-7.7454543,-7.295928,-3.3280451,1.4944022
-556.31903,196.25464,121.77353,41.853096,-10.957205,-28.292898,-22.790024,-11.646803,-4.082809,-0.9083437,-0.56289876,-2.4208522,-5.486807,-7.26124,-5.764142,-1.9343922,1.3548983,2.6362188,3.1270847,4.361943
-549.97473,204.05853,127.451004,46.829315,-4.8705664,-21.339262,-17.156912,-9.128052,-4.468624,-2.754181,-2.8681614,-5.0435987,-8.35148,-10.049461,-8.533613,-5.188713,-2.0421538,1.2233139,6.0460405,11.028442
-543.00507,211.65152,129.90823,44.804092,-8.188755,-22.801334,-15.554794,-5.460207,-1.1439364,-2.4025846,-6.8602676,-12.149058,-14.82955,-11.982688,-5.019545,0.54176605,0.9870753,-0.97569764,0.4733964,6.4438353
-539.60284,213.98378,127.4053,39.660225,-12.54381,-25.289507,-16.812332,-5.2608213,1.1708934,0.16999084,-8.364345,-19.701385,-24.231953,-16.058685,-1.0390571,7.993748,5.2102757,-1.942973,-2.3740325,5.013298
-535.32623,214.14717,117.238144,27.16879,-17.39444,-22.19498,-13.397327,-6.444629,-2.2243016,-1.3612514,-8.147308,-20.383614,-26.248625,-17.38635,-0.5442948,9.637724,7.704832,2.0035052,2.246625,7.6241655
-530.7391,216.61478,112.803734,21.291328,-18.667917,-19.421638,-11.271307,-7.045581,-3.5124893,-0.8218968,-5.15384,-15.557195,-20.930214,-13.75094,-0.17592606,7.7390523,6.216423,1.9886969,2.1173644,5.9201317
-532.40265,214.75737,112.18322,22.130844,-16.487873,-16.109625,-7.368309,-3.8103204,-2.1753254,-0.7445101,-3.486216,-10.281364,-14.351173,-11.207949,-4.24651,0.40114444,0.8279379,-0.3621065,-0.09736419,2.224514
-545.2563,202.76245,111.972275,27.661892,-13.800239,-17.592876,-8.821049,-3.4911704,-2.29984,-1.7840298,-1.9068749,-3.81806,-6.3304076,-7.1146626,-5.9293833,-5.160262,-6.6777754,-8.5070305,-6.308655,0.44453657
-554.1158,196.53745,117.47642,37.334953,-11.480762,-25.985771,-21.551996,-12.776888,-5.967596,-2.4499965,-2.2107706,-4.299798,-6.947529,-8.550902,-8.2739105,-6.2373924,-3.6213186,-1.7385094,-0.5185845,0.9910778
-552.1403,200.35796,122.91443,42.493603,-8.781707,-25.657265,-21.660662,-12.351627,-6.4018807,-5.4747515,-6.9725504,-7.5788355,-6.800109,-7.036836,-9.332094,-10.475056,-6.324832,2.4676538,10.024869,10.983624
-548.26373,206.18175,128.12845,44.567924,-9.85351,-26.060787,-18.201195,-6.4748287,-2.2753372,-5.500561,-10.729141,-13.606014,-12.981217,-10.023703,-6.713562,-4.449588,-2.985498,-0.6619004,3.6344163,8.449563
-543.0386,210.82861,127.29699,40.40976,-13.663536,-28.145874,-19.050362,-5.8602524,0.4789945,-2.3606215,-11.494247,-20.413397,-21.866772,-13.779705,-2.2762775,3.752535,1.8015609,-2.0591674,-0.8257803,5.1254854
-543.2863,209.40404,123.716995,35.64247,-17.68042,-30.190624,-19.123951,-4.5826116,2.2391348,-1.4541644,-12.923876,-24.406282,-26.414291,-15.869028,-0.5843694,7.664572,5.3036537,0.0027923137,0.6617068,6.6713867
-543.3235,208.3258,120.43399,30.852661,-22.011364,-32.53743,-19.62577,-4.5679007,1.9423566,-1.3403045,-10.963795,-20.289791,-21.66186,-12.48945,0.85623395,8.400668,6.828512,2.4698963,3.0076594,8.142307
-545.02466,207.62482,122.79756,34.281487,-19.802214,-31.210436,-17.430748,-1.3886799,4.525653,0.29041228,-8.315633,-15.240385,-16.290833,-10.646294,-2.0111954,3.5598993,3.0616198,-0.35054457,-0.9112077,2.9866726
-552.9986,198.74506,119.39156,35.881332,-16.001871,-27.82682,-15.534098,-0.77980363,4.689739,1.2456057,-5.455079,-10.610463,-11.877956,-9.131029,-4.616684,-2.010757,-3.1818273,-5.653138,-4.739644,0.89916766
-558.5553,192.44492,116.911896,37.229733,-13.427372,-27.907991,-20.743773,-9.883318,-3.5900497,-1.223964,-0.8273858,-2.603637,-6.380397,-9.442553,-8.972278,-5.674177,-3.1240635,-3.3203049,-4.2723303,-2.8699837
-554.0774,197.97015,121.49631,42.53946,-7.276228,-24.14703,-22.584488,-15.99,-8.840393,-2.3501177,0.22829035,-3.3780413,-9.858118,-12.839853,-9.8922615,-4.5447774,-1.0220656,0.6364112,2.7941198,5.3794966
-544.75464,206.75447,122.14078,40.305435,-4.837915,-15.805695,-13.7378025,-11.71734,-9.165282,-4.511135,-2.5395164,-7.1684427,-13.83396,-14.598898,-8.69067,-2.9968512,-2.0424118,-2.0616918,2.6129942,10.300707
-536.19885,215.05649,122.30629,34.522003,-10.6621,-17.366734,-10.98146,-7.511081,-6.555522,-5.0844054,-6.19204,-12.422688,-18.291801,-15.8049555,-5.566571,2.9138536,2.9214993,-1.3456911,-0.97748667,5.557122
-533.5324,215.6676,117.46093,28.101095,-14.651588,-18.964275,-11.396473,-6.272788,-3.9967985,-4.4267344,-9.913785,-18.43114,-22.54021,-17.126732,-5.145058,5.1217155,7.5244284,3.419868,0.1918334,2.9974322
-533.72455,212.4216,109.93472,21.304092,-17.717209,-21.49736,-16.356655,-10.749998,-3.8612406,-1.3483855,-9.256884,-21.423977,-24.768936,-15.179857,-1.2159765,6.925147,6.9432063,3.5237584,2.3455133,5.337925
-531.9597,213.0298,108.05817,20.455425,-15.6226425,-18.677917,-15.303615,-10.933203,-3.0687585,1.5295631,-5.0594378,-17.128708,-20.6231,-11.469073,-0.0015083486,3.9459875,2.298236,1.6872351,3.0440488,3.8432827
-539.33185,206.3247,108.48908,24.623158,-12.425008,-16.986639,-13.010153,-7.7690897,-0.63512254,3.2532127,-1.8639109,-11.499344,-14.8445015,-9.015793,-2.2827544,-1.3317515,-2.657799,-0.83291274,2.2108874,2.4752479
-554.6128,193.67294,111.46706,32.37387,-11.435003,-21.753721,-16.492592,-8.31538,-1.5175139,1.8806065,1.2831556,-0.77527225,-1.8152318,-2.9398658,-5.734002,-7.913886,-6.3065925,-2.5807173,-1.2520983,-2.5394015
-559.7003,192.96716,121.63831,43.827915,-9.428349,-28.849243,-24.915432,-13.622734,-4.8087873,-0.6210164,-0.04965318,-2.052575,-5.2334566,-7.2818956,-6.4272676,-3.1634276,0.32015985,2.4599595,3.512762,4.3462987
-550.9387,202.7178,126.29178,46.137184,-4.974966,-21.098248,-17.001148,-9.364575,-5.174689,-3.829885,-4.0223513,-5.801604,-8.34051,-9.403317,-7.8895893,-5.1554966,-2.722577,0.14632419,4.946693,10.261073
-541.6836,211.93774,127.58387,42.304092,-8.321699,-21.174969,-14.710371,-6.288907,-2.1387691,-2.4270415,-6.940264,-13.57927,-16.692429,-12.141296,-3.3037653,1.7791295,0.030062057,-2.823575,0.12048237,7.535163
-538.0974,214.79877,125.70111,36.9908,-13.46015,-23.426556,-13.96822,-4.289874,-0.79617584,-2.9849117,-9.940937,-18.681118,-22.279526,-15.724073,-3.0928612,5.3533306,4.4547195,-0.30690596,-0.39938408,4.840469
-540.8892,211.32872,122.79683,33.5699,-17.852299,-27.372654,-15.555638,-3.4499316,0.49931642,-3.108584,-11.626875,-20.962193,-24.432423,-17.293251,-3.1780066,7.5828724,8.2750845,2.8495796,0.6009644,4.7454567
-542.80023,209.74991,123.14447,34.03794,-19.424911,-30.442692,-17.44143,-2.968121,1.9234896,-1.763247,-9.135737,-16.261105,-19.09,-14.026463,-2.687377,7.174899,8.8916235,3.957089,-0.020336315,2.0976276
-543.83203,207.99622,121.58486,34.67797,-15.403839,-24.760754,-13.315614,-1.6135631,2.4529822,0.59668195,-4.275176,-10.341839,-14.236582,-12.024662,-4.4140377,2.3928542,3.307683,0.022304978,-1.6422164,1.15506
-549.36566,199.47116,113.817696,32.731613,-9.52471,-16.758759,-11.191668,-6.285697,-2.0554967,2.4327283,3.062503,-2.2622283,-8.206985,-8.31934,-3.8224282,-1.7447977,-4.9791102,-8.255829,-5.404697,2.1677735
-551.7023,195.95993,111.092316,32.90796,-7.274361,-17.361633,-18.537674,-17.971947,-11.2509,0.12396769,6.0200367,1.1835341,-7.5834446,-10.662891,-6.9559183,-2.582277,-1.4892483,-1.5972428,0.35225135,3.701603
-548.417,200.80173,116.04347,37.29885,-3.7434607,-14.381475,-16.38998,-18.168438,-14.833851,-5.2469563,2.2470078,0.54794085,-7.273036,-12.708961,-11.782175,-7.2188697,-2.6348944,1.7404176,6.790743,10.50088
-543.2661,208.60783,123.01262,39.23536,-7.9909782,-19.089325,-13.943656,-7.823194,-4.5274034,-3.933772,-6.8335953,-12.083784,-14.945403,-11.783674,-4.9724793,-0.682772,-1.6046119,-3.4242532,0.06814916,8.5280075
-538.0119,213.98718,123.37417,34.67807,-13.970257,-22.002747,-12.056325,-3.6128025,-2.152884,-5.433283,-11.04352,-16.703705,-18.621368,-14.002051,-5.0042753,2.1640725,3.3076494,0.73333454,0.39299405,4.3677115
-540.2544,211.23926,121.1814,32.03946,-17.778944,-25.870064,-13.75803,-2.4570408,-0.15366143,-5.23968,-13.3673,-20.45897,-22.627373,-17.2065,-5.7393875,5.117855,8.553015,4.734584,0.96990997,2.8350089
-542.18274,208.59267,118.8826,29.994915,-20.53016,-29.919788,-17.8904,-4.73985,-0.042993516,-3.4379811,-10.437681,-16.993055,-19.779287,-15.390302,-3.7309217,8.150623,11.229865,5.470478,0.69429404,3.7773795
-543.28265,207.81866,120.27142,33.938904,-15.519388,-26.456821,-17.171944,-4.935661,1.9410576,1.5174291,-5.041772,-13.906565,-18.707535,-14.19367,-2.4820032,6.530143,5.341921,-1.5613229,-3.24864,3.0197177
-549.85614,200.45773,116.95787,34.237648,-12.433414,-21.610422,-13.278786,-4.6980658,-0.46324772,0.66782856,-1.6775953,-7.6444893,-12.92716,-11.955983,-5.363017,-0.36837667,-1.9451182,-6.235722,-5.578316,1.2173253
-557.71606,192.71463,116.10203,37.66017,-10.1373,-23.666157,-19.231743,-12.091898,-6.3679442,-0.8781861,2.6216276,0.46929362,-6.438949,-11.808088,-10.808206,-5.5823073,-2.1971836,-3.2247787,-5.398696,-4.6093435
-556.21344,195.24292,119.309654,40.812622,-8.2251835,-23.772049,-21.484322,-16.276112,-11.989773,-6.7822733,-1.7582848,-1.0326316,-5.573559,-10.897499,-11.849611,-7.825479,-2.1334221,2.4117806,5.431012,7.0283966
-548.99866,203.75737,123.96389,42.074753,-7.805683,-21.412943,-15.95235,-8.785915,-5.8958545,-5.819294,-7.2738714,-10.141308,-12.5092125,-11.395421,-6.9294934,-2.9914956,-2.1733563,-1.8928564,2.1907074,9.375313
-542.5978,210.84183,126.402695,39.852974,-12.434229,-25.120323,-16.01836,-5.096179,-1.4298856,-4.349978,-10.367567,-16.34069,-18.54802,-13.822056,-3.988089,3.5944257,3.4443185,-1.0826275,-1.6605403,4.2538333
-540.5373,211.07727,122.35719,34.969597,-15.5462,-26.760998,-16.251724,-3.6118035,0.027926497,-5.0701795,-12.865449,-19.523483,-22.877602,-18.463224,-5.1480455,7.7478886,9.339495,2.1885865,-1.347405,3.2008033
-538.5599,209.44681,114.25777,27.3793,-18.341986,-28.057014,-19.096445,-6.3247056,-1.0017896,-5.567955,-13.125027,-18.25523,-20.663786,-17.498177,-5.4628105,8.196598,11.229811,4.392064,0.46689254,4.693365
-537.73956,210.32033,114.42145,27.495695,-16.62373,-24.92401,-17.30307,-6.866428,-0.87290454,-2.3917086,-8.648192,-14.607276,-17.148846,-14.007735,-4.74821,4.939116,7.1060667,2.1808233,-1.0406504,2.1670446
-544.07196,204.194,113.842834,30.69338,-12.250744,-20.96441,-15.109123,-6.4699035,0.08908224,0.95586145,-4.2893305,-11.236799,-14.617632,-12.247067,-5.742141,0.27387643,1.2953703,-2.0457983,-3.7218642,0.39298576
-551.98987,194.27678,108.13165,31.4403,-6.707161,-16.873852,-17.860353,-14.189075,-5.0065603,3.3429909,3.4950957,-2.525207,-7.158465,-7.5774,-6.6095457,-6.4914584,-6.688427,-6.351593,-5.066722,-2.1729398
-552.55664,193.76108,109.05379,34.654434,-3.373949,-17.956963,-25.114815,-23.67168,-11.228449,1.4359889,2.7359712,-4.352004,-9.1632595,-8.6326065,-7.255534,-6.8276772,-4.73868,-0.40228167,3.4137218,4.996582
-546.5683,202.33875,116.50021,38.678062,-2.0004401,-14.842262,-17.667364,-15.111288,-7.275705,-1.2665715,-3.6151445,-9.965081,-11.666508,-8.196762,-5.6939626,-6.3054037,-6.0056868,-1.7664983,4.7768064,10.281334
-542.2278,210.29605,124.66255,39.5968,-9.604242,-21.274567,-14.08642,-4.997526,-1.0642339,-3.2201917,-9.460186,-15.086307,-15.393709,-10.174278,-3.8420658,-0.50021523,-0.19405621,-0.10831152,2.0223627,5.8753977
-540.41644,212.53506,124.97069,36.210354,-15.095438,-24.183186,-12.058495,-1.1088083,0.26659906,-4.9305725,-11.8281,-17.508347,-19.21465,-14.461685,-4.622923,4.2387385,6.736045,3.9162192,1.7583153,3.7239666
-542.28955,209.0139,120.08066,31.371517,-18.602419,-26.821562,-14.803586,-3.4479573,-0.25212115,-3.8550553,-11.580967,-19.890566,-22.813808,-16.013542,-2.802916,7.488184,8.9350395,5.001147,3.3930502,6.3470497
-543.7764,208.22968,121.87352,34.204033,-17.58746,-28.748013,-17.798943,-4.677193,1.3110337,-0.57071745,-7.984747,-16.659187,-20.236364,-14.312141,-1.9703748,7.4971857,7.813967,2.4820948,0.06579427,3.5990512
-548.4257,204.91043,124.65003,39.675644,-13.985728,-27.379864,-15.8845825,-1.0746477,4.6707745,0.9119092,-6.802992,-12.888965,-14.141472,-10.334072,-4.2160816,0.1962412,0.93017167,-0.18689948,0.19437206,2.8654366
-556.6926,195.80487,121.48218,41.95495,-9.511249,-24.10635,-15.570464,-3.4946806,1.4758925,0.019254684,-2.8413515,-4.344211,-4.8862877,-5.4784765,-6.190692,-6.614597,-6.4466944,-5.2376776,-2.4638734,1.3654215
-562.3531,190.03119,120.574814,44.511833,-7.90265,-27.344837,-23.82038,-12.94309,-4.381035,-0.21961945,0.47401172,-1.5470308,-5.214502,-8.2730255,-8.669134,-6.511075,-3.6961377,-1.6004572,0.048770815,1.7776685
-555.419,195.94339,120.12001,43.602814,-3.6161952,-20.36807,-21.259102,-17.272593,-11.1393795,-4.3133736,-0.6749842,-2.745871,-8.18524,-12.021874,-11.376857,-7.287674,-2.620859,1.0839515,4.5084925,8.169432
-541.333,207.92587,118.20034,37.401367,-3.963779,-16.120945,-18.071573,-14.414385,-5.23964,0.7784345,-4.513814,-15.329835,-18.840786,-12.115904,-3.8020244,-0.9135119,-1.6538683,-1.2421806,1.6600343,5.5536823
-534.0764,214.02185,116.44142,31.78985,-7.933981,-16.960552,-16.811007,-11.707985,-2.418936,0.66129184,-9.176098,-21.827908,-22.892967,-12.49028,-2.2083523,1.3920543,1.2499511,1.2917672,2.0514712,3.462735
-536.66254,211.5498,115.68611,30.276894,-12.234126,-21.87584,-17.97295,-8.476844,0.8051869,-0.15863374,-13.410715,-26.257809,-25.76773,-13.902032,-1.9891229,3.8212256,4.8759747,3.5121992,2.0235996,3.6597123
-538.8337,209.5333,115.17761,28.881239,-16.496628,-26.812664,-19.762459,-7.51668,0.89534247,-1.2245171,-12.043969,-21.18197,-20.139431,-10.758509,-0.89321053,5.135762,7.336751,5.7891235,2.7812269,4.086273
-541.2532,208.46606,118.17641,33.283455,-13.114771,-24.113173,-17.175522,-5.7883835,1.9978006,1.4448655,-6.817889,-15.671678,-16.874031,-9.412058,-0.43855503,3.3803756,2.2386003,0.20081344,0.529956,4.2122383
-550.91864,199.89832,118.49443,37.284416,-9.799763,-20.782593,-13.650866,-4.6332245,0.3442341,0.8532944,-2.6644673,-7.913083,-10.33407,-7.4052715,-2.3304937,-0.81938636,-3.9059024,-6.0762644,-2.0257428,5.9267015
-560.3021,190.35272,116.546,40.183838,-7.606325,-22.535982,-19.097275,-11.47891,-4.398507,2.0137382,5.5602646,3.2907343,-3.3141103,-8.539335,-8.525969,-5.0895348,-2.4951615,-2.098765,-1.9289646,-0.7217355
-558.6497,192.67523,118.75462,42.10843,-6.1640654,-22.107101,-20.858,-16.574413,-12.329226,-5.941995,0.824227,2.4171748,-3.0173569,-10.203175,-12.204454,-7.6658416,-1.0541896,3.3114753,5.2736187,6.5776443
-548.5718,203.82666,122.88489,40.374207,-8.600175,-20.060032,-12.959198,-6.26033,-5.462902,-6.802376,-7.49234,-8.590828,-10.59881,-11.04218,-7.927951,-3.2193265,-0.52079374,-0.031598657,1.7467203,6.5569863
-539.7313,212.6419,123.70691,35.210377,-13.882543,-21.054724,-9.773184,-2.1719372,-3.533298,-7.9380665,-10.908516,-13.015892,-14.685568,-13.285925,-7.1550407,0.3841698,3.9848654,2.7224789,1.0955842,2.8870733
-538.48584,212.70593,120.68556,31.076307,-16.634205,-22.186857,-10.40909,-2.371046,-2.546761,-6.6882973,-12.219321,-18.229588,-21.108967,-16.504099,-5.699617,3.9230676,6.552749,4.0354614,2.4939694,4.2529287
-542.4104,208.24506,118.3286,29.532661,-19.649918,-27.378506,-15.794323,-5.10985,-1.920444,-4.852208,-11.7428875,-19.297184,-21.72042,-15.244912,-3.4410596,5.437423,7.0646563,4.8308864,4.328582,6.279127
-549.2541,203.85266,123.908264,38.921906,-16.093582,-32.00992,-21.884228,-5.2082195,4.149437,1.5594621,-9.215244,-19.138317,-20.101707,-11.446022,-0.38338792,5.1409245,3.833663,0.8446535,1.1331317,4.4784036
-554.8791,197.95978,123.05369,43.104893,-9.929077,-27.582792,-20.52818,-5.265237,5.078412,4.4267416,-4.9207788,-14.487398,-16.599716,-10.840956,-3.2401953,0.4404672,-0.4761669,-2.656749,-2.571553,0.8967814
-559.0962,190.56116,115.33719,40.806885,-5.3413877,-22.918938,-22.63555,-12.330349,0.5206235,6.434429,1.921473,-5.8522363,-8.364634,-6.1416016,-5.2550716,-7.196128,-8.146155,-6.354146,-4.134943,-2.7269955
-560.08655,189.49199,115.75062,43.54227,-2.0902505,-23.0211,-27.901485,-20.201698,-5.7373104,3.7367458,1.936743,-4.780754,-7.5132895,-6.241541,-5.9884415,-7.034541,-5.5116434,-0.71044195,4.1151004,6.580864
-549.22925,199.96486,116.810875,39.84368,-2.8222697,-17.235899,-18.000736,-12.041702,-4.3256598,-1.8696109,-6.173904,-10.346262,-8.939716,-5.2841244,-4.8052588,-6.265317,-4.946667,-0.1460109,5.8228626,11.401081
-536.71155,211.08295,116.325645,34.716633,-5.359541,-16.30382,-15.017485,-8.070574,-1.242357,-1.4714181,-8.829328,-15.63596,-15.106857,-8.520026,-2.5037646,-0.39263204,0.062173467,1.1392741,3.0521579,6.1838098
-533.5317,213.51282,114.94841,31.32544,-8.520611,-18.020348,-14.631135,-6.1255713,0.47892743,-1.1994572,-10.579044,-20.347343,-21.793358,-12.49243,-0.45437908,4.668579,3.4288383,2.7281764,4.4905386,6.0770164
-541.4525,208.47266,117.912506,31.440136,-15.899306,-25.721447,-17.167751,-5.83797,0.5961987,-1.3620679,-11.430389,-22.937386,-25.25563,-14.128251,1.4949883,8.51459,5.1872234,1.4672313,4.304562,9.676567
-545.5574,207.01688,122.8735,35.621193,-17.613182,-29.818924,-18.279118,-4.166008,1.4821587,-1.9466165,-10.243501,-17.736275,-18.98777,-12.107332,-1.3676362,5.779043,5.8417377,2.581171,2.0813327,5.37831
-550.09564,203.50427,125.29882,41.811485,-11.983813,-26.863094,-17.093344,-3.1924453,2.9044151,0.40425992,-6.1788425,-12.309515,-14.789759,-12.023178,-5.290844,1.1106339,3.0993505,0.89343244,-1.0722488,0.8437693
-557.3916,195.16165,121.90401,43.815094,-6.993185,-22.850948,-17.086819,-7.114437,-1.6095016,-0.378694,-1.115315,-3.1851301,-6.1486244,-8.110643,-7.4590306,-5.253998,-4.087619,-4.452305,-3.7678638,-0.019712731
-563.56537,188.53342,119.84822,45.07313,-6.2467756,-25.758179,-23.604465,-14.306912,-6.1924295,-1.084502,0.96889484,-0.40673918,-4.4214892,-8.367485,-9.730667,-8.388481,-5.916218,-3.2849145,-0.37559092,2.2990284
-557.64777,194.30432,120.082306,41.535885,-8.942463,-24.580036,-19.953407,-12.625622,-9.729779,-8.941074,-7.230634,-5.6384497,-6.560767,-9.515709,-11.349907,-9.829496,-5.569334,-0.49817795,4.1292105,7.440879
-548.9524,204.32216,124.53163,40.33883,-12.422498,-25.545055,-15.524389,-4.2351065,-2.4115481,-7.6388383,-12.908535,-14.440688,-12.769059,-9.771727,-6.6483746,-3.9963503,-2.0392704,-0.23083366,2.4000645,5.64771
-543.9219,209.62723,125.555756,37.359756,-16.533499,-27.327412,-13.493511,-0.0033226898,0.6829781,-7.993416,-16.305296,-18.525139,-15.411371,-10.341686,-5.4484234,-1.1757312,2.2952561,4.4600706,5.074021,4.473576
-545.5224,207.0932,122.83812,35.149727,-18.29914,-29.409931,-15.551357,-0.3385608,2.5865908,-6.1603518,-17.378199,-22.439655,-19.33789,-11.894832,-4.4512215,1.5240753,6.021825,8.220998,7.434061,5.035593
-548.34595,204.30856,122.84675,37.128494,-17.656488,-32.913506,-21.883461,-4.626643,3.7635067,-1.071013,-12.684107,-20.447296,-18.856922,-10.686141,-1.7494634,4.739709,8.059718,7.910329,5.339134,3.6123676
-550.767,203.29254,126.91621,44.547768,-11.235336,-30.379795,-22.204548,-4.2252407,7.300231,4.5801134,-7.9491673,-18.2576,-17.98664,-9.252718,-0.29788476,3.343341,2.1946144,-0.014722638,0.054892637,3.2371745
-552.3089,199.17929,120.380905,40.699654,-7.350152,-20.601976,-14.557995,-4.762967,0.9810016,0.714961,-3.9200516,-8.605272,-9.380266,-6.4522114,-3.773724,-4.182849,-5.9282203,-4.858044,0.3566504,6.1168633
-557.5981,191.15015,113.33231,38.962265,-3.285811,-17.266056,-18.671513,-14.55467,-5.504191,3.8739607,6.4644485,1.626396,-4.4893713,-7.3859673,-8.09965,-8.537462,-7.675881,-4.2567935,-0.1685111,1.2996945
-554.85455,193.25092,112.07738,36.39673,-4.218065,-16.683487,-19.966084,-20.259377,-13.981307,-3.4355776,2.1314013,-1.0464659,-6.8363647,-8.839619,-8.047729,-7.890237,-6.806609,-0.97676474,7.6851773,11.776661
-547.4854,203.19577,119.48961,38.56018,-6.7878766,-18.57015,-15.294708,-9.110464,-3.426952,-1.61593,-6.803158,-14.703071,-15.87727,-7.990348,-0.091484055,-0.8533673,-6.622336,-6.35689,3.248155,13.132558
-542.46436,210.44205,124.935684,38.228897,-12.752559,-23.61691,-13.408716,-2.3122776,0.75054264,-3.866136,-12.096266,-18.362602,-17.627901,-9.763586,-0.9912312,2.0261016,-0.356242,-1.5289605,2.6299505,8.199386
-545.96857,208.1972,126.979706,39.961243,-15.810415,-29.521334,-16.069609,0.75859344,5.399945,-3.2986603,-16.59058,-24.347328,-21.747696,-11.456088,-0.7931628,4.2604256,3.6735687,2.3180656,4.1052685,7.4920893
-549.322,204.26085,124.306854,37.149437,-20.137564,-34.822433,-20.523949,-1.9218444,3.8367686,-4.451357,-16.82415,-22.943005,-19.53791,-10.437343,-1.6625378,3.3165932,4.897603,5.4113083,6.339864,7.0859113
-552.29736,202.54791,127.6843,43.447525,-15.511185,-34.382286,-22.607553,-2.7680202,6.377076,0.46827614,-12.016604,-19.661804,-17.405937,-8.657053,-0.44959903,2.9107046,2.3436656,1.556406,2.8655252,5.2585387
-556.9743,197.50159,126.60711,46.826935,-9.404787,-28.548134,-19.438745,-2.4193573,6.0701323,2.2538118,-7.0946236,-13.226845,-12.551899,-7.617673,-3.1204433,-1.5223804,-1.8104374,-1.4681976,0.7895483,3.8994174
-564.5189,188.66605,122.47108,47.994556,-5.261274,-25.640179,-21.062843,-8.146238,0.71519756,2.7265391,1.2611728,-0.41517097,-1.9901828,-4.4149,-7.2240024,-8.370498,-6.486403,-2.67703,0.29776007,0.5783623
-567.68256,184.09079,119.79758,50.228905,-0.52106607,-25.461018,-28.523975,-18.865067,-7.3936567,-0.88542044,1.0144974,1.0767908,-0.5075275,-4.511359,-9.170459,-10.756266,-6.749136,1.525342,8.6105995,9.192215
-551.7368,197.06152,117.15996,44.363503,0.12598866,-21.186262,-23.651852,-10.660457,1.8816897,-0.28642073,-10.310812,-12.776257,-7.02472,-3.43257,-5.1786785,-6.7378707,-4.357332,1.1590866,7.2979145,10.430659
-539.1926,208.48944,117.255295,39.92296,-1.3968501,-19.725948,-21.78175,-7.955641,5.938323,2.074911,-12.899879,-19.253414,-13.315748,-6.275106,-3.4174714,-1.4120052,1.0416007,2.714825,4.392521,6.0870667
-538.2329,210.66702,119.175156,38.108315,-6.4193726,-22.769245,-19.97271,-4.024484,8.134778,1.311018,-16.404194,-24.691738,-18.133118,-7.598878,-1.4668734,1.1203222,2.9716284,4.929734,6.710316,6.73744
-544.1057,206.44699,120.54451,37.710533,-12.712039,-29.944923,-22.466799,-3.1355371,8.449215,0.2743115,-17.895744,-26.795523,-20.325531,-7.776221,0.81143,3.3235612,3.2597609,4.6082907,7.7559214,9.137329
-546.3692,205.36325,122.4483,39.204666,-13.386175,-31.059444,-23.187452,-4.728237,6.657081,1.4376562,-13.070579,-21.716757,-17.88255,-7.164935,1.5026345,4.0558286,2.78468,2.5075192,4.9639997,7.351583
-549.2728,203.37837,123.97342,42.509438,-8.450002,-24.089445,-17.835316,-5.2569246,3.2160978,2.8643165,-5.0558095,-13.953592,-16.433561,-10.57119,-1.8207047,2.3971672,0.41059643,-2.438363,-0.71377754,4.589868
-556.08417,195.69351,120.62302,43.47009,-4.1859546,-18.499485,-14.797499,-8.125174,-3.671554,-0.8477608,0.19948083,-1.7391961,-5.763457,-8.704678,-8.528855,-6.4181814,-4.7451096,-3.8211353,-1.8327069,1.9067564
-563.63617,187.49081,117.892845,45.06009,-2.332748,-20.10964,-20.639587,-15.550913,-8.485392,-0.4428412,4.7227745,3.0712128,-3.858172,-9.930318,-11.088009,-8.873236,-6.6639442,-4.7314982,-1.1914146,3.2169855
-556.62225,193.44034,115.68292,37.818924,-7.918337,-20.325155,-17.34679,-13.4066925,-10.789299,-7.4006386,-4.6787004,-5.4694567,-8.571632,-9.883911,-8.180129,-6.1967297,-5.4309196,-3.111761,3.3309164,10.6321335
-547.3013,204.19,120.6797,37.233833,-10.852982,-21.47314,-14.102214,-6.313711,-3.568087,-4.8387194,-9.113218,-14.448469,-16.222935,-11.394985,-3.4834208,0.5282916,-1.2097633,-2.9552002,0.88981915,7.908021
-543.54126,208.71863,122.87561,36.22944,-14.067047,-24.035583,-13.405253,-2.5406888,0.16709536,-4.4651976,-12.750492,-19.827421,-20.354067,-12.644915,-1.8582392,4.1472564,3.0692198,0.31456602,1.8227968,6.512701
-546.5716,205.97691,122.60477,35.87449,-17.01411,-28.480253,-15.8817425,-1.5502973,2.360319,-4.3410606,-15.479322,-23.538269,-22.992226,-13.575857,-1.3367155,5.8517933,5.5411625,2.75458,3.6519504,7.8974624
-548.0271,203.83115,120.25012,33.294067,-19.803123,-31.54572,-19.327679,-5.172181,-0.55492836,-5.175537,-13.346724,-19.130241,-18.572308,-11.437624,-1.8934681,4.43353,5.530363,4.528798,5.3507833,7.659866
-550.21106,202.55496,123.24855,40.13274,-12.361027,-27.138775,-18.923782,-6.234727,0.50786126,-0.6798221,-7.2859178,-14.42246,-16.63395,-11.739262,-3.3991895,2.0648403,2.1704717,0.41809112,1.3177388,4.6496964
-554.87854,195.48712,118.63916,43.438606,-3.1730342,-21.054718,-19.840216,-9.281182,-0.06327938,0.71426165,-4.514767,-8.757205,-9.286079,-7.729663,-5.751091,-4.530444,-4.6523924,-4.07138,-0.19869807,4.9579515
-565.6949,185.28091,118.56337,48.726772,-1.4636604,-26.779196,-28.512707,-13.416285,3.095585,7.4055367,0.8808333,-5.44205,-6.430605,-5.648531,-6.1542406,-6.860281,-6.7559,-6.2235703,-4.6428947,-1.34512
-562.6263,188.3386,117.84967,44.034523,-6.0251865,-27.159706,-26.978024,-16.226295,-5.8334255,-2.7958496,-5.5009904,-7.6305714,-7.318923,-7.8605814,-9.861315,-9.209494,-4.283126,0.8695555,2.9765792,3.7782109
-553.59436,199.05548,123.30965,43.930313,-8.143577,-26.080976,-20.235294,-6.5583987,0.7906749,-3.7631364,-13.498491,-17.02753,-11.75374,-5.7469583,-5.3792186,-7.0915556,-4.6095676,1.2284085,5.049382,5.512102
-543.8794,208.21426,123.535126,39.4232,-10.677853,-24.67724,-17.395992,-4.1075273,3.217887,-2.050857,-15.207605,-22.643024,-16.794313,-5.200903,0.040126503,-2.163684,-3.0336814,1.9686202,7.5599995,7.5825095
-542.99567,208.6145,121.9205,36.155457,-13.606756,-25.26036,-15.6176,-1.8799608,4.114863,-2.8231738,-17.2441,-25.60292,-19.890507,-6.8627787,0.9227242,0.6977069,0.3821315,5.278097,10.780557,10.093542
-546.3977,205.21106,120.13695,32.985218,-19.15118,-30.04797,-17.36789,-3.0057902,0.59078336,-6.728183,-16.823414,-20.78661,-16.177505,-7.975711,-2.0428972,1.053854,4.3791046,8.599207,10.686667,8.560288
-549.01984,204.55264,125.00212,39.858276,-14.693899,-28.625465,-17.15709,-3.0473943,0.72943807,-4.7259064,-11.674852,-14.658871,-13.275054,-9.535152,-4.988243,-0.4348826,3.1821737,4.917753,4.79502,3.8715682
-556.80914,197.5823,126.78171,48.093544,-6.570705,-25.378593,-18.190838,-4.1947775,2.6718824,0.0004889667,-6.655531,-11.149994,-11.290779,-8.580168,-5.4891844,-3.326165,-1.887388,-0.30999708,1.870758,4.1162243
-565.7625,187.78177,124.12366,52.651806,0.08202291,-23.700153,-24.325523,-13.482773,-1.3878028,5.617773,5.247593,-0.5912133,-6.9540396,-9.443922,-7.737591,-5.122639,-4.2116146,-4.0215707,-2.1975508,0.80929965
-565.1686,186.1698,118.239716,45.975006,-2.9482625,-22.879395,-23.751415,-17.055862,-8.743088,-1.0671537,3.5233035,2.4134068,-3.7496724,-9.892587,-10.9683,-7.2170897,-2.9999325,-0.7388028,1.156771,3.8520439
-555.06134,196.07672,118.67302,39.74376,-7.8625813,-20.54995,-15.117316,-8.164412,-5.437972,-5.5248985,-6.785638,-8.6777,-9.772509,-8.321211,-5.010235,-2.8379774,-3.0527563,-2.6550145,2.05273,9.617204
-545.9113,206.34781,122.99713,38.922714,-10.55838,-22.034855,-13.660823,-3.647685,0.09004402,-2.8556447,-9.854931,-16.103039,-16.32058,-9.474363,-0.91424876,2.6311274,0.39601538,-1.7062047,1.5803472,8.048796
-543.52686,208.36072,122.578606,37.50441,-11.547521,-22.717464,-14.113792,-2.6780107,2.8748393,-0.830271,-11.98241,-22.172638,-22.013401,-10.917103,1.562048,6.0378637,3.0720015,0.83692247,4.3662233,9.694126
-542.9838,206.50392,116.71218,31.939013,-13.381172,-22.886272,-16.310637,-6.715135,-0.011072947,-1.426901,-11.6558485,-21.878914,-21.670025,-11.190474,-0.10181108,4.7566185,5.39436,6.480181,8.443111,8.683571
-546.758,204.38461,120.643005,38.147987,-10.761607,-25.453972,-20.517925,-8.567404,1.1106496,1.0420134,-8.717303,-18.478886,-18.90675,-10.916437,-2.1074219,3.1688724,5.6345444,6.073393,4.417177,2.7792506
-555.48193,198.84277,127.90158,50.748566,-3.8223615,-26.398407,-22.797443,-6.6629243,6.03687,5.21013,-6.0624146,-15.731689,-16.070995,-9.967716,-3.9859154,-0.41982508,1.5495754,1.8456466,0.83227956,1.3135855
-561.0432,192.788,125.99809,52.648575,-0.3606289,-23.723482,-22.3525,-8.801004,2.5070133,3.3850625,-2.7184672,-6.672067,-5.377734,-3.8969889,-6.159059,-8.995476,-7.603732,-2.565896,1.9031339,3.7239223
-567.8644,184.94168,122.14668,52.075207,-0.19087154,-24.872658,-25.33906,-13.04726,-1.5472156,2.0087729,0.5747168,-0.10040125,-0.30856678,-3.9893398,-10.195747,-12.97843,-9.455675,-2.92234,2.2463017,4.2848797
-561.1828,190.75812,119.62751,42.801277,-9.131509,-26.961529,-20.862473,-8.675503,-3.6768112,-7.375265,-11.87698,-10.485863,-5.405468,-3.5293813,-6.7403774,-9.984255,-8.24483,-1.7866535,5.5835676,10.073152
-553.1182,201.05138,126.11131,43.584923,-12.057137,-28.4526,-17.625229,-2.1186452,2.3946035,-4.882623,-14.627768,-18.052402,-13.821847,-6.9470267,-2.7868123,-2.410718,-2.8774369,-1.0342779,3.2177906,6.975787
-548.1788,206.13017,127.12239,41.664413,-13.973715,-28.408304,-15.829316,0.103558615,4.0359287,-4.3583775,-15.865256,-21.511755,-18.541317,-10.205336,-1.9286761,2.5915427,3.2099614,2.5020032,3.0417569,4.872198
-548.9467,204.76926,125.18842,39.356167,-16.178492,-30.121246,-16.893967,-0.33189836,4.0200367,-4.446906,-16.649239,-23.232283,-20.634922,-11.545607,-1.6617966,4.3987255,5.750122,4.9758587,5.1240997,6.4857388
-549.4404,203.18777,122.143684,36.21804,-18.010311,-31.273596,-19.348875,-4.6511307,0.10800868,-4.7855043,-12.616466,-17.336071,-16.31533,-10.148676,-1.8323984,4.7437925,7.302298,6.8037853,6.066598,6.50308
-551.8358,201.85822,125.58229,43.803467,-9.896261,-26.589596,-19.222366,-6.3901243,0.6493528,-0.13964245,-5.9760056,-12.585951,-15.429089,-11.814405,-3.6347961,3.3253126,4.632315,1.7704773,0.306108,3.2245598
-557.00653,195.70728,122.93436,46.27311,-3.1190257,-19.340128,-16.09912,-8.924036,-4.2587967,-1.8355559,-1.3612895,-3.7409198,-7.815265,-9.881218,-7.832985,-3.986617,-2.0458255,-2.0658987,-0.53808194,4.102444
-565.61816,185.30444,117.81906,48.08441,2.30092,-17.4892,-22.047415,-18.568008,-8.611042,3.6794925,9.70787,4.9201097,-5.1277976,-10.823658,-9.249775,-5.838542,-5.72954,-7.0522757,-4.718749,1.2940814
-557.34784,190.17197,110.090866,35.407364,-5.0571594,-17.96688,-20.96262,-19.555286,-11.620502,-1.7935809,0.49170643,-5.6756687,-11.0364,-9.182871,-4.4316897,-3.8175068,-6.4317913,-5.511804,1.1504204,7.788371
-549.2842,199.18857,114.233795,36.03586,-5.428534,-17.684269,-18.430079,-13.480417,-3.9970617,1.4996078,-4.9519377,-17.14974,-20.61601,-11.3609295,-0.2994876,1.985312,-2.3373737,-3.9965715,0.72686684,7.198742
-545.0201,205.41223,119.62024,37.884155,-7.935038,-21.080666,-17.998184,-8.645647,0.81727886,1.8721702,-8.926344,-22.09029,-24.027206,-12.818992,0.5002919,5.6470094,2.9785986,-0.35998675,0.51853913,4.5623736
-547.7532,204.3215,122.5135,39.52961,-11.458821,-26.278893,-18.582108,-4.2118473,4.348216,0.1478548,-13.808185,-25.58018,-25.046825,-13.431024,-0.46487325,6.019592,5.7253923,3.3656764,3.390794,6.261158
-551.11487,200.87982,121.134514,37.86783,-15.8735285,-32.794365,-24.12265,-6.929306,3.2276564,-1.4389409,-15.540579,-25.018967,-21.329315,-9.484452,-0.15317552,2.7899451,3.4054995,5.348975,7.500489,7.518809
-554.01624,199.09991,123.908615,43.085716,-11.863247,-31.707355,-25.146849,-8.127871,3.6117258,1.1477902,-11.757567,-21.70975,-19.118196,-7.986018,0.26646608,0.8259729,-0.88633376,1.1060094,5.39843,7.011098
-559.5747,194.08488,124.87927,48.48989,-5.567339,-26.739162,-22.155107,-7.3263674,2.9185224,1.4577792,-7.9053755,-15.002628,-13.60359,-7.082185,-2.990882,-3.7212815,-4.9406495,-2.3901114,2.8993976,6.7745285
-568.6524,185.04388,123.81027,53.11805,-0.6700517,-25.558432,-25.74544,-14.063196,-2.5827143,2.7379804,2.1087303,-1.3172679,-4.8746967,-7.6430073,-9.367866,-9.211324,-6.36495,-1.7632782,1.7976677,2.003531
-568.08527,183.86115,118.58873,45.750744,-6.0701203,-26.573463,-23.964714,-13.43643,-5.452008,-2.1774268,-1.3899562,-1.5168549,-2.947733,-6.000293,-9.139462,-9.807547,-6.8138447,-1.5829506,2.939555,4.4561396
-560.2963,192.48047,121.66788,43.94394,-8.83609,-25.99473,-18.583517,-5.857174,-0.6687651,-4.1659226,-10.222119,-12.907051,-10.7483425,-6.300551,-3.1198945,-2.792656,-3.7819254,-2.8298333,1.8591801,8.218628
-549.38763,203.96918,124.92708,41.576805,-11.016518,-24.799343,-15.054878,-2.3138695,1.931458,-2.7440557,-11.02071,-16.85825,-16.308926,-9.530845,-1.1245689,3.2889228,2.2868485,-0.024623662,1.1544784,5.525931
-544.49304,208.01141,123.21883,36.84735,-13.53754,-22.729988,-10.753077,0.21510783,1.190783,-5.0355535,-12.740189,-17.953178,-18.083948,-12.103485,-2.519956,5.2041492,7.360725,5.639321,4.632385,5.9342937
-545.34686,206.25569,120.30522,33.19133,-16.91281,-25.221622,-12.762589,-2.1139157,-1.4425533,-6.811536,-12.560267,-16.248539,-16.637642,-12.15152,-3.2953796,5.614933,9.74481,8.706167,6.5636625,6.498868
-546.7805,205.34532,122.052315,37.22295,-13.104357,-24.565092,-15.822996,-6.0627575,-2.4812121,-3.894626,-8.315693,-13.964861,-16.852314,-12.840654,-3.1339874,5.2796555,6.7614784,3.3159275,1.6846936,4.64491
-548.3258,202.83807,121.29399,42.291065,-3.2441328,-16.785954,-14.751122,-9.087051,-3.7372708,-0.33362734,-1.5592028,-8.292501,-15.331995,-14.650904,-5.6116505,2.5326116,2.5377452,-1.159071,-0.12684485,5.281129
-552.00586,196.28932,116.141716,45.141808,5.278052,-12.409817,-17.804077,-14.385887,-7.1775293,-0.3663771,4.65761,3.6403239,-5.9106874,-14.685799,-11.672608,-2.04113,0.95099616,-2.6677878,-2.7045822,2.0317547
-559.8214,187.97745,113.068344,44.872696,4.2341127,-15.416216,-21.53815,-16.754145,-6.8831463,2.0223293,7.5158706,6.04257,-4.00635,-13.289209,-10.825348,-2.07212,-1.2414668,-7.7390265,-8.274369,-0.10637437
-556.3114,190.54108,109.61892,35.791855,-5.272779,-19.792114,-20.49413,-15.064149,-9.550593,-6.876068,-5.6194577,-5.960046,-9.522803,-12.2285385,-8.434032,-2.1261492,-1.5831692,-4.3982,-1.3286788,7.0195646
-550.7677,199.26575,117.95803,39.229618,-7.9444985,-24.1199,-21.04351,-9.740688,-0.7500409,-1.0887527,-9.065088,-17.171625,-19.105911,-13.028069,-2.7154417,3.7041957,1.7535701,-2.7839637,-1.2494259,5.4060016
-546.67065,204.82687,121.17826,37.565205,-12.313238,-25.21952,-16.420242,-3.4544058,1.5896623,-4.242856,-14.437591,-20.002317,-17.95232,-11.432163,-4.0471044,2.1803188,5.4268436,5.178407,3.8398032,3.794361
-549.2847,203.08812,121.91917,37.006454,-15.74152,-28.1284,-15.913391,-1.4487567,1.757898,-5.974387,-16.03035,-20.914532,-18.992346,-12.396082,-3.7805367,3.971281,7.960772,7.746265,6.170307,5.738514
-551.36255,201.48825,122.69158,38.503986,-15.671804,-30.202263,-19.440237,-4.811784,0.60084486,-4.0075607,-12.366742,-17.80867,-16.941925,-10.388135,-1.741059,4.792989,7.136875,6.4799113,5.6403112,6.0924206
-554.47784,200.34125,128.30057,48.36337,-7.2182407,-26.624027,-19.584229,-5.017275,2.845403,0.4772641,-7.4509377,-14.038642,-14.913273,-10.118392,-3.2524383,1.4437227,2.34204,1.4492507,1.998102,4.75349
-558.13947,195.46375,125.56495,50.64914,0.18424878,-18.764969,-16.964977,-8.743744,-2.69912,-1.0562347,-2.5192325,-4.6905684,-5.965131,-6.5510488,-7.3269157,-7.7082024,-5.7686486,-0.96427226,4.2990074,6.7242627
-566.6049,185.24033,120.68328,52.94845,6.303075,-16.388298,-22.854954,-18.613956,-7.0935698,4.863283,9.245083,4.512833,-3.3774438,-8.392192,-9.836357,-9.691618,-8.119905,-4.2534623,0.46494928,2.821731
-559.4217,189.65503,113.40498,38.72207,-5.0434895,-19.243565,-19.392239,-15.171112,-8.729988,-2.835863,-1.6641437,-4.9824533,-7.9030733,-7.561802,-6.231926,-6.5507994,-6.89812,-3.8741019,2.2748652,7.1001873
-552.72626,198.27615,118.65405,38.342804,-9.20347,-21.334274,-15.513712,-7.7934446,-3.7007852,-3.4350019,-7.179304,-13.249449,-16.223473,-11.883207,-3.2961664,1.693722,-0.14773482,-3.339738,-0.83059585,6.5838633
-545.10297,206.62314,121.61052,36.96894,-11.16485,-20.726955,-12.043257,-3.7023764,-1.5631555,-4.1251564,-9.647455,-15.942585,-18.342468,-13.068499,-2.6489406,5.162981,5.367049,1.1789995,-0.10790537,3.8706431
-541.5656,208.16507,117.63359,32.603443,-11.369157,-18.032724,-9.942087,-3.3213122,-2.167799,-5.1167364,-10.695751,-16.996618,-19.882462,-14.969009,-3.4036467,6.691792,8.5648155,5.150196,4.2940383,7.0944376
-543.71564,204.85155,114.21148,29.885433,-13.624425,-21.346416,-15.003591,-8.587672,-5.2686768,-5.1640816,-8.688727,-14.368246,-17.420082,-13.168226,-2.8403478,6.2532973,8.754503,7.197668,6.8674383,7.7639093
-549.8301,201.22758,119.90343,39.22987,-8.705173,-22.76521,-18.568447,-9.9473295,-3.664176,-2.2768152,-5.794697,-11.49657,-14.876289,-12.464087,-4.955122,2.6559587,5.6601334,4.47974,3.4005508,4.6911035
-558.25464,194.80365,124.159775,49.1551,-1.2157474,-20.643976,-19.241186,-10.135998,-2.2574768,0.35142618,-2.3445177,-7.47754,-11.311675,-11.39043,-7.7000933,-2.6524222,0.5647048,0.9804951,1.0698829,3.5024
-565.6858,187.48958,123.44568,52.73151,1.6159772,-21.61576,-23.372923,-14.582584,-4.1185226,2.7220566,4.0047636,0.6163635,-4.800196,-9.078691,-9.841222,-7.0877905,-3.548613,-2.0168397,-2.0273204,-0.83208966
-565.9185,186.02884,119.11964,45.7072,-5.311272,-24.957905,-22.415562,-12.264336,-3.9785702,-0.17485319,-0.13067429,-2.5221071,-5.7312694,-7.877372,-7.8746223,-6.252975,-4.3828945,-2.9348397,-1.5116327,0.16057995
-562.0814,190.6063,121.16166,44.313175,-8.795715,-27.034767,-20.277042,-7.030442,-0.5963559,-3.353537,-9.963411,-14.0074,-12.661544,-7.5426574,-2.583622,-0.7382302,-1.6313093,-2.0077858,1.0194426,6.6671743
-552.4372,201.45961,125.694496,43.402824,-11.035908,-26.714996,-16.467878,-1.819159,3.0026352,-3.1163406,-12.805517,-18.26334,-16.382736,-9.263296,-1.6431283,2.5991583,2.9038432,1.8573779,2.3777833,4.670223
-547.3466,205.78052,124.25895,38.920715,-13.337303,-24.426628,-11.9402485,0.86376476,2.2135282,-5.6749725,-14.790659,-19.312498,-17.762783,-11.508902,-3.339112,3.4663355,6.727248,6.8233957,5.9677906,5.546828
-547.8775,204.4548,121.81328,35.88616,-16.15461,-26.939747,-14.680426,-2.2224886,-0.3663743,-6.6606894,-14.061018,-17.924603,-16.898865,-11.3812275,-3.2513723,4.132865,7.8528514,7.894866,6.815261,6.4947596
-551.2031,201.53741,122.942856,40.015015,-13.011743,-28.218145,-19.684948,-6.6982875,-0.83430845,-3.5478954,-10.484516,-16.213957,-16.747608,-11.042906,-2.1431499,4.330616,5.1559486,2.9848256,3.0266902,6.283469
-556.8305,197.05199,126.69563,50.530445,-3.2335126,-25.22293,-21.460049,-6.9883175,2.4353068,0.5880517,-7.1862564,-13.0704975,-14.058492,-10.47958,-4.1746216,0.43720746,-0.03276498,-2.044206,0.8356687,7.4945216
-562.00214,190.72833,124.19994,54.17453,4.2957296,-20.123524,-23.308365,-14.257832,-3.8873491,1.731595,2.7704754,-0.27941453,-6.9820485,-12.22463,-10.502796,-4.6679416,-1.6464299,-1.3171489,1.1131613,4.5643826
-560.5909,188.02306,113.37302,41.901978,-1.1777389,-18.095547,-19.203072,-12.047488,-3.2713366,2.1286721,3.335266,1.1746483,-3.5801163,-7.9652605,-8.599152,-6.610737,-5.4266706,-4.703678,-2.255148,0.37171185
-555.61285,190.36942,107.19527,33.07041,-5.0057354,-16.828522,-18.758972,-15.421391,-8.21318,-3.3472104,-5.4443626,-11.058591,-12.987171,-8.658141,-2.8126602,-1.9582243,-6.0203524,-7.5968375,-1.6451833,7.24364
-546.55096,201.1271,112.86565,33.620667,-6.588516,-17.27095,-16.893734,-11.61307,-3.3922386,0.09714873,-6.7451186,-17.738651,-21.048382,-12.996592,-1.4591436,3.807284,1.2738101,-2.5897279,-1.7979023,3.0010483
-544.3383,205.28952,117.73779,35.832737,-8.3506775,-19.29642,-14.864183,-6.465509,-0.10357982,-0.97638535,-9.745087,-19.651344,-22.099438,-14.445775,-1.9471657,6.8971853,7.576663,3.2866654,0.8744302,3.0100217
-547.35803,203.32056,119.54968,37.690655,-10.414066,-24.068924,-17.68325,-5.6183376,1.4205064,-1.5096791,-11.256939,-19.983461,-21.49244,-14.224668,-1.7427127,8.420758,10.369263,6.063418,3.0000916,4.963111
-550.3173,200.55124,119.67613,39.12867,-10.976382,-27.877415,-22.488634,-8.835503,-0.06715717,-1.9779832,-10.150584,-16.897953,-18.003193,-12.467359,-2.218916,6.7134695,8.778948,5.544343,3.2731833,4.7074533
-552.6496,199.73074,123.92079,46.56079,-4.1251497,-23.588583,-20.396225,-8.097528,-0.022778219,-1.215595,-6.9879146,-11.64905,-13.59831,-11.999173,-6.3255863,0.09049879,2.8753333,2.6867652,3.0304484,4.231997
-558.7045,194.32721,124.728455,51.564716,2.0452056,-18.292381,-18.378187,-10.807106,-4.6082363,-2.0366752,-1.3992145,-2.3196666,-5.4706283,-8.9285555,-9.665571,-7.650654,-4.4425063,0.039148804,5.1729813,7.224068
-566.7222,185.97412,122.104004,52.458775,3.3259249,-18.472378,-21.082378,-14.875141,-5.7840157,2.6580362,6.612782,3.9634702,-2.7411942,-8.152815,-9.3519,-7.8811083,-6.351636,-4.754154,-1.5721033,2.3496938
-562.90826,188.04575,116.84,41.63611,-6.971471,-22.793003,-18.965254,-11.050411,-6.162217,-4.289879,-4.1825457,-5.3916154,-6.844363,-6.896902,-5.520835,-4.6267276,-5.1123743,-4.809405,-1.0598798,4.908423
-558.84015,193.71725,121.269356,42.518425,-10.386906,-27.577526,-20.409317,-7.275686,-0.50649303,-2.635438,-9.773528,-16.098675,-16.994022,-11.453247,-3.1060548,2.2289124,1.7181418,-1.5395477,-1.7127742,3.175741
-552.21704,201.43253,125.06676,42.58036,-11.64793,-27.337622,-17.573654,-3.2166252,2.240438,-2.754507,-12.28894,-19.294056,-19.359272,-12.283718,-2.1038136,5.220957,6.197115,2.7831032,0.3772539,2.1238081
-551.25195,202.43332,125.01727,41.240456,-13.444857,-27.910652,-15.901232,-0.33445284,3.815076,-4.092902,-15.508804,-21.740496,-19.522478,-11.187004,-1.6875417,4.7821484,6.951476,6.5369053,6.142974,6.559847
-552.8402,200.1937,122.81377,39.045197,-15.878942,-30.972212,-19.679733,-4.227012,0.92806476,-5.0368013,-14.361418,-19.176105,-16.619213,-8.963009,-0.743184,4.5638304,6.4548264,6.870447,7.700434,8.619612
-552.2411,201.2955,125.14988,43.82523,-9.05426,-24.965353,-17.640232,-6.2087326,-1.4247392,-3.7645993,-9.021699,-13.14378,-13.651444,-9.994739,-4.0592337,0.82101417,2.7697651,3.1457233,4.500909,6.8382115
-554.5422,198.05296,123.58886,47.314163,-0.00317844,-15.445768,-14.175768,-9.736807,-5.9810038,-2.7315996,-1.7203301,-4.6895275,-9.380342,-11.220134,-8.64114,-4.3512306,-1.1534609,1.291314,4.4180326,7.1394367
-560.33997,190.87683,120.23244,49.952152,6.1832256,-12.2272835,-17.845123,-17.083231,-10.230739,-0.20779604,6.1898775,4.8266,-1.9596739,-8.449523,-10.732213,-8.933546,-5.609047,-2.4426198,1.0395589,4.8087087
-558.43567,189.82312,112.23691,39.00743,-2.081086,-15.623419,-16.840252,-12.908997,-5.7013474,0.5854672,1.7535388,-1.427953,-5.057062,-6.603961,-6.00378,-4.8631315,-5.229807,-6.589264,-4.855429,1.7573813
-551.9008,193.2015,107.17827,33.72163,-3.9808981,-17.331203,-18.349318,-12.071411,-5.201708,-2.9736462,-5.2095675,-10.390887,-15.347887,-13.882032,-5.0840178,2.4020627,1.8468382,-2.4696183,-2.5446723,3.275926
-543.595,202.89917,112.94479,36.27597,-3.8907297,-17.850086,-16.244158,-7.336504,-1.6162057,-2.0760279,-5.509035,-12.535038,-20.445457,-17.777706,-2.6439388,9.101017,7.0922146,0.2568263,-0.89970934,2.2584662
-544.7401,205.37073,119.19011,37.37786,-8.615765,-19.571085,-11.6008835,-1.8990532,-0.01285743,-3.9992201,-8.888841,-14.915336,-20.33545,-16.754002,-2.710479,9.330717,9.997436,5.293046,3.949939,5.1630163
-550.05164,202.66641,122.94189,39.23739,-13.163113,-26.29523,-15.80118,-2.8438761,1.0564857,-3.518906,-10.799137,-16.062103,-16.51915,-10.931458,-1.2765577,7.146058,10.039688,8.197155,5.932901,5.9384117
-553.28906,200.37482,125.040436,43.39007,-10.834476,-27.44941,-19.048706,-5.637598,0.13557117,-2.9495559,-9.616552,-14.336671,-14.231869,-9.336088,-2.1291003,3.711958,5.779755,4.9186254,4.2216263,5.477396
-555.57086,198.41971,126.45734,48.82882,-2.9599736,-20.468882,-15.915461,-6.6186213,-2.2038925,-3.090212,-6.130938,-9.025343,-10.601854,-9.969544,-7.063443,-3.2883317,-0.3264773,1.7071574,3.983834,6.5656223
-564.2643,190.15558,127.4727,57.832237,6.996539,-17.313942,-22.179272,-17.50951,-8.92514,0.3993094,6.045287,3.9000795,-5.0347056,-13.8979225,-15.666065,-9.45199,-0.64870745,4.7033186,4.8689303,2.1270182
-566.4382,186.39285,121.73825,49.74131,-1.5914941,-22.4113,-20.50359,-10.008946,-1.0999899,2.7233114,1.9856123,-1.457919,-5.3414164,-7.684583,-7.9745326,-7.334038,-6.8715696,-6.142396,-3.9955812,-0.90535486
-565.9903,185.95929,118.47198,43.30104,-9.16318,-27.526608,-21.089539,-8.197177,-2.2110019,-5.1838083,-11.16316,-13.736961,-11.219718,-6.656613,-4.1908274,-5.2761917,-7.548133,-7.031831,-1.9223678,5.248184
-557.1334,195.82948,122.367744,41.952408,-12.377173,-29.282635,-19.699348,-4.016929,2.3682115,-3.6267939,-14.601649,-20.636768,-17.470417,-8.90186,-1.9892751,-0.19060071,-1.2712533,-1.1553059,1.4510647,4.478574
-548.3345,203.1564,120.51027,37.26258,-11.951595,-23.620531,-14.677372,-2.9375362,1.6374078,-3.6584847,-14.86031,-22.729357,-20.025517,-9.232697,0.04679106,2.2792168,1.3391954,3.2535172,7.2707515,7.727623
-546.43195,203.76947,117.82442,34.579903,-11.757724,-22.294855,-15.912661,-6.7983727,-0.8944216,-2.229147,-11.700761,-21.874508,-22.015282,-10.644637,1.9812953,6.254793,3.929367,3.3144202,7.1359434,9.954275
-548.86505,200.4716,115.8333,34.217453,-12.676933,-24.808666,-19.31029,-11.406158,-5.6128764,-3.246716,-8.095637,-17.0576,-18.901917,-10.047363,1.0113609,6.2288713,5.050192,2.690596,5.0626965,10.389124
-551.157,199.4935,119.46113,41.069267,-5.282764,-18.769072,-16.00934,-11.816406,-8.47752,-4.072912,-2.8365111,-7.9288177,-13.663978,-13.302967,-6.8558955,0.5137413,3.2092638,1.6903021,2.6531749,7.3452377
-557.8989,193.25858,120.19161,48.066452,4.462285,-12.647078,-18.092276,-18.632202,-12.273833,-0.85329044,6.1785946,1.987714,-8.892953,-15.539453,-12.56717,-4.3814354,1.6414572,3.159719,3.002853,3.502285
-563.1208,187.57481,117.60565,46.599777,1.7151039,-16.231413,-19.72707,-16.498096,-7.593068,3.3046021,7.835208,2.1402817,-7.1917696,-10.480001,-6.3656244,-2.1511242,-3.241518,-6.303246,-4.797183,1.4264443
-564.04016,185.85693,113.94685,39.473198,-7.3693132,-22.294998,-19.099918,-11.777916,-5.980279,-2.6410327,-2.684681,-5.9162197,-8.900493,-7.9240885,-3.9190302,-1.7743325,-3.9171934,-6.5788393,-4.2295084,3.0841494
-560.7561,191.60141,120.45911,42.74108,-10.00785,-27.662235,-20.81775,-7.394062,0.023375992,-1.7944967,-9.402536,-16.738762,-18.454165,-12.933195,-3.8335752,2.3575604,2.0171764,-2.0102758,-3.3503947,0.9046609
-554.92267,199.0144,125.42702,44.4089,-10.585091,-27.652138,-17.918423,-2.3365204,3.7863746,-2.1758723,-13.257866,-20.627277,-19.704475,-11.870699,-2.3038836,3.9479532,5.155614,3.3697603,1.966771,2.4442756
-554.56964,199.96442,126.88741,45.153465,-11.4889965,-29.298758,-18.282726,-0.6347511,5.9611926,-1.8651512,-15.291632,-23.082401,-20.363083,-10.484312,-0.4546697,5.02162,6.083498,5.775913,6.316246,7.1173563
-557.17694,197.07262,125.55962,44.493034,-13.26903,-33.23421,-23.678602,-5.565895,3.2365592,-1.8966987,-13.400511,-20.519289,-18.08648,-8.872246,0.56622005,5.7149334,6.684191,6.3793902,6.9434633,7.9404354
-558.99805,196.15788,128.36896,50.307938,-7.31657,-29.956024,-23.834633,-7.5569067,1.952526,-0.86364025,-10.301859,-17.005829,-15.997471,-9.25615,-2.291085,1.1501887,1.5428764,1.820527,3.8098817,6.3975987
-562.5682,192.85336,129.33896,55.72368,0.26354364,-23.609985,-21.173954,-8.531031,-0.120359294,-0.72209424,-6.2014523,-10.136772,-9.829697,-7.2366085,-5.499858,-5.298731,-4.5175695,-1.0513599,4.402771,8.42602
-565.6006,188.50471,125.91875,55.28942,3.0122929,-20.664944,-21.465117,-12.34557,-4.0833745,-0.36518753,0.6613192,0.9109576,-0.64644337,-5.220867,-10.376711,-11.435476,-6.6615996,0.637,5.372131,4.8940935
-562.5538,187.89117,116.00346,41.523064,-5.925927,-21.286873,-16.592535,-6.6050434,-0.5531117,-0.28987288,-2.3312566,-2.8957636,-2.0534432,-2.4509237,-4.965717,-7.518012,-7.6742,-4.7888045,-0.29035595,2.679262
-559.02356,189.95403,112.618355,35.588142,-10.5107,-23.326004,-16.97005,-6.785101,-2.2431283,-4.8152213,-9.891264,-12.602503,-11.45347,-7.1309366,-1.7344246,0.90480196,-0.95645326,-2.801794,1.0818225,8.454378
-550.78674,199.49834,117.96483,37.85785,-9.694666,-23.089125,-16.09072,-4.1389275,1.3630953,-2.5882416,-10.730899,-16.597496,-17.039728,-10.906434,-0.26916054,7.2857714,5.674531,-0.2915215,-0.5536223,5.611715
-546.7469,202.48215,117.03345,37.545906,-6.889612,-20.436298,-16.5612,-5.3556986,2.8755808,0.298387,-10.606407,-20.022858,-20.795568,-12.357069,0.43440494,9.373777,9.212629,4.093573,2.6893477,6.543131
-544.9112,202.14212,112.60007,34.41777,-5.624387,-19.400608,-20.99339,-12.586552,-0.25729138,2.59136,-7.592825,-18.991055,-19.91966,-10.57247,1.4593946,9.291475,10.054995,6.423215,4.7455006,7.5499735
-546.4738,202.09561,116.13841,38.9309,-2.3132844,-17.383463,-20.87248,-15.23694,-3.6098008,2.2795854,-4.4764304,-15.56236,-18.195303,-10.4674225,-0.6059956,4.3536253,4.124049,2.5542173,3.4304752,6.92792
-553.34436,198.80959,123.60353,48.9153,3.0092592,-14.556746,-16.856567,-12.309781,-4.661909,0.6069034,-1.4746426,-8.739601,-13.423096,-11.185034,-5.5021744,-2.1623542,-1.8465703,-0.2963977,4.84293,9.775894
-565.6438,189.51367,129.60011,61.783653,10.382519,-16.10786,-22.69007,-18.02636,-8.393649,1.5669076,7.0012712,4.669877,-3.799393,-12.327917,-15.056971,-10.678976,-2.5300908,4.629257,7.5905685,5.647746
-566.96625,186.88171,124.50427,53.123352,-0.09580517,-23.062862,-20.706957,-7.362108,3.316348,5.2031126,0.6825055,-3.9666114,-5.012678,-3.9524646,-4.2859287,-6.6201444,-8.039909,-6.100088,-2.0407887,0.6595316
-566.4725,185.63803,119.30652,45.48502,-6.9962883,-27.094273,-21.901978,-7.758876,0.4399833,-2.6710145,-11.313593,-15.567881,-11.601999,-4.718648,-2.157895,-4.814149,-7.5381966,-5.9647484,-0.60750127,5.08484
-560.1157,193.3806,123.31088,44.413456,-11.398566,-30.619816,-21.577785,-4.464764,3.436441,-2.4824705,-14.589462,-21.740463,-18.82745,-9.646588,-1.7927126,0.5844903,-0.72640526,-1.4313626,0.54389447,3.6552682
-554.1323,199.77069,125.414925,43.754417,-11.4499855,-28.01748,-16.949951,-0.09403601,5.547655,-2.9329948,-16.126732,-22.537685,-18.424805,-8.969936,-1.2888854,2.165071,3.4415228,4.691076,5.7904935,5.5774136
-555.1015,199.30629,126.3819,44.65315,-12.118594,-29.966667,-18.770947,-0.87642115,5.841544,-1.86078,-14.7805,-21.579407,-17.933025,-8.020495,0.9130662,4.9397135,5.3658476,5.664819,7.2876053,8.446968
-556.6977,197.02563,124.31123,43.33144,-12.63468,-30.670006,-20.998669,-4.769703,2.0439053,-3.057838,-12.242694,-16.60725,-13.259093,-5.7202187,0.7163395,3.6693316,4.6036334,6.112824,8.711318,10.246435
-555.9006,197.62553,125.51004,48.620796,-2.8681383,-21.892208,-19.077034,-8.824511,-1.222019,-0.77956057,-6.371796,-12.160187,-12.510429,-7.7434006,-3.3326101,-2.612814,-2.5233712,1.5486189,8.412747,11.584387
-561.79297,191.81377,126.384674,56.994278,8.410792,-15.548569,-22.305176,-18.344248,-8.290731,1.2873038,4.092792,-0.32562855,-6.921027,-11.179093,-12.217577,-10.201904,-4.419305,4.11037,10.469498,9.427797
-560.9873,191.2407,121.65907,48.452835,-0.170077,-18.901922,-17.991262,-9.810974,-2.573321,0.11393729,-1.0931051,-3.0133924,-3.7911987,-4.6232977,-6.840829,-8.917263,-8.135231,-4.2455344,0.19834268,2.4720545
-561.8755,187.62483,114.463394,41.12468,-5.0242796,-21.341843,-17.846828,-7.2885,-1.2075815,-3.6377487,-8.629086,-9.154411,-5.933713,-3.9355235,-4.7273245,-6.6196804,-8.372146,-8.724865,-5.5692263,0.8417289
-557.0137,192.55533,115.50911,38.90704,-9.637477,-26.72174,-20.566607,-5.7073216,1.4452667,-4.270504,-13.458968,-17.073921,-15.709129,-11.784288,-4.895794,1.6936517,1.9154348,-2.5196562,-2.9284582,2.9366574
-554.4608,197.95168,123.185394,45.173218,-7.3721733,-27.143276,-21.076252,-4.537265,5.3196163,1.0106885,-11.547216,-21.923431,-23.26425,-13.914539,0.63798356,9.097124,5.8671875,-1.05953,-1.0347447,4.665457
-553.85406,199.7655,125.43494,45.29683,-8.74854,-26.861948,-19.072695,-3.5612137,4.870449,0.9629803,-11.130476,-21.97615,-22.960175,-12.680428,1.2461421,8.854494,7.449052,3.3539097,3.577128,7.4092402
-555.99316,197.23509,123.67851,43.57733,-11.073024,-29.81348,-22.660458,-7.7448263,1.1593815,-0.37775755,-9.165825,-17.757872,-18.68194,-10.237025,1.4424224,8.323979,8.18678,5.4060574,5.174819,7.8956823
-559.0931,194.8436,125.32004,47.839912,-7.0226297,-27.871723,-23.098186,-9.679988,-1.0332245,-1.5714538,-8.102823,-14.210632,-14.841633,-9.582624,-2.5601459,1.595503,2.123714,2.1954641,4.6148486,8.0767765
-563.1282,191.32718,126.84236,53.974182,0.74401844,-21.959068,-21.170391,-11.474756,-3.9275577,-1.9267547,-3.7171946,-6.50792,-8.556248,-9.20225,-8.363272,-6.191906,-2.848561,1.4216182,5.7181997,8.124844
-566.3667,187.63934,125.22545,54.242847,1.6006589,-21.875835,-22.242441,-12.825472,-4.0562057,0.26007444,0.76689184,-0.84969944,-3.37367,-5.9407053,-7.728505,-7.965898,-6.097845,-2.2040913,2.3473172,4.9156013
-567.16394,184.5647,118.108215,44.78471,-6.0160494,-24.325016,-19.473314,-7.7471313,-0.2037665,0.937859,-1.4212657,-4.018855,-5.205606,-4.8436894,-3.9191246,-3.8938117,-5.269315,-6.5141764,-5.2398906,-1.124263
-566.1617,185.94043,118.63779,42.820522,-11.00638,-30.151016,-22.611492,-6.957399,1.4598627,-1.6341395,-10.69756,-17.241531,-16.455008,-9.671999,-2.2136674,1.1611302,-0.15731364,-2.5918357,-1.8996496,2.7042553
-554.5525,197.75876,121.55534,41.145767,-10.622385,-25.961605,-17.42889,-3.1459203,3.6913888,-1.3241434,-13.306299,-21.745644,-19.215345,-8.382693,1.0880393,3.1011744,0.7191212,0.5138177,3.8557467,6.263752
-547.91675,202.73874,119.36675,38.27792,-8.288744,-20.861174,-15.203727,-4.0600214,3.6966429,0.6190319,-12.667494,-23.956833,-21.464863,-8.009431,3.010231,4.6174307,2.591424,4.3836393,8.6633625,9.300337
-547.3776,202.34186,117.32829,36.567253,-8.709649,-21.839302,-18.567738,-8.627525,0.83085287,0.7861239,-10.437487,-21.152248,-18.929047,-6.12059,4.251148,5.626437,3.607654,5.1791735,9.450586,11.111197
-550.3503,200.2627,119.47209,41.039207,-5.3318377,-21.15186,-20.03796,-11.460003,-2.5829644,-1.0689418,-8.186655,-15.592046,-15.0074625,-7.7140865,-0.8465399,1.9479239,2.356058,3.0770545,5.4126143,8.8176
-554.0814,197.41574,122.3621,49.265335,4.413044,-14.38912,-18.319204,-13.35013,-4.605953,-0.11934682,-3.4016695,-9.072006,-10.8221245,-9.065411,-7.262509,-5.546104,-2.153145,2.4222736,6.445688,9.097596
-560.32574,190.99884,122.58631,56.895576,14.255091,-10.042275,-22.764992,-22.71167,-10.982458,2.6230445,7.8042006,3.3698816,-4.1677494,-9.362711,-11.868669,-11.920791,-7.060603,2.7806096,11.016193,10.607294
-562.20087,188.80847,119.05875,48.191147,1.9092886,-17.776115,-19.409355,-10.577011,1.3195381,7.4568267,3.4554086,-5.1632195,-8.367428,-3.697936,0.66626334,-2.5859447,-9.303512,-9.7781,-2.5169225,4.1685705
-565.0377,185.6983,116.10568,42.23671,-6.626669,-23.72848,-19.500805,-8.095297,0.25565058,0.51976633,-6.328716,-13.4141445,-13.361401,-6.0755095,0.6291277,-0.027747741,-5.6501293,-7.704211,-2.0157452,6.4090843
-560.7243,191.77255,120.47964,41.70976,-12.283934,-29.76455,-20.899837,-5.383563,1.9521055,-2.1914034,-11.955769,-18.996178,-18.332222,-10.818996,-1.7743806,3.225895,2.6323228,-0.19176461,-0.5736834,2.6141734
-555.81433,197.43274,123.42938,42.78625,-11.077575,-27.297403,-17.765657,-2.9261856,3.0799124,-2.0595114,-12.3628845,-20.000256,-20.00833,-12.357395,-1.5846766,6.180965,7.6549735,4.827139,2.6190102,3.624538
-556.07336,197.5021,124.36785,44.064274,-10.641397,-28.52589,-20.24612,-5.1706376,2.4345713,-1.0004658,-10.673676,-18.758615,-19.31689,-11.549568,-0.17274648,8.036411,9.584562,6.804617,4.81423,5.869873
-557.3448,196.07845,123.989746,44.907692,-9.4526615,-28.66998,-22.810686,-9.343258,-0.97602373,-1.6173109,-8.396673,-15.213705,-16.371288,-10.213174,-0.60414565,6.1673784,7.108669,5.027506,4.7767744,7.3872375
-559.7376,195.22688,128.67343,53.80356,-0.53921366,-23.313765,-21.63296,-10.34899,-1.506552,-0.06159581,-4.8391666,-11.23004,-14.232824,-11.614769,-5.4871554,-0.2913015,1.5240347,1.6534461,3.2838616,6.6190095
-564.7636,190.479,129.97046,61.50556,9.294674,-17.933243,-24.11657,-17.402102,-5.83185,3.0683074,4.173213,-1.9070795,-9.301733,-12.408853,-10.549032,-6.6314025,-2.6304326,1.7135754,6.0587144,7.748204
-564.7252,188.99988,125.2888,54.826286,3.6636376,-19.865833,-21.628437,-11.935516,-0.2845574,5.8693476,3.4886484,-3.764113,-8.696746,-7.9241085,-4.8064203,-4.0726967,-5.3842897,-4.5980797,-0.58592933,2.4078708
-562.60284,187.70752,115.94327,42.52275,-3.4564896,-18.799767,-16.261385,-8.380346,-2.0620623,-0.8075192,-4.672414,-8.952194,-8.317884,-3.6211734,-1.3723938,-5.08714,-10.059599,-9.117836,-1.7529479,5.3372197
-558.3213,192.1235,116.10486,37.680298,-11.410877,-25.79074,-18.635567,-6.3772173,-0.2786199,-3.9438238,-12.915979,-18.600101,-16.277735,-9.140311,-3.4333434,-1.4901885,-1.2585156,-0.55167764,1.0604289,3.3235621
-551.29614,199.89883,120.07184,40.097977,-8.579479,-23.167633,-16.699839,-3.676716,3.7058568,-1.2583691,-14.032223,-22.111256,-18.546202,-8.645179,-1.1509616,1.9705757,3.523734,4.2529173,3.4524791,2.816299
-549.4433,201.48967,120.62364,41.73613,-6.0001154,-22.640066,-18.92324,-4.9536886,6.1766186,2.380274,-13.45526,-24.232304,-19.184639,-5.963483,2.189952,3.1409292,3.4536738,6.0218253,8.038315,7.6753197
-552.4687,198.29065,119.64195,41.99371,-6.684221,-25.60893,-23.587086,-9.527006,3.3589272,2.2899213,-10.716261,-19.768654,-15.002605,-3.522791,3.0671597,3.6036754,4.3015757,7.431842,9.900286,9.518688
-558.62726,194.99042,125.70893,50.773117,-2.1058826,-24.8923,-23.91558,-11.310162,-0.19614704,0.8546175,-6.6458282,-13.585512,-13.311114,-7.5477242,-2.0656238,0.35717356,1.1802057,2.847567,6.120969,9.211269
-563.3424,191.68011,128.9937,58.15049,5.4217634,-19.360256,-21.865536,-13.684505,-4.417388,0.5857626,-0.23375587,-5.040417,-9.803522,-11.2361145,-9.177842,-5.6676264,-1.9797252,2.28863,6.926118,9.318828
-563.62665,190.85063,127.0974,55.299194,2.7980914,-20.184395,-20.407192,-11.225983,-2.776281,1.016018,0.39451802,-2.7217693,-5.9879446,-7.612699,-7.309117,-6.038585,-4.4676137,-2.1540935,1.1371973,3.727456
-565.8716,186.13046,119.19488,45.778473,-4.4530783,-21.891888,-16.578918,-5.269942,1.1149672,0.9853238,-2.095193,-4.6276484,-5.3163176,-4.7036495,-4.227976,-5.149626,-7.2517734,-8.44374,-6.527043,-1.9552625
-564.211,187.04419,116.723694,40.099876,-11.263441,-27.326538,-19.386879,-6.276718,-0.47261176,-3.618154,-10.608599,-15.63443,-15.623067,-10.956811,-4.733337,-0.7771572,-0.77516615,-2.687957,-2.6067166,1.0922699
-556.47614,195.91957,121.0605,40.81247,-11.200136,-25.70192,-16.306837,-3.3770394,0.8600112,-4.0855145,-12.326355,-17.926067,-17.786621,-12.037518,-3.6591008,2.9934971,5.07704,3.4537766,1.5778081,1.7794807
-552.0865,200.28989,122.28377,41.39073,-8.699108,-22.180553,-14.537827,-3.7845573,0.8642289,-1.8652487,-9.573761,-17.496954,-19.657764,-13.195173,-1.9292729,6.5854692,8.373898,6.209093,5.006893,5.665468
-554.13367,198.31229,122.718414,44.074203,-6.695468,-24.60037,-21.516857,-10.350561,0.13694073,3.0901659,-4.4555216,-16.474627,-20.943176,-11.963597,3.103685,11.614622,9.527333,4.210356,3.8168497,7.686971
-555.0699,196.90234,121.894196,45.138878,-4.138075,-23.012144,-22.606575,-13.160758,-2.4399514,1.5050132,-4.8690763,-14.756636,-16.754868,-7.9905977,2.4743752,5.1084843,1.3518703,0.3767962,6.237094,12.559875
-556.01447,195.60672,122.29999,49.973545,4.3446627,-15.858447,-20.442953,-14.56604,-3.9760118,1.2120664,-3.754547,-11.415861,-12.118389,-6.944805,-4.269185,-6.2914157,-6.2992673,0.55252963,9.834584,13.346243
-559.94257,192.14052,123.74637,55.391533,9.225731,-15.344933,-23.773422,-18.518444,-6.106486,2.6275616,2.8665328,-1.2262226,-5.217635,-9.237571,-12.716864,-11.281051,-2.9096258,6.7979107,9.77659,4.509057
-559.8752,190.16656,117.25581,45.369755,-0.370777,-19.031681,-18.2037,-7.2306356,1.7034171,1.1877234,-3.886353,-4.798696,-1.8815764,-1.8991631,-6.249586,-9.309691,-7.220626,-2.4867759,0.45898896,0.41142368
-561.0271,186.81042,110.79635,37.795765,-6.4912004,-22.686811,-19.199398,-6.0248585,2.2823393,-3.1193101,-13.761685,-15.22563,-7.370594,-2.1740365,-4.731041,-8.242615,-6.914414,-3.0472379,-0.106113955,2.4477484
-557.2279,192.55052,115.74252,38.77804,-10.347783,-28.219236,-22.51187,-5.927312,3.985601,-3.0746484,-17.889496,-23.071459,-15.553946,-7.1371098,-4.924186,-4.0890465,-0.53413874,2.0059905,0.85081625,-0.17382123
-555.66034,197.40396,123.51967,43.80758,-9.982398,-27.681137,-18.737865,-2.0523748,5.281492,-2.1258876,-15.646971,-22.423689,-18.261435,-9.241054,-2.2214801,1.7540863,4.41767,5.7334194,5.0341034,3.4635115
-558.4005,196.33076,127.047195,47.8751,-9.428644,-30.197163,-21.638851,-3.8649178,5.1551566,0.023179676,-12.214157,-20.4779,-18.76059,-9.335115,0.89422077,6.5732355,7.2907395,6.185213,6.0383587,6.7440186
-560.6593,193.71881,125.84826,48.04512,-8.924528,-30.839672,-24.30888,-7.987513,1.5031557,-1.0762805,-9.983628,-16.04743,-14.424752,-7.0502033,0.64320314,4.8108387,5.6656766,5.9213896,7.392356,9.135759
-561.70557,193.44754,128.79501,54.76763,-0.25449687,-23.89177,-22.074532,-10.12801,-1.3088863,-0.60591197,-5.543494,-10.765332,-12.383111,-9.920619,-5.5993605,-1.9632837,0.2834197,2.3818197,5.428022,8.290033
-565.02594,190.05597,129.30672,60.664795,9.120648,-16.647987,-22.365028,-17.691101,-9.016415,-0.004751995,5.371708,3.5717244,-4.7308617,-13.573623,-16.039875,-10.050033,0.18669334,8.0991,9.797939,5.879977
-562.5811,191.03603,124.572556,51.16066,-0.17168552,-19.856762,-17.11285,-7.3626738,-0.5764351,1.3822931,0.53287816,-1.4381882,-3.8437958,-5.8565454,-6.3851185,-5.1071777,-2.9110808,-1.0556049,-0.17884988,-0.24473387
-565.9221,185.637,117.99928,44.53076,-4.982152,-21.602295,-15.905138,-4.6807275,1.1546822,-0.09184775,-4.4372396,-7.1821995,-6.1457024,-2.7333903,-0.6665528,-2.5461144,-6.766909,-8.453581,-4.474788,2.6440473
-561.24384,188.38324,114.10078,38.235336,-10.409596,-27.623241,-22.98637,-9.019283,1.7190403,0.8103746,-9.829832,-19.647108,-19.720245,-10.479004,0.06899044,4.1226673,0.9165733,-2.9943986,-1.1510811,5.066913
-549.6107,197.38538,112.13993,37.08812,-3.8483772,-20.719843,-22.467573,-10.059761,4.908316,4.3091288,-11.899197,-24.655802,-21.518648,-9.076612,0.88016474,4.63059,4.3667393,2.9390473,2.9495716,4.7987843
-547.45496,199.7105,113.44503,38.531845,-1.955055,-19.834229,-23.413567,-11.155516,5.653158,6.133004,-11.268276,-25.269114,-21.208778,-7.171195,2.575025,5.1884804,5.412822,5.818441,6.602275,7.743432
-551.94336,196.72559,115.480316,40.25218,-4.179004,-23.545414,-25.945423,-13.91878,1.6045837,3.8881102,-8.770258,-20.00671,-17.356627,-6.0087748,2.612289,5.5667877,6.645898,7.74755,8.248741,8.600721
-556.28033,195.02582,121.96846,49.61618,0.97399753,-22.773285,-25.099068,-12.72459,-0.54203516,-0.31651455,-8.240862,-13.273124,-12.198816,-9.068571,-6.0004473,-2.045196,2.3699093,5.286255,6.2268734,6.600264
-560.80475,191.87698,125.740814,58.36828,9.5922785,-18.191786,-25.196096,-15.720398,-3.602999,-0.2472016,-2.88807,-4.1775007,-5.205735,-9.853205,-14.171814,-11.130444,-1.4092469,7.568798,10.477369,7.5919924
-561.92303,191.95966,126.71389,55.62417,3.6803546,-20.885654,-21.708542,-9.826059,0.44142744,1.0979495,-3.5850768,-5.2964497,-3.4321828,-3.459894,-6.6520314,-8.367502,-5.668953,-0.7581346,3.0620449,4.161347
-566.8024,185.8991,121.00975,48.2819,-3.4294982,-22.717026,-17.181503,-3.6045384,4.245428,2.544188,-3.543945,-6.6207075,-4.165002,-0.20951732,-0.32635462,-5.256867,-10.087492,-9.729727,-4.3550596,1.1321243
-565.6143,186.17857,117.94858,42.048,-10.657487,-28.353512,-20.161541,-4.950874,2.5082636,-1.2833838,-10.376858,-16.399267,-15.128166,-8.628532,-2.3525,-0.08601825,-1.1115992,-1.8496274,0.037930965,3.3831217
-561.05597,192.57104,123.7233,46.03368,-9.170073,-28.606274,-20.366653,-3.85465,4.55194,0.14783484,-11.021885,-19.425312,-19.338253,-11.646439,-1.7012804,5.07644,6.540312,4.3137703,1.765183,1.2153692
-555.8932,198.10574,125.61825,45.730637,-8.553856,-25.484505,-16.16388,-1.3179293,4.3230367,-1.2130878,-10.999656,-17.293001,-16.755283,-10.666413,-2.4561186,4.5712786,8.403066,8.755967,6.8929305,4.5932255
-554.8921,198.51764,124.35129,44.281883,-8.702463,-25.1588,-17.66875,-5.2851505,0.4316706,-1.6101339,-7.169174,-11.896215,-12.971244,-9.167347,-1.5486976,6.318532,10.5043125,9.925606,7.0972967,5.2360654
-555.40955,197.12326,122.77438,45.26546,-4.2812824,-21.009665,-18.582407,-11.219175,-5.1010523,-1.8755281,-2.9675643,-7.9194317,-12.115106,-10.386669,-3.050405,4.0748234,6.3844814,5.3649187,5.489172,7.695919
-558.1844,194.91788,125.14975,52.86019,5.5345364,-14.212914,-17.93838,-14.65406,-7.380551,0.07700826,1.4665742,-4.953535,-12.609737,-13.5942,-7.8061132,-1.8983414,0.09581329,1.1941402,5.306548,10.044516
-562.11444,191.6021,127.15296,59.28408,11.247625,-14.369606,-23.629807,-19.884003,-6.6961575,6.19123,8.089525,-1.5597811,-12.200861,-13.937426,-7.6985817,-1.8814191,-1.043258,-1.507198,1.3966663,5.427575
-558.9199,191.08537,117.33613,46.09616,3.6074986,-13.047083,-16.381184,-12.2066765,-3.1661263,4.2514734,3.964552,-2.4539149,-7.922655,-8.115042,-5.082756,-3.5022538,-5.01517,-6.5476665,-4.4215198,0.08804673
-559.0212,189.18356,111.394135,36.94364,-4.970104,-17.110718,-15.249153,-9.219292,-3.0332527,-0.95516926,-5.222763,-11.789658,-14.209663,-10.853273,-5.5777855,-2.700368,-3.3877923,-5.481392,-5.18312,-0.62261343
-556.20575,192.12479,111.62243,33.872444,-10.490349,-22.991096,-19.255764,-10.68881,-3.7402725,-3.8015542,-11.641602,-20.451208,-22.186497,-15.635479,-6.050848,0.75954026,2.1067538,-0.76819444,-3.174198,-0.96870667
-550.56903,198.50183,115.84552,37.848007,-6.9065247,-20.784622,-16.765903,-6.347161,0.5762978,-1.8287821,-11.579559,-20.654945,-21.343647,-12.92326,-2.4772995,3.145372,4.233946,4.367166,4.3840795,3.936531
-551.12274,199.04564,118.85408,41.453278,-5.8083944,-23.102272,-20.067589,-7.657773,1.653722,0.106171414,-9.559867,-18.06855,-17.82087,-8.845161,1.0095605,4.728245,4.532967,6.2374535,8.622629,7.035343
-558.9761,193.72543,122.42201,45.534615,-7.1832952,-27.217812,-23.254936,-10.0722275,-0.48164445,-0.67524856,-8.036694,-14.111167,-12.601862,-5.2003827,1.388814,3.6521416,4.3018317,6.8337183,10.103431,10.516569
-563.9965,191.25568,128.83167,56.331978,1.0295651,-24.122852,-23.55761,-11.687677,-2.0886774,-0.5776962,-5.03786,-9.977157,-11.5387535,-9.556394,-6.1235166,-2.8884268,0.16949886,3.691958,7.2464314,9.037789
-565.5819,189.88962,130.12398,61.218666,7.819852,-19.69239,-24.888708,-17.389664,-6.27672,1.920852,3.5157397,-1.3744966,-8.709954,-13.204931,-12.132889,-6.663992,0.061850287,5.347481,7.5447035,5.8006797
-563.5013,190.51506,125.59094,52.8051,0.25915256,-21.583431,-19.89933,-9.0027275,-0.11154791,2.3642867,-0.60827875,-5.4055023,-8.231644,-7.4132857,-4.447547,-2.3712225,-2.5593123,-3.4123268,-2.6139135,-0.28411812
-566.87366,184.66843,117.70121,44.437817,-5.4111404,-22.30056,-16.368965,-4.646589,1.3921444,-0.21895221,-5.3151255,-8.796183,-8.114449,-4.4637756,-1.6460445,-2.7949517,-7.077113,-9.842436,-7.060596,0.046436355
-563.34924,188.09473,117.16242,39.455444,-12.980493,-29.303413,-20.500256,-6.1217794,0.11636755,-4.0019965,-12.641383,-18.611145,-18.111498,-12.047153,-4.6024694,-0.13365403,-0.018448623,-1.8246146,-1.9023618,0.7677995
-558.1294,195.31393,123.78494,44.923347,-9.013838,-26.599594,-18.277645,-3.6125789,2.9957905,-1.5554264,-11.769934,-19.783035,-20.38028,-13.3036,-2.8939252,4.8177977,6.3618793,3.3290577,0.5114712,1.007062
-557.7125,196.90872,127.40932,49.49267,-5.900236,-26.483297,-20.252907,-5.0130424,4.141804,1.6612135,-8.644583,-18.266367,-20.035204,-12.627649,-1.0008698,7.6749535,9.550197,6.5037327,3.4671412,3.4012787
-557.1657,195.40273,122.888504,46.646385,-4.20845,-24.351,-23.499405,-12.690566,-0.7906585,3.849347,-2.7616835,-14.473907,-18.953638,-10.502296,3.4797378,11.095069,9.058138,4.4464293,4.52913,8.481918
-555.8123,195.3049,120.34751,46.443153,1.1743054,-17.06221,-21.04089,-16.88081,-6.8366528,1.5201173,-0.30949104,-10.099817,-16.012033,-11.130917,-1.4201374,3.3275373,1.9398007,1.1659762,5.071916,9.975003
-556.4213,194.786,121.27539,49.90976,6.5456724,-12.269369,-19.004639,-17.736511,-8.898017,0.8388858,2.7121067,-3.6517828,-10.639922,-12.469894,-9.857788,-5.711787,-1.0526389,3.7933729,7.3326454,7.8412423
-559.00085,193.18805,122.66734,50.602585,3.887907,-15.654692,-18.701633,-13.444109,-4.323393,3.164362,3.828752,-1.966505,-8.415806,-10.232578,-7.0970726,-2.6069624,-0.26587203,-0.49518237,-0.916275,0.25956813
-562.6639,187.5646,115.76332,42.60536,-2.600892,-16.764236,-13.281101,-5.456788,0.14995053,1.7704005,0.1900889,-2.192083,-3.3454728,-3.381413,-3.6828413,-4.8664174,-6.3038406,-6.815449,-5.2485924,-1.628985
-561.6993,187.96696,113.517715,36.753555,-11.124218,-24.258152,-16.084284,-4.781373,-1.1401733,-4.621795,-9.230511,-11.587266,-11.840495,-10.015333,-5.9467573,-1.5205739,0.72204775,0.748214,0.64351755,1.7045193
-559.1477,192.71033,119.03902,39.65552,-12.147934,-26.676643,-17.146086,-4.0314374,0.24477857,-4.5486207,-12.147734,-16.897139,-16.554047,-11.56308,-4.0102367,2.920138,6.285696,5.496772,2.935988,1.6763942
-558.1906,195.49606,124.41469,45.57166,-8.840665,-26.83556,-18.400219,-3.3118033,3.4983604,-1.1367428,-11.19503,-18.470707,-18.237457,-11.085643,-1.4224136,5.788987,8.1797695,7.0614443,5.5673356,5.3881817
-561.0027,193.74713,126.93396,49.77838,-7.4072347,-29.93531,-23.577839,-6.702862,3.4806442,0.8579525,-9.101204,-16.57389,-15.66831,-7.7374787,1.4413412,7.0226803,8.284917,7.6991568,7.6508174,8.153372
-562.72986,192.56696,128.6777,54.09146,-2.7053466,-27.432995,-24.55671,-10.266098,-0.15517618,-0.36448368,-7.087543,-12.713604,-12.663971,-7.8662024,-2.2518108,1.3665278,3.1946263,5.035934,7.5971327,9.379929
-563.775,192.42569,131.78598,60.460056,4.920163,-21.434507,-22.106594,-10.9687195,-1.5327668,0.2889936,-3.6359196,-8.38526,-10.6926985,-10.313881,-8.386719,-5.456541,-1.2562045,3.977899,8.499243,9.765119
-561.95245,194.16351,131.82544,59.570564,4.6667185,-20.28006,-20.253563,-9.691251,-1.1427579,0.9202186,-1.3368235,-4.298954,-6.371346,-7.6621275,-8.000371,-6.362262,-2.3179173,2.5598469,5.3707194,4.2757697
-562.6124,191.40097,125.32792,51.1802,-1.2710409,-20.375042,-14.848749,-2.6566207,3.1154137,0.7620017,-3.8094265,-5.2492104,-3.4683027,-1.9462126,-3.0278285,-5.489579,-6.321642,-4.1824265,-0.76264894,1.0550097
-564.6796,187.07547,118.402466,43.425213,-6.9751925,-22.691963,-14.660791,-1.8412826,2.9331794,-1.3713106,-8.051641,-10.831441,-8.926189,-5.7566137,-4.195892,-3.9553404,-3.275935,-1.7349951,-0.3688007,0.2970775
-559.62885,190.43944,115.01674,37.68937,-10.35841,-24.992096,-19.839466,-9.461302,-2.4401877,-2.698009,-9.752179,-17.899555,-20.020632,-14.2069645,-5.122917,1.4814836,3.6997957,2.8007963,0.4946824,-1.4844828
-550.99445,198.60028,116.13771,37.19969,-6.345042,-17.488522,-14.673813,-9.116951,-3.4728894,-1.1872109,-6.3722544,-16.128502,-21.003635,-15.410529,-3.8059545,5.130352,7.5481653,5.9168167,3.9803796,2.9363804
-552.54004,198.65025,120.03464,41.839737,-4.6939893,-19.22042,-17.58628,-11.1256695,-3.3621502,1.558264,-2.169866,-13.335695,-20.9743,-15.415562,-0.1362737,11.509682,11.27247,4.278449,1.1730129,4.9531507
-554.9852,195.50359,117.905846,41.192146,-4.410066,-19.511837,-19.668564,-14.768526,-6.9459734,0.08083519,-0.19593844,-8.252087,-15.069103,-11.629894,0.20288888,9.71059,9.885535,4.947919,3.9579196,8.997803
-554.96454,195.80148,119.78781,46.301857,3.2108486,-12.951321,-17.294685,-16.353584,-9.818159,-1.5582824,0.6934945,-5.0149136,-12.042161,-13.195093,-8.185137,-1.956111,1.8829648,4.034583,6.6917725,9.372445
-558.0999,194.23425,124.106285,53.926117,8.485841,-13.180612,-20.873371,-18.681503,-8.624538,2.0253947,4.816703,-1.2025726,-9.549272,-13.875544,-12.512464,-6.9223843,0.5690929,6.8344555,8.4143305,4.138436
-560.3697,192.77954,124.18375,50.747158,0.8684329,-18.531773,-16.976643,-7.8920736,-0.75667274,0.7711871,-1.985168,-5.326789,-6.717044,-6.36905,-5.6583166,-4.996919,-3.8459222,-2.1304975,-0.76547253,-0.69673085
-567.1443,185.23294,119.91216,46.87244,-4.504321,-22.611835,-15.794928,-2.1895294,3.991537,0.19323432,-6.923891,-10.102406,-7.8584213,-3.9402525,-2.564296,-4.762985,-8.142206,-9.160837,-6.1664295,-1.044383
-566.36456,185.83038,118.68544,42.49359,-11.952604,-31.031288,-22.410328,-5.663926,2.4285226,-2.6142893,-13.840356,-21.17619,-19.686943,-11.938659,-4.1778364,-0.68642616,-1.0939784,-2.0933583,-1.1796215,1.1712041
-561.6607,192.02393,123.79465,46.459953,-8.878219,-28.64942,-20.577879,-4.095909,4.0446167,-1.081946,-13.133426,-21.963173,-21.517448,-13.042335,-2.65863,3.8452635,4.8819633,3.0597754,1.9308879,2.600755
-560.52216,194.63399,128.24615,51.34662,-5.928633,-28.676235,-22.30987,-5.1501713,5.1454163,1.8584421,-9.685891,-19.038647,-19.274807,-11.1156,-0.67623377,6.102844,7.5154324,5.9535756,4.6589155,4.6766725
-562.6976,192.23901,127.38667,51.719162,-5.592524,-29.706524,-25.110931,-8.805819,2.40768,1.640696,-6.897167,-14.161428,-14.103038,-7.308194,1.119937,6.478527,7.7770286,7.2349725,7.261338,8.029373
-565.47327,189.84998,128.61856,56.321144,-0.05716746,-26.293995,-25.512892,-12.250057,-1.3822927,0.2767977,-4.9088955,-10.410032,-11.630058,-8.541101,-3.9996872,-0.3836553,2.165691,4.7792788,7.7301884,9.5225
-565.05646,190.24512,129.43277,59.321373,5.5040016,-20.862053,-23.765312,-14.632669,-4.311412,0.8918226,-0.2830837,-5.3038177,-10.178291,-12.013182,-10.222907,-5.8275146,-0.23883615,4.9974833,7.9823294,7.16929
-558.18304,193.24646,121.46037,50.44919,5.5309277,-14.619392,-20.075434,-15.568541,-4.793437,3.7789822,3.1544747,-4.3343763,-10.548189,-10.814057,-6.653695,-1.7757604,1.1466153,1.0597796,-1.0008146,-2.3645592
-556.6921,189.84381,108.799644,36.87216,0.95464826,-9.489864,-12.083262,-10.680199,-4.4290805,1.0996335,0.6063971,-2.8566442,-4.1241198,-4.017314,-5.3354826,-6.4686284,-5.1164904,-3.6929274,-4.818598,-5.3933754
-553.8418,190.73248,103.692184,28.541603,-6.7313986,-15.265354,-15.952658,-12.327126,-4.926938,-1.6234783,-6.7985783,-13.501675,-14.462554,-11.693315,-9.089073,-4.8301296,1.770397,4.423933,-0.55213994,-5.644991
-549.11896,196.10648,107.04017,31.453075,-3.991269,-14.734044,-18.072083,-13.882246,-3.2479596,0.90561223,-8.3179865,-19.888792,-20.898006,-13.112956,-5.227667,0.77887666,6.1459575,7.2037687,1.570539,-3.7428203
-546.9244,199.71808,112.56938,39.077286,2.1620593,-14.118331,-21.310839,-14.563636,1.5813596,7.282879,-5.3970275,-20.53133,-21.649002,-11.403959,-1.1036695,5.3112087,8.745037,7.8623466,3.3426473,1.1228523
-552.6842,196.89603,118.69526,46.37948,2.2280107,-20.08147,-26.02509,-14.80816,2.992058,7.9430895,-4.133148,-17.083744,-17.019814,-7.152273,2.4349682,7.6378136,9.0100565,7.392832,5.3289623,6.002169
-562.73517,192.16,128.34668,55.467026,0.13979648,-25.600948,-25.021923,-11.371891,0.13805759,1.3163476,-5.0374784,-10.600838,-10.567322,-6.4223995,-1.7210271,1.8318256,4.332801,6.3493032,8.269006,9.524938
-564.5791,191.56268,131.59213,60.93215,5.6128592,-21.151764,-22.587566,-11.959086,-2.3051343,0.35749027,-2.7643368,-7.417202,-10.398517,-10.831493,-9.085618,-5.513412,-0.4243927,5.112268,9.004515,9.144102
-561.64374,194.34659,131.4213,58.6687,3.7674708,-20.589172,-19.764074,-8.830738,-0.7400239,0.27225932,-2.8429842,-5.7387505,-6.789351,-6.8691506,-6.7600946,-5.760234,-2.8451238,1.3924332,4.541151,4.346614
-563.5694,190.70563,125.99776,52.63575,-0.38531774,-20.880287,-16.169176,-3.3841014,3.6787715,1.7306073,-4.0073247,-7.0552444,-5.496788,-2.3294654,-1.4338088,-3.592937,-6.1393375,-5.9954247,-2.7956529,0.8617164
-567.36816,185.18561,120.06971,46.3554,-6.203388,-24.755861,-16.958359,-1.4702227,6.204357,2.260425,-6.9222994,-12.799009,-11.793337,-6.5903234,-2.2340279,-1.4626951,-3.1564913,-4.321332,-3.1170664,-0.24250409
-567.19543,185.01285,118.49974,42.379593,-12.845797,-32.92276,-24.56543,-7.0389605,2.206164,-2.3207612,-14.038097,-22.248558,-20.98816,-12.338163,-3.0359821,1.6042172,1.2407539,-0.6817156,-0.8748726,0.9204479
-561.9965,191.65779,123.593,46.23174,-9.286598,-29.12146,-20.909828,-4.334367,3.675446,-1.4797953,-12.907055,-20.512241,-19.210838,-11.263308,-2.5733826,2.6502666,4.2781773,4.5901055,5.0989313,5.145455
-562.35046,192.16428,126.32597,50.543697,-5.6563177,-28.414852,-23.4081,-7.7711344,2.5322924,1.2434455,-7.726595,-15.935783,-17.134945,-10.816046,-1.264159,6.2557,9.099205,8.207908,6.253027,4.9617033
-560.92804,191.01193,120.90039,47.40841,-1.8593448,-22.60233,-24.19087,-15.919325,-4.622985,2.1412997,-0.87971944,-10.196976,-15.54237,-10.715006,-0.050688148,7.5615864,8.728357,7.1836014,7.0817285,8.138035
-559.0147,193.21774,123.050995,51.782745,5.5468106,-15.135626,-20.796432,-17.14597,-6.7041,2.8384738,2.028026,-8.582797,-17.179348,-14.3193,-3.875422,3.043878,2.291204,0.1675932,3.2196145,9.250273
-555.9333,196.48976,124.558655,52.64682,6.6027894,-13.496956,-18.334755,-14.968047,-6.1797285,3.1500275,4.8539333,-4.0450177,-14.593285,-14.7972,-4.9822245,3.0375786,2.1663008,-2.1479015,-1.4720111,4.253025
-556.2818,193.97778,119.89169,49.60303,6.237199,-12.387815,-15.64904,-11.831396,-5.534684,2.2705946,7.076809,1.6895088,-10.2645645,-14.891127,-7.3646903,2.216982,4.2703977,-0.3391791,-5.0807896,-4.8663263
-557.9326,188.91791,110.449684,39.534325,-0.3032846,-13.16104,-10.254861,-3.789711,-1.5465546,-0.9285488,1.0245485,-0.52647793,-6.798272,-9.647518,-5.332287,-0.7160514,-1.6613302,-5.6829743,-6.928026,-2.8583765
-560.37274,188.61987,112.008896,34.709545,-11.673833,-23.476406,-16.160587,-6.97779,-3.8250194,-5.5539885,-9.142633,-13.324413,-16.077553,-14.040815,-6.9609365,0.3548097,2.9705935,1.3399575,-0.0018003583,1.3106145
-561.2881,191.98232,122.827515,45.547394,-8.579088,-27.211723,-19.235859,-3.8718534,3.332459,-1.7268507,-12.913695,-20.772438,-19.750114,-11.367475,-1.8887835,3.2556958,3.5635056,2.5963516,3.3790486,5.0471544
-561.1732,194.08018,128.55518,52.455566,-4.599819,-27.849781,-22.384197,-5.941134,4.2899485,1.6391828,-8.97761,-17.714514,-18.0375,-10.574918,-0.9346952,5.4839277,7.1378818,6.092331,5.064658,4.8368816
-564.08356,191.19498,128.38441,54.32557,-2.9966488,-28.654982,-25.911682,-10.412342,1.4820484,2.1602287,-5.3737154,-12.779148,-13.732743,-7.924449,0.25827694,6.1073503,8.035355,7.6711574,7.335139,7.599081
-567.30286,188.21222,129.12527,58.557808,2.1791716,-25.74987,-26.925224,-14.233234,-2.1229877,1.417979,-2.911329,-9.187555,-11.8929825,-9.5641775,-4.4866953,0.29931152,3.5903635,6.0660233,8.362228,9.595006
-565.57495,189.7001,130.1655,61.83161,7.23934,-22.516943,-26.739063,-14.813961,-1.9669466,2.0667033,-1.112284,-5.810275,-9.9230995,-12.590245,-10.990734,-4.579896,2.2245357,5.6601896,6.5894713,6.1160984
-563.2859,190.89659,127.98367,58.82955,5.589403,-22.895103,-25.444063,-10.517372,3.77498,4.493223,-3.8253021,-9.087717,-8.393418,-6.7938128,-5.6650753,-2.6809587,0.42216364,-0.11273525,-2.390987,-1.6467971
-566.84424,185.06775,120.366295,50.877396,1.5015602,-20.443832,-19.261118,-5.9044433,4.8976936,3.8583822,-4.479654,-8.560183,-5.041709,-1.1223019,-2.2700837,-5.554618,-6.808076,-6.758255,-6.613245,-4.2214227
-564.4374,185.79158,115.614365,42.929893,-5.0090046,-23.434925,-20.519316,-7.659886,2.7469504,1.8458025,-8.15037,-16.159126,-15.199448,-9.186337,-4.994335,-3.327775,-1.3394213,0.5098514,-0.16331103,-2.0872476
-561.2353,188.5201,115.27463,41.97773,-4.305067,-22.67457,-22.97462,-12.9381695,-0.91155314,2.1814542,-7.571662,-20.469337,-23.2817,-14.068157,-2.138698,4.43116,5.536927,4.3722105,2.4373174,0.71882117
-557.1578,194.22131,120.561966,46.35418,-0.93206394,-20.051489,-21.143414,-12.10066,-0.40967166,3.894142,-3.9532728,-16.361317,-20.801098,-13.500217,-1.6939902,6.2926517,8.504496,7.344503,5.1502,3.3844683
-559.03644,193.56053,123.5966,50.452824,0.21838155,-22.620235,-24.420795,-13.34805,0.11640216,5.028596,-1.7022216,-12.191736,-15.922119,-9.786606,0.88134885,8.702519,10.18409,7.2341514,4.663146,5.465891
-558.64105,192.17537,120.80269,51.039803,4.1534796,-20.396671,-25.511614,-15.212257,-2.1049414,1.8272223,-2.4123063,-7.0828314,-9.1427555,-8.446451,-3.5645232,3.6138139,7.111658,5.8674345,5.8225822,9.459734
-556.2862,194.1074,121.443016,53.329983,8.367127,-16.567131,-22.75647,-13.19058,-1.6115823,1.0639153,-2.4187045,-6.752447,-11.50445,-13.681646,-8.794268,-1.0187056,1.9806919,2.2694924,6.059472,9.983489
-559.03503,194.60315,127.39897,56.494583,5.4393997,-19.483082,-21.203804,-9.876259,0.37717912,2.2889128,-1.3503482,-6.322039,-10.661344,-10.990276,-5.5816402,0.123973384,0.4036153,-1.4857926,0.20867768,3.1199198
-564.6098,189.70837,126.02626,53.405823,0.31440052,-20.82397,-16.59803,-3.6731186,3.8810563,2.0779092,-4.200836,-8.05797,-6.8236356,-3.1745176,-1.3948159,-2.966958,-5.5990715,-6.057481,-3.5246334,-0.15864512
-567.6595,184.92325,120.18823,46.892944,-5.460696,-24.182278,-16.847717,-1.8127284,5.7062855,1.8979917,-7.186531,-13.339853,-12.940925,-8.189264,-3.6115594,-1.9354819,-2.6695874,-3.6070306,-3.1454113,-1.394454
-565.91565,186.26794,118.77927,42.5574,-11.485765,-30.165411,-21.748753,-5.9372115,1.0435681,-4.5398464,-15.518172,-22.33434,-20.727535,-13.321985,-5.695822,-1.489918,-0.576939,-0.76006687,-0.50311255,-0.07875297
-559.91,193.48764,123.47154,45.869175,-7.6142616,-25.405846,-17.763369,-4.294354,0.95923984,-3.9526966,-12.606401,-18.024128,-17.573872,-12.754044,-6.3950505,-0.58431816,3.6325636,5.7540393,5.60153,3.4622188
-562.0233,193.1716,128.54889,53.70861,-2.6032298,-26.586067,-23.206814,-8.594923,1.9039366,1.7985761,-5.9734683,-13.981895,-16.20308,-11.346897,-2.6008863,5.153714,8.615224,7.800737,5.2498493,3.473154
-565.8485,188.91302,126.99838,54.660378,-0.9870939,-26.522774,-25.711662,-12.673798,-1.3331192,1.6415718,-2.4603848,-8.1818495,-10.522882,-7.749713,-1.5848107,4.6349916,8.413164,9.482704,9.193161,8.605457
-563.0374,191.13037,127.329666,57.43399,6.1521745,-19.520607,-24.125843,-15.344879,-2.6123748,3.8423352,-0.4774124,-9.763484,-14.182148,-10.791168,-5.067521,-1.910392,0.3740248,5.1431017,10.319035,10.393658
-555.8037,196.7511,125.05014,53.465294,7.111851,-14.754192,-20.861183,-14.937824,-2.0500808,5.8275585,0.5722891,-10.846493,-14.644339,-7.991685,-0.9605018,-1.0366815,-3.708211,-1.4146926,4.600799,6.854514
-555.86847,194.94394,120.59965,49.544785,7.034012,-11.657859,-18.063936,-14.123052,-1.4492757,8.2074795,3.7197382,-9.542536,-15.427124,-7.932701,2.2738676,3.5489333,-2.492323,-6.365526,-4.2775335,-0.39926857
-562.52545,186.17175,113.65251,45.009415,4.5332456,-12.726892,-17.554264,-11.663144,2.2440705,11.533522,5.6655707,-9.103027,-16.594656,-10.386883,0.44077975,4.3437257,-0.44404072,-7.4419637,-10.1581745,-6.6733127
-562.52985,185.94629,112.17748,40.28273,-4.3940277,-22.95412,-24.156267,-13.83303,-0.4239366,4.067275,-4.9722137,-18.49208,-23.355515,-15.999222,-3.7830327,4.3456063,4.7835917,-0.29430687,-4.76795,-3.1242175
-557.5383,190.89749,115.13884,44.64144,-0.58835655,-23.614063,-26.00985,-11.373742,3.7231789,3.4987278,-9.732131,-21.712425,-22.69402,-13.611368,-2.219564,4.262087,4.833086,3.2465692,2.4509077,2.833971
-555.7804,194.2055,120.05521,50.18557,3.478357,-22.537212,-27.246521,-12.330065,5.103448,6.8317175,-6.261673,-19.091953,-20.47054,-11.068417,0.4641263,6.3633733,6.6098413,5.9286036,5.7706447,4.576067
-558.0437,193.93167,122.00653,47.954205,-1.3008971,-21.88316,-21.959259,-11.812033,-1.735024,0.86489093,-4.010418,-9.960634,-11.037849,-6.8951154,-1.2204643,3.4540353,7.429476,10.4966135,10.4988785,7.2583284
-561.77167,191.71564,124.73632,51.88406,1.3853074,-19.24176,-19.652266,-13.048683,-6.899429,-3.0838792,-1.9274348,-3.7293181,-7.4468985,-10.082808,-8.603781,-2.6433198,4.860173,9.929203,10.673603,8.265568
-562.11536,192.32895,127.75856,56.735092,6.105069,-16.593578,-19.684204,-14.462873,-7.1959953,-0.61094195,2.1830845,-1.4019406,-9.432272,-15.295349,-13.358471,-4.5076838,4.762887,8.629255,6.6693897,2.6148493
-562.1573,192.74878,128.56195,56.305374,3.5428119,-19.302242,-18.845253,-8.642306,0.336773,3.0525038,-0.49133146,-6.799698,-10.812517,-9.230026,-3.4703257,1.3003323,1.1871018,-2.3749738,-4.314142,-1.7924453
-567.2969,185.89038,122.62506,51.501724,0.5662111,-19.162834,-15.118492,-3.1395464,4.2872467,3.5208712,-1.9690216,-6.614414,-7.03847,-3.8400507,-0.6218593,-0.8967228,-4.848608,-8.774315,-8.321292,-2.9157882
-567.3536,185.19093,119.96529,45.891464,-7.3637934,-26.723806,-19.288448,-3.2971978,5.4102635,1.954752,-8.139047,-15.887529,-16.05734,-9.906731,-2.7560315,0.78180224,0.05808196,-2.0261865,-2.2425804,-0.054023996
-565.31665,187.58157,121.04269,45.326855,-9.181425,-28.919231,-21.218983,-5.1704726,2.7213786,-2.1497579,-13.214764,-20.67257,-19.457829,-11.649563,-3.0424242,2.038927,3.277791,3.0015087,3.111183,3.4020104
-561.01465,193.29358,126.09151,50.105537,-4.4640207,-25.053131,-19.444805,-5.590173,1.9444983,-0.7687249,-8.849405,-15.251086,-16.090149,-11.722329,-4.780035,2.03828,6.892003,8.80004,7.656687,4.409568
-563.2492,191.9601,128.56964,54.919285,-0.9041543,-25.32277,-23.054699,-9.615906,0.4546997,1.2715971,-4.421301,-10.440847,-12.352018,-9.368791,-3.2719612,3.4409795,8.633009,10.892123,9.834621,6.3671
-566.77264,188.0921,127.59206,57.07563,2.3889186,-24.083439,-25.553646,-14.224976,-2.674596,1.8262581,-1.1222118,-6.9468718,-10.194025,-8.43051,-3.2081647,2.3467407,6.4916563,9.305001,10.891539,10.33676
-563.6878,191.47704,129.30737,58.57666,5.3788576,-19.868229,-22.074583,-12.859894,-2.884606,1.3778933,-1.5011944,-8.086739,-12.59787,-11.51166,-6.3217683,-1.2929806,1.3361766,3.0340846,5.7711782,8.379316
-561.3508,193.9068,130.07137,58.534424,5.7294335,-18.986616,-21.23544,-12.044187,-1.369515,3.6840386,0.39268556,-7.7200046,-12.999056,-10.524796,-3.0625515,2.114446,1.3080134,-2.090825,-2.5357544,0.80536324
-562.60004,190.5943,124.14828,52.61303,3.5279727,-16.30729,-15.999864,-7.900471,-0.44080904,2.1816669,-0.63492405,-5.7027645,-8.121792,-5.8669705,-1.951137,-0.9067241,-3.4267564,-5.7333746,-4.4427404,-0.7359667
-567.0233,184.91217,119.21199,47.25384,-2.6822798,-21.389977,-17.07275,-4.484864,4.4439054,4.57278,-2.441752,-10.6520405,-14.124191,-11.0090065,-4.5155487,0.119930506,0.18628499,-2.5374465,-4.273182,-3.4213853
-567.692,183.86581,116.84828,41.52826,-11.670217,-30.335186,-22.876434,-8.083216,-1.0014983,-5.180385,-14.56466,-20.92077,-20.18202,-13.886312,-6.400758,-1.2188101,0.8507259,1.004477,0.62652045,0.11240962
-561.5681,191.37167,122.05616,45.4411,-7.383108,-25.482334,-18.98584,-6.4490805,-0.87265563,-4.299923,-11.530392,-16.698418,-17.048565,-12.973341,-6.505374,-0.043435767,4.504175,6.342733,5.846554,3.874543
-562.78595,191.84009,127.0491,52.9825,-1.956603,-25.415745,-23.17457,-10.333035,-0.35219616,0.90099907,-4.9804893,-12.332194,-15.395722,-11.596298,-2.9788332,5.336843,9.058823,7.917384,5.1728086,3.913748
-566.1682,187.9591,125.4639,53.88436,0.024161726,-24.711994,-25.34469,-14.674388,-4.0265236,0.8173617,-0.7480821,-5.780203,-9.629007,-8.610378,-2.653132,4.6158595,9.119986,9.908524,9.229109,9.111977
-565.87756,189.33524,128.87296,58.62242,4.340622,-22.043564,-24.155916,-13.952991,-3.1333148,1.5687819,-0.9235307,-7.37059,-12.661167,-12.999392,-8.259881,-1.5261089,3.880477,6.879771,8.191504,8.092373
-562.3061,193.4568,130.72015,58.223656,3.2594712,-21.744621,-21.668728,-10.605906,-1.2452865,0.9768089,-2.6267653,-7.7881546,-10.797496,-10.203442,-6.8395443,-2.7396903,0.36959872,2.024597,2.7178082,2.7766094
-562.6478,192.17459,127.886154,54.831875,1.358357,-20.672092,-17.890625,-6.051216,1.737479,1.2301742,-4.124676,-8.495644,-8.625253,-5.520604,-2.548119,-2.0049033,-3.2244906,-3.78731,-2.3642294,-0.10441772
-566.83966,185.30313,119.50758,46.92677,-3.0401874,-20.098225,-13.620778,-0.968779,5.2387495,2.490408,-4.259629,-8.769243,-8.411083,-5.1839724,-2.9692354,-3.6839554,-5.8006163,-6.4520817,-4.6516285,-2.0734673
-563.90857,185.64294,113.115585,38.36857,-8.815207,-23.876162,-18.869648,-7.8252954,-0.68236685,-2.5333934,-11.561408,-19.422298,-18.829998,-11.31428,-4.693697,-3.1959352,-3.557602,-1.4993262,1.7912381,2.1744735
-559.5885,190.2761,115.75897,41.592995,-4.111016,-20.527391,-19.309553,-10.482915,-2.3290815,-2.3432312,-11.005676,-19.583693,-19.713861,-12.771944,-6.074188,-2.6682773,0.2903487,4.3967695,6.6135006,4.161229
-561.3058,191.86156,124.89585,53.385643,2.3819141,-22.03622,-24.29579,-12.722572,0.42487553,3.5379987,-4.750245,-14.712828,-16.89204,-11.287088,-3.8786955,1.7581387,5.891858,8.365454,7.5835295,3.9039316
-566.2167,188.1232,127.19527,58.229534,4.4802337,-24.282145,-28.426027,-15.666954,-0.058168292,5.361701,-1.0200273,-9.630693,-11.769405,-7.777293,-2.3175075,2.978249,8.37755,11.653051,10.190195,5.914069
-566.9832,187.75629,128.40016,60.531178,6.5428553,-23.181389,-27.788445,-14.994525,0.12597278,4.582114,-1.903733,-9.52065,-11.239012,-8.4981985,-4.8622184,-0.53643364,4.746267,8.58286,8.998154,7.451185
-562.5353,192.80914,130.20702,59.11369,5.010912,-21.078205,-22.180092,-10.424696,-0.01586219,1.4108523,-3.5942194,-8.358009,-10.096219,-9.945447,-8.152384,-3.8087668,1.6739883,5.0826836,5.4024315,4.13515
-562.1843,193.54022,130.49834,57.622658,2.8133965,-20.87769,-18.656532,-6.1398573,2.4928646,2.0554862,-3.948576,-9.055021,-9.586673,-6.4328604,-2.8023772,-0.9532872,-0.84911,-1.1876281,-1.0540104,-0.5291579
-566.7376,187.0727,124.2851,52.688156,0.60368055,-19.53611,-14.56102,-1.6026033,5.140868,2.231677,-4.649378,-8.275811,-6.306534,-1.9955287,-0.06391424,-2.2216656,-6.1206512,-7.9515567,-5.897833,-1.492959
-566.7184,186.0877,120.799774,46.56991,-6.774615,-25.962593,-18.22095,-2.2537937,5.809764,1.4650948,-8.953808,-16.069208,-15.212954,-8.692536,-2.2856517,0.035775736,-1.2982564,-2.999903,-2.512662,-0.25739956
-566.72736,185.95068,120.21401,45.122692,-9.359575,-29.58902,-22.469206,-6.7218313,1.2020619,-3.4725456,-14.315805,-21.532616,-20.05339,-12.080683,-3.5882654,1.0983338,1.9494507,1.6599631,2.2109654,3.044209
-562.2928,192.09009,126.291046,51.48771,-3.107675,-25.051325,-21.079166,-7.7279034,0.86702687,-0.27055693,-7.7330728,-14.818857,-16.566513,-12.166168,-4.3943253,2.8099165,6.831024,7.3906527,5.80007,3.5179982
-564.2705,190.97049,128.8375,56.68275,1.4637609,-24.090805,-24.081566,-12.0473385,-1.034184,2.3302526,-1.6469901,-8.351004,-12.28517,-10.191157,-2.9070606,5.291788,9.907832,9.6326275,6.865217,4.8086147
-567.58264,187.78435,129.0063,59.583874,4.6188145,-23.089798,-25.926636,-15.423193,-3.5947669,2.5045242,1.5967052,-3.611934,-8.727595,-9.883648,-5.725054,1.7763504,8.657536,11.788048,10.866829,7.849604
-561.8658,193.05621,129.0779,57.58637,5.022047,-18.942652,-20.016865,-10.850708,-2.6462674,-0.21420935,-2.3831124,-6.214451,-9.861885,-11.9118595,-10.565998,-5.056916,2.8487358,9.398586,10.9093895,6.383308
-555.2334,198.41457,126.90742,52.199905,2.6750627,-16.471264,-15.195791,-6.5288653,-0.40535712,-0.85835457,-5.437132,-8.920674,-8.630325,-5.965831,-3.7167068,-2.8917959,-2.0441313,0.32473236,2.9100418,2.7554953
-557.6265,194.03128,121.46806,48.576283,3.1521447,-13.220673,-12.297028,-5.092721,0.7191642,0.5462341,-4.4374876,-8.200844,-6.845194,-2.8368437,-0.905331,-2.2135737,-4.3652554,-5.1112385,-3.9024825,-1.1469997
-564.202,186.0506,116.33023,45.310493,-0.61868066,-18.106464,-15.625324,-3.6753387,6.5625954,6.6094933,-2.7773862,-12.466171,-14.501671,-8.983769,-1.7615325,1.6689073,-0.3337745,-5.053916,-7.2516875,-3.8778276
-566.5686,182.85982,113.807495,43.034626,-5.171411,-26.730612,-26.04774,-11.949724,0.944394,0.574754,-11.411518,-22.506432,-23.20228,-14.800331,-4.8111634,1.2318604,2.4642687,0.56230104,-1.9196804,-2.2843049
-560.68286,189.59665,118.50179,48.182068,0.61564064,-22.989964,-24.998747,-11.327694,2.1936755,1.6031127,-10.142958,-19.444067,-19.018038,-12.246693,-5.404764,-1.1105025,2.1680672,5.973192,7.7690268,4.1290736
-561.9038,190.79001,124.656975,55.373154,4.422721,-23.12984,-27.166534,-13.524186,1.8827144,4.510193,-4.8724303,-14.363688,-15.534746,-9.443583,-2.0719101,2.2878523,4.311393,6.806739,8.868597,6.788949
-566.9927,186.85556,125.46718,56.171665,3.1471334,-23.58841,-26.302681,-15.162076,-3.0931745,1.5609596,-0.8625454,-5.16012,-7.5464234,-7.24395,-4.5285225,0.2731578,6.319479,11.743831,13.82655,10.817621
-568.1187,187.19072,128.87706,60.076897,5.669124,-21.670267,-24.381544,-14.188808,-3.2438478,1.7792168,0.2798013,-4.9823074,-10.437527,-12.849758,-10.226755,-3.06494,5.418268,11.083817,11.51276,7.3792586
-562.66064,193.15361,130.73325,58.288498,3.3010478,-21.220566,-20.119816,-8.398865,0.3044989,0.8439661,-3.931485,-8.501209,-9.615843,-7.6339393,-4.6913724,-2.2985165,-0.4811679,1.3602307,3.1938305,4.044258
-563.88544,191.32059,128.80708,56.711678,2.7788386,-20.152157,-17.50285,-5.013586,3.1853971,2.1525087,-4.217881,-9.092062,-8.763027,-4.693474,-1.0455941,-0.57828116,-2.5441456,-4.0337934,-3.0653052,-0.3829248
-569.6292,183.55554,122.09644,51.622643,-0.3711284,-21.197136,-16.247477,-1.4572768,8.206318,6.7521896,-2.0313191,-9.916386,-11.274645,-6.7839622,-1.5707644,-0.09626416,-2.5835605,-5.7941537,-6.5862856,-4.5128174
-567.9527,184.1529,118.80944,45.18167,-7.6261797,-27.44895,-21.135593,-5.719267,3.3209646,0.049401686,-10.76995,-19.240395,-18.804916,-11.091646,-3.1016521,0.043124326,-0.8440654,-1.742917,-0.6981024,0.6622459
-566.2224,186.36903,120.54843,46.48501,-6.852371,-27.678307,-22.831648,-8.734869,-0.13893563,-2.7676163,-12.398241,-20.102726,-19.922947,-12.977761,-4.8902755,0.08500588,2.012453,3.1926003,4.588897,4.8956156
-562.6935,191.28352,125.62872,52.117607,-1.4802959,-24.56638,-22.988575,-10.542387,-0.63679475,-0.29778898,-7.459079,-14.16901,-14.472809,-9.393441,-3.7665462,0.16865763,3.8122244,7.7225156,9.388931,6.71774
-564.16907,189.29251,124.720055,53.873497,2.570682,-21.629814,-24.661484,-16.281464,-5.543005,0.5875186,-0.352959,-5.3075533,-9.166052,-9.216784,-5.628996,0.6034427,7.866475,12.975773,12.93062,8.265085
-564.25,188.64053,123.62866,54.09664,5.1468515,-18.320583,-23.44075,-17.87929,-7.63019,0.67803854,1.7569525,-3.884725,-10.295447,-11.722732,-7.1877947,0.037884597,6.089878,9.3659935,10.506302,10.134167
-559.37854,193.41965,124.59758,53.291843,4.928322,-17.083738,-20.48933,-13.756369,-4.5346365,0.31937915,-2.1041763,-8.423252,-12.185753,-10.280893,-5.2088904,-1.1948102,0.17783913,0.66965556,3.0869768,7.1857996
-558.41235,194.19873,124.04564,51.88334,4.207076,-15.970923,-17.776283,-10.446493,-1.6760273,1.7151637,-2.539141,-9.534503,-11.926897,-7.622509,-1.1881945,1.7938982,-0.12598947,-3.9408026,-4.9780216,-1.1400719
-564.9259,186.81416,120.21,50.24996,3.075212,-16.435745,-16.392536,-7.052744,2.2430024,4.443026,-1.0898046,-8.034019,-9.888523,-6.378094,-1.9749008,-0.2697437,-1.70725,-4.8507743,-7.2547445,-6.231533
-567.4707,184.7291,119.425026,46.400784,-5.566032,-24.984842,-18.866722,-3.8913014,4.8738875,1.916264,-7.786132,-15.151768,-15.283773,-10.177183,-4.5684466,-1.0975409,0.147546,-0.35126418,-1.9339867,-3.123595
-568.5628,183.90953,119.46063,45.524773,-8.67902,-29.594051,-23.491823,-8.236189,0.11304636,-3.6213818,-13.857611,-21.340658,-20.745012,-13.468323,-4.8967037,0.46869975,1.8739088,1.4884692,1.4708232,1.8937349
-564.508,190.1824,126.85469,53.440254,-1.8831257,-25.502493,-22.24718,-8.079758,1.6950905,0.6769009,-7.831872,-15.924319,-17.510746,-11.924787,-3.2024596,3.590084,5.985687,5.131978,3.8075871,3.4875188
-565.46564,189.99925,129.20462,57.62445,2.0504584,-23.649902,-22.891665,-10.184461,-0.0330676,1.2012651,-3.9229677,-9.042366,-9.863596,-6.482627,-1.6270949,2.4435914,5.371234,7.7428856,9.406689,9.093906
-569.1425,186.37119,129.26074,61.021072,6.139717,-22.059502,-25.220284,-14.841095,-3.345292,2.3230624,1.6524436,-2.3363943,-6.3074207,-8.012161,-6.278199,-1.0192102,6.2917094,12.616368,14.705301,11.249056
-564.54474,191.38795,131.1105,60.71891,6.379527,-19.367365,-20.609795,-10.744628,-1.9998238,0.5534851,-1.8330889,-5.881274,-9.333818,-11.057409,-10.014958,-5.4409156,1.7567523,8.41493,10.806199,7.5141087
-560.60065,195.63435,132.15237,58.676537,3.4869354,-20.077744,-17.503235,-5.132509,2.469409,0.6607065,-5.9680862,-10.37377,-9.440053,-5.314777,-2.0534592,-1.5559328,-2.4322538,-2.152823,0.09864601,2.623889
-561.05066,192.65616,125.71101,53.298042,3.5920277,-15.537378,-13.029744,-3.0957909,3.1552825,1.3190916,-5.4461613,-9.676039,-7.0192337,-1.0352545,1.0560424,-2.8226411,-7.4079685,-7.1323233,-2.6814308,1.1447489
-559.0013,190.30217,114.31424,40.39694,-1.7231982,-13.181238,-9.824228,-2.6895595,3.7400398,4.938156,-1.9059118,-11.5796995,-14.442217,-8.165279,-0.84335303,-0.22531313,-4.216961,-5.507563,-2.3006153,0.4382416
-558.3488,188.52164,107.97012,33.099586,-6.648898,-17.325947,-16.762714,-12.62281,-6.1488395,-3.12473,-9.387436,-19.96336,-22.9853,-14.84398,-4.326276,-0.2920943,-1.4542199,-1.40346,1.2193483,2.3348043
-555.6973,193.11743,114.1738,39.75048,-1.7629638,-15.512611,-17.362427,-13.820209,-6.4403725,-1.8391625,-6.5089493,-16.352785,-20.473028,-14.848778,-5.9528465,-0.70088804,1.2401192,3.374933,5.5761147,4.8761168
-559.5071,192.3805,122.46424,51.921356,5.234302,-17.058308,-22.469704,-15.901152,-4.195115,2.0800686,-1.9859151,-10.240381,-13.834955,-10.886642,-4.9634604,1.1320574,5.988703,7.8358183,6.56242,4.883162
-565.3124,186.56421,122.335175,56.549774,9.4296665,-17.998951,-27.71163,-20.428978,-4.717132,4.9564166,2.8663821,-4.0037413,-8.028266,-8.51623,-6.1484394,0.55787927,9.599897,14.196226,11.555364,6.748496
-564.3088,188.8859,125.79145,59.149513,9.891073,-18.145802,-25.930908,-16.388117,-0.89808655,5.613079,-0.38702756,-9.123166,-12.068476,-10.376818,-7.3494205,-1.9207296,5.8525314,10.5170765,8.452095,4.0036774
-561.0591,194.16202,130.4917,59.60035,6.479985,-19.58334,-21.611742,-9.945616,1.4373921,2.6436892,-4.589737,-10.562716,-9.8405075,-6.0145984,-3.913988,-2.7886477,-0.12422209,2.6525283,2.7990103,1.4291608
-564.2059,191.82434,131.1872,59.95919,5.0151258,-19.843086,-18.389746,-5.699656,3.3587341,2.7215934,-4.065694,-9.604059,-9.456463,-4.901089,-0.52941567,0.29546708,-1.9617252,-4.1267776,-3.5926173,-0.64838576
-568.97925,184.96866,124.34928,53.941322,1.0041983,-20.931852,-16.406433,-1.3491502,8.703893,7.343132,-1.7109759,-10.156218,-12.122434,-7.753641,-1.7624705,0.9795854,-0.86262155,-4.671997,-6.587957,-4.884082
-567.3489,185.11906,119.84784,46.04335,-6.7414103,-25.96737,-19.153986,-4.333297,3.3571498,-0.42312342,-10.2456,-17.651056,-17.744047,-11.596985,-4.0868964,0.34147725,0.69186413,-0.76227754,-1.2609041,-0.27867275
-563.42523,189.08109,120.84306,45.843414,-5.7507596,-24.0116,-18.92532,-7.6228695,-1.8900425,-4.19693,-10.912752,-16.941933,-18.529648,-14.588095,-7.13657,-0.10992981,3.477004,3.7150075,2.9417992,2.673294
-561.1839,193.26228,127.19878,53.501183,0.5977044,-21.420277,-20.172203,-9.981205,-1.906446,-0.53107,-5.1917953,-11.863436,-15.323709,-12.429636,-4.7077684,2.8015525,6.060773,5.374861,4.004946,3.9323475
-565.21844,190.10376,129.24854,58.643063,4.3396063,-21.68394,-23.411427,-13.310715,-3.1824632,0.84385526,-1.4113024,-6.3665767,-9.578068,-8.473751,-3.7374969,1.743993,5.579588,7.572524,8.713857,8.947094
-566.69525,187.03699,125.27085,56.58663,5.757461,-19.301395,-23.729057,-16.424185,-5.537218,2.0464377,2.4502976,-2.8290567,-8.3630295,-9.703711,-6.3782244,-0.4036709,6.2871046,12.026943,14.530783,11.901878
-555.5607,195.7027,121.01756,47.95664,4.2466927,-12.321346,-15.864819,-13.456455,-6.4993343,-0.022477746,-0.5738584,-7.0038624,-11.170461,-8.850798,-4.380956,-2.6434846,-1.6673547,2.8388386,8.932026,9.727473
-550.9914,198.45053,117.37375,43.04609,4.0174704,-7.895272,-11.032055,-10.842106,-5.5585823,0.22054273,-0.98260564,-7.6568995,-10.791205,-6.6511436,-1.0100541,0.066777214,-2.2045588,-3.0358572,-1.0270476,1.3997449
-557.5623,190.76059,113.432655,42.478012,4.556604,-7.721594,-10.28105,-8.07679,-1.5873477,3.1648636,0.3666941,-6.594858,-9.612263,-6.4200497,-1.6701536,0.0028307736,-2.2466893,-6.4123964,-8.558714,-5.030685
-560.2642,187.52415,111.09582,39.573174,-0.8008164,-14.845564,-15.333192,-7.9627333,1.9527535,4.7002354,-3.802668,-14.880724,-17.236143,-10.345738,-2.49368,0.67097735,-0.23928156,-2.876535,-4.859814,-3.3047137
-561.3479,184.79813,107.63194,38.191803,-1.2764771,-19.12896,-24.181866,-16.5587,-2.9968226,0.90689397,-10.406822,-23.388525,-22.796396,-11.17547,-2.501314,-1.6920007,-1.6638184,1.8714464,5.0212903,4.7085266
-559.5067,189.70724,116.60215,48.17904,5.288148,-18.032442,-26.74456,-18.384005,-1.0569314,5.6647186,-5.3130364,-18.85001,-19.05017,-9.013924,-1.6269822,-0.38863868,0.95788723,5.367129,8.635376,7.058448
-566.1592,186.92014,125.010765,59.047485,9.7552185,-19.413246,-29.67689,-21.754833,-3.836709,7.725629,3.3489318,-9.240375,-15.300283,-10.421095,-2.07556,3.0616882,5.9578996,9.221476,11.073948,8.571709
-572.3971,182.87177,128.6289,63.355278,8.962486,-22.394905,-29.940163,-20.702885,-5.345976,5.6403294,6.265216,-1.804067,-10.775335,-13.017126,-6.8959002,3.0504613,10.949724,14.017689,12.853363,9.121232
-565.6458,190.05434,130.25647,60.196552,5.781817,-20.33545,-21.870571,-11.936113,-2.8272915,0.04535436,-2.3208656,-6.5289907,-9.92005,-11.093252,-9.223088,-4.1288147,2.8404696,8.681162,10.351419,7.052614
-562.4131,193.74533,131.73877,59.361183,4.0677643,-20.612816,-19.17838,-7.061804,1.25177,0.3864399,-5.8867035,-10.674814,-10.246771,-5.9975185,-1.8422847,-0.3229859,-0.90234715,-1.3272473,-0.20707428,1.6901426
-564.8997,189.9748,127.834625,56.594566,3.9574962,-17.800964,-14.994481,-3.8106608,2.3145442,-0.015102476,-5.806326,-8.674593,-6.59099,-2.40448,-0.19078112,-1.4575603,-4.3275566,-5.694124,-4.004023,-0.37692937
-568.92175,184.32472,122.1324,50.647476,-1.848198,-21.991703,-15.629523,-0.11149925,8.705419,5.5147896,-4.3805785,-12.036867,-12.442381,-7.2119594,-1.6436363,0.28479293,-1.3598913,-3.6386378,-3.9918418,-2.4408164
-569.3891,182.2164,117.51667,45.41475,-5.8719788,-26.003174,-22.502754,-10.35891,-1.8156018,-2.0901413,-9.697204,-18.62569,-21.978102,-16.6965,-6.21276,2.2403774,3.9853888,0.7226849,-2.167325,-1.6939876
-561.85693,189.28123,118.43426,45.182137,-1.9051564,-19.52343,-19.973675,-14.396188,-7.4865656,-2.6141255,-4.240943,-12.833548,-21.11606,-20.006031,-8.858959,3.055616,6.773483,3.1357996,-0.13931027,0.931093
-557.146,193.72478,119.85906,47.86386,4.6124096,-12.771652,-18.215675,-17.62119,-10.44509,-0.654319,2.672409,-4.29675,-14.126514,-15.64408,-6.5595503,4.371138,8.380921,6.4221087,5.132462,6.231476
-560.79895,189.91022,119.15867,49.911697,7.257555,-11.930723,-20.209917,-21.30439,-12.924697,0.91804636,8.752543,3.543086,-8.393031,-13.784059,-7.1769943,4.0933704,10.535368,11.514797,11.915184,11.911577
-558.58594,192.95755,121.87452,51.845505,8.193214,-11.055939,-17.673004,-16.879904,-9.144392,1.0123832,4.821538,-1.993747,-13.038702,-16.7636,-9.126278,2.0092819,7.291231,6.9976883,7.3065434,8.91144
-552.7307,198.8439,122.876785,49.438545,5.515382,-11.258591,-13.909084,-10.6326275,-5.2989907,-1.5477049,-2.2134485,-7.0205007,-11.714848,-10.786762,-3.9304645,1.8045518,0.6883713,-3.0861301,-1.4763386,4.794466
-553.42004,197.4843,120.92473,47.779015,5.5075603,-8.950834,-10.007509,-6.946584,-3.5987563,-2.1679995,-3.4104667,-6.2054577,-8.119907,-6.7488194,-2.6030345,-0.0081961565,-1.9265704,-5.0638733,-4.1576853,0.27115422
-563.4932,188.24895,120.06661,48.483765,1.4385948,-15.153473,-11.275364,-0.8631456,5.717017,4.634997,-1.7987127,-8.506893,-11.371427,-9.087908,-3.7103221,0.28631788,-0.38005227,-4.2461977,-6.5561433,-4.6856956
-567.41876,185.1005,120.12926,46.925285,-5.0760984,-23.76419,-17.150293,-3.289657,3.3930917,-0.507022,-9.404713,-15.86693,-16.295736,-11.847184,-5.8962755,-1.2596091,0.9268683,0.9127602,-0.3497786,-1.7853224
-566.88824,185.5021,119.771835,45.88884,-6.638368,-26.091606,-20.727165,-8.201061,-2.1718671,-5.6652827,-13.460463,-18.82918,-18.59101,-13.857581,-7.7541647,-2.8058276,0.25479156,2.024059,3.1103735,3.1808
-563.78,190.80592,126.81625,53.5543,-0.4636416,-22.694477,-19.683208,-7.999691,-1.3604214,-3.3616185,-9.236145,-12.75214,-11.630987,-7.8500137,-4.2864256,-1.7740655,0.8189227,4.300122,7.460161,7.8308363
-567.4594,187.84502,128.72406,58.968147,4.3350544,-21.942469,-23.004623,-12.173256,-2.5598512,0.03288804,-2.6801548,-6.0919614,-7.270851,-6.1537647,-3.8171191,-0.632707,3.660925,8.499551,11.752388,10.957367
-571.1225,184.41629,129.21454,62.49285,7.6203556,-21.778006,-25.897478,-15.210445,-2.6026323,3.6609802,2.2619934,-3.4402711,-8.960554,-10.894648,-7.8152337,-0.6617965,7.588799,13.290866,13.904702,9.285512
-563.9607,191.962,131.03738,59.83539,4.915662,-20.519184,-20.253157,-8.697498,0.09961991,0.51792455,-4.40851,-8.861052,-9.766945,-7.7480564,-4.7960978,-2.0897214,0.469721,3.27777,5.680784,5.8946137
-562.7545,192.83047,130.62682,59.51322,5.9179173,-18.341354,-17.65082,-6.212559,1.9383674,1.213778,-4.7651486,-9.541473,-9.802508,-6.1526246,-1.3296933,1.3288774,0.16987415,-2.6958437,-3.3070734,-0.6064135
-558.2785,191.53894,117.55614,47.397076,6.211007,-9.86599,-12.391857,-7.0597467,1.2670323,5.105364,0.85356057,-7.287904,-12.113863,-9.586456,-1.6476359,4.334483,1.7414869,-6.7050743,-10.371277,-4.107432
-550.8096,193.37094,104.74278,32.10764,0.86771774,-7.215847,-10.828458,-9.259892,-1.2781446,3.2524629,-2.405499,-11.606382,-14.71627,-10.551916,-4.047741,0.326121,0.6360091,-1.8240407,-3.1082673,-1.4292946
-552.6736,190.90417,102.373245,29.401203,-2.4074016,-11.6256275,-17.486149,-17.97654,-9.64236,-3.0482528,-8.234552,-19.106037,-22.513582,-15.44017,-5.702365,-0.34659803,0.3946896,-0.11589667,0.5228543,2.0413983
-552.02466,195.86157,114.00795,41.553467,3.6654625,-10.904632,-17.070763,-15.8753195,-7.295636,-0.42088217,-3.4857328,-12.940636,-18.325436,-14.226061,-4.4826126,3.173707,4.635129,2.2714705,1.3114243,3.7187018
-557.03076,193.67317,120.62718,51.186317,9.027642,-10.799242,-18.93112,-17.853765,-9.185051,-0.3372503,1.4333446,-3.757306,-9.838411,-11.008831,-6.161257,0.9507934,5.720523,7.2474174,7.92488,8.606497
-564.4331,187.26999,121.780975,55.503067,10.365423,-13.872839,-23.485329,-20.574923,-8.499945,3.5427084,6.841412,1.0259199,-6.9083986,-10.032245,-6.7521095,0.21761629,7.919629,14.428396,16.946026,12.443795
-563.21216,190.86258,127.20412,57.89363,7.56344,-17.174074,-21.36082,-13.13447,-1.8331997,3.3222704,-1.0567434,-9.2325,-12.481911,-8.632095,-3.0878336,-0.6078519,0.49456632,4.154089,9.274799,10.267132
-563.83057,192.33833,131.92706,61.242332,6.2712297,-19.981773,-20.463814,-8.439316,1.6759441,2.2061062,-4.863739,-11.634233,-11.959124,-6.477028,-0.66549575,1.2631215,-0.15691093,-1.6531363,-1.1799221,0.66563773
-566.0322,189.03488,128.48842,58.711594,6.2186327,-17.028164,-16.184706,-5.6258173,1.8590515,1.4342597,-4.1156507,-8.963728,-9.152055,-5.051651,-0.46360427,0.71881884,-2.150702,-5.8485365,-6.1806154,-2.0483284
-570.161,183.10307,122.15641,51.81816,-0.3487571,-21.061195,-15.519831,-0.24339136,9.15262,6.7334223,-3.1198108,-11.734158,-13.365858,-8.570419,-2.328629,0.6062528,-0.7945143,-3.8981013,-5.3793907,-4.250033
-571.8864,180.42767,118.92706,47.900135,-5.162858,-27.019741,-22.524645,-7.8177686,1.2831359,-1.6901615,-12.264818,-20.851637,-21.036758,-13.844464,-5.2542706,-0.32339677,0.3208726,-0.75833046,-1.250175,-1.0090737
-567.5824,185.41302,121.540634,48.72898,-4.6107416,-26.106913,-22.198986,-9.408739,-2.0500755,-4.646517,-12.516113,-18.148914,-17.650928,-12.551632,-6.784309,-2.727425,-0.09908643,2.184832,4.0163946,4.1243687
-566.28033,188.40189,126.97177,55.83097,2.006701,-22.006817,-21.411499,-11.06357,-3.7718186,-3.5617223,-7.06312,-9.466624,-9.038429,-7.1026936,-5.1546454,-2.8947597,0.87949836,5.9627867,9.874308,9.626213
-571.2402,183.55421,127.09195,60.158348,6.692002,-21.056969,-25.271341,-16.7025,-6.2690716,-0.004655063,1.1060297,-1.2604886,-4.810685,-7.350107,-6.966176,-2.624866,4.8830204,12.591068,16.46283,13.778597
-565.7786,188.00087,125.258865,55.716442,5.7563686,-16.520172,-19.039371,-13.634953,-7.2324615,-2.051711,0.32681137,-1.8040242,-7.477276,-12.035812,-10.722777,-3.2566767,5.862626,11.540253,11.981451,8.610637
-556.9571,196.23755,124.77585,49.96093,2.2153664,-13.611576,-12.004185,-8.188372,-7.0020485,-6.1764135,-4.5821047,-4.259158,-6.222992,-8.00502,-6.717083,-2.9103355,0.32717565,1.5154452,2.1630838,3.5947804
-556.29675,195.87595,122.27933,47.490295,2.423512,-10.503867,-8.049177,-5.244955,-5.3210926,-5.2380943,-4.218986,-4.3497505,-5.890855,-6.132578,-3.5628605,-0.72398823,-1.0586047,-3.8425398,-4.491991,-0.5522979
-558.6451,190.095,113.65582,41.45558,1.5918641,-9.93258,-8.794297,-3.606973,2.3445373,4.318388,-0.6226915,-8.317723,-11.590801,-8.271078,-2.3163342,1.1514276,-0.19515993,-4.6778307,-7.363288,-4.3672523
-558.49677,188.176,108.78114,37.211323,-0.5196705,-13.179586,-15.429213,-10.594627,-1.4005303,2.029861,-5.882624,-16.601044,-18.384117,-10.939783,-2.884952,0.41894972,0.21536848,-0.9105342,-1.6047488,-0.9172915
-560.97687,186.51031,110.125534,38.621357,-2.3599102,-18.306412,-21.525501,-16.20238,-6.850569,-3.68001,-11.075632,-20.06351,-20.089539,-12.628389,-6.5736914,-4.8450785,-2.8828652,1.8282722,5.685975,4.707555
-564.4861,188.86533,124.55115,54.34121,3.7102537,-20.078571,-22.71294,-13.969864,-4.080377,-1.1115298,-6.1303654,-12.453407,-13.132875,-8.501313,-3.9939785,-2.011369,0.24806118,4.780566,8.601933,7.6636724
-569.9022,185.88092,129.90515,62.161697,6.654707,-22.564806,-26.031414,-15.029018,-2.9725623,2.0671134,-0.3184315,-5.620249,-9.004833,-8.323904,-4.2698064,1.2128181,6.3664713,9.97855,11.119218,9.185337
-571.0175,184.67906,129.67166,63.027893,8.129386,-21.367088,-25.741756,-15.4011,-2.9422643,3.4575803,2.1889968,-3.6077151,-9.272965,-11.135937,-7.7373095,-0.1414296,8.473112,14.13954,14.163368,8.822855
-563.9335,191.96582,130.91772,59.63304,4.9409437,-20.06858,-19.7322,-8.68317,-0.517962,-0.41235536,-5.3783693,-9.715448,-10.248529,-7.6783867,-4.4003716,-1.8069985,0.40033203,2.8583908,5.056347,5.42673
-563.97437,192.04147,131.29271,60.327923,6.020802,-18.387318,-17.348858,-6.043392,1.3831053,-0.08788676,-6.407376,-10.657766,-9.455845,-4.7831717,-0.98486125,-0.50702155,-2.203754,-3.1496553,-1.7421002,0.87144625
-568.6122,186.44153,127.89483,58.948746,5.5695543,-18.596848,-16.768322,-3.4594932,6.3025823,5.632086,-2.5109525,-10.219743,-11.641848,-6.947184,-1.0235348,1.231148,-1.1345086,-4.9603267,-6.24652,-3.7409697
-569.51544,184.09033,123.2962,52.925697,0.16304213,-21.78779,-17.579456,-2.9201784,6.8110285,5.0361834,-4.6705313,-13.682219,-15.550314,-10.273644,-3.0264316,0.89829415,0.2899434,-2.0829625,-3.0666084,-2.2382164
-568.36566,182.59483,116.44786,45.145267,-3.686557,-23.028503,-21.972813,-13.116962,-5.405262,-3.8080611,-9.320482,-17.66708,-21.448711,-16.74245,-7.2371545,-0.20245272,1.2735343,0.3540583,0.92525566,2.3533993
-557.9346,191.27576,115.75313,44.857372,4.0548477,-12.963525,-19.462265,-17.752,-8.036142,0.33003214,-2.5719736,-13.237204,-18.872925,-13.79781,-4.4481516,1.3351557,2.974494,3.6886573,4.2890725,3.7284522
-553.7375,194.67186,115.43965,45.353306,8.715648,-6.8331404,-16.642456,-18.908064,-9.788894,1.0346384,1.4090441,-6.410175,-10.801577,-7.669306,-2.8377314,-0.36421818,2.2836068,7.0596533,10.736173,9.656803
-559.03503,190.02432,116.13188,48.300983,9.465588,-9.177241,-19.544819,-19.931824,-8.351856,4.6407046,6.6076,-1.2814686,-8.113785,-8.027762,-3.744254,1.4314744,7.314371,12.889812,14.843533,11.399498
-558.4901,193.21188,122.5407,53.09406,9.623182,-10.122391,-16.963188,-15.222872,-6.864419,1.3127548,2.2018733,-3.7871428,-10.253624,-12.122307,-8.695007,-2.00186,4.71236,8.376916,8.376062,6.360278
-554.2632,197.98679,124.17308,51.32663,6.886652,-9.856516,-11.923886,-8.563755,-4.1920395,-2.2004666,-3.8989997,-6.972928,-8.227469,-6.741885,-3.6938424,-0.8929222,0.15226166,-0.47390038,-0.6092391,1.2926656
-557.27185,193.99753,121.84874,51.64254,8.011127,-9.539886,-10.487718,-4.3634305,-0.13361597,-1.8256133,-5.678437,-6.5770636,-4.889456,-3.7481954,-3.300641,-2.3178582,-2.3835654,-4.567872,-4.8368273,-0.0518436
-566.2137,185.8563,120.87358,50.990704,1.7226219,-18.336086,-13.70989,1.5832145,10.497982,5.788457,-5.0202055,-11.224987,-10.781121,-7.4187264,-3.3093567,-0.07187749,-0.6735365,-4.4986887,-5.8701105,-2.4483948
-570.8795,182.01697,120.88008,50.096542,-3.0474265,-25.147429,-20.84787,-6.4749184,1.9596457,-1.5454447,-11.881853,-19.773836,-19.790318,-13.143383,-4.9915047,0.046845227,0.8574418,-0.29024544,-0.6325666,0.14692304
-567.7752,186.21988,124.48839,52.78604,-1.407518,-24.81266,-22.336403,-9.765629,-1.754488,-3.6568031,-11.48999,-17.898666,-18.429466,-13.728556,-7.4029474,-2.5160265,0.19657686,1.597623,2.3911276,2.2586246
-567.3865,188.526,130.58777,61.500954,6.4052496,-21.04725,-23.053112,-12.479773,-2.9265122,-1.0354321,-5.2552853,-10.102391,-11.489954,-9.115081,-5.1448116,-1.4906398,1.547402,4.4381847,6.82707,7.1759076
-569.7031,186.17313,130.28015,62.76425,7.582597,-21.398981,-24.88125,-14.117474,-2.3032951,2.6796706,0.36567336,-5.0091968,-8.811949,-8.7515545,-5.084386,0.58998024,6.388113,10.516557,11.476732,8.641564
-570.71075,184.9154,129.5412,62.818752,8.373289,-20.35458,-24.148733,-13.801616,-1.9150819,3.6435049,1.6313789,-4.574916,-10.2332,-11.719082,-7.782575,0.13041389,8.466524,13.226505,12.208748,6.4431047
-563.89136,192.02676,130.99161,59.778297,5.2975535,-19.352688,-18.69998,-7.7037644,-0.116520375,-0.8144865,-6.14886,-9.9157715,-9.122261,-5.3503084,-1.9676534,-0.6670462,-0.49589723,0.35378173,2.2572858,3.687727
-562.0703,191.90616,126.945656,56.844063,7.666349,-13.956588,-15.315498,-7.4224205,-0.10601969,0.4365765,-5.1319227,-10.017981,-8.714468,-3.2460597,0.053645432,-1.2322273,-3.6062531,-3.4805684,-1.5210485,-0.14249197
-559.33856,189.40094,114.75958,45.5851,6.108549,-9.74156,-12.991919,-6.486534,4.5793395,8.210769,-0.51876754,-11.681037,-13.737112,-7.6749334,-2.1575825,-0.80595905,-1.046899,-1.4406345,-3.0517735,-5.0068617
-558.05927,188.53085,108.98917,38.12348,1.2618427,-11.568929,-14.791311,-10.301733,-0.41978633,3.4465346,-5.2533264,-17.1054,-19.003157,-10.906595,-2.8125172,-0.28668633,-0.7377207,-0.98197275,-1.1370103,-1.716659
-561.1758,187.03104,111.602295,39.437935,-2.7028742,-18.164806,-19.859276,-14.38041,-6.3296766,-3.6041412,-10.077941,-19.066532,-20.795582,-13.907143,-5.324228,-0.9181837,-0.3417972,-0.0055871606,2.194825,4.9780087
-559.61847,191.54681,120.51785,49.717308,3.9573317,-16.257292,-19.531723,-13.588662,-6.06318,-3.3024793,-6.228218,-10.908041,-12.8506565,-10.070589,-4.3941917,-0.07216951,1.0706788,1.9586179,5.3509083,8.7764635
-563.1437,190.00131,124.846466,55.643425,7.0053034,-16.425041,-21.236921,-15.299244,-6.0165524,-0.21940458,-0.8341038,-5.11191,-8.1407175,-7.584164,-4.517071,-0.7683742,3.2835348,7.9937406,12.073524,12.187242
-570.0149,183.88977,125.76625,60.05519,9.072465,-18.48032,-24.667545,-17.093159,-5.237561,2.8884392,3.606142,-1.4590758,-7.2970047,-9.632806,-7.4418755,-1.4734111,7.2955446,15.901686,18.827724,12.737551
-565.45825,189.85858,129.2554,59.01445,5.300023,-19.63969,-19.984348,-9.404638,-1.0138152,-0.48859772,-5.4013896,-9.75449,-9.751486,-6.3717194,-3.0584092,-1.4462022,-0.063916385,2.7827644,6.055685,6.8545074
-565.74585,189.85263,129.97147,60.111214,6.58893,-17.837107,-17.562082,-7.092102,0.16353716,-0.709865,-6.2793417,-10.301708,-9.4234295,-5.0480623,-1.0553269,-0.091328636,-1.6085156,-2.9169788,-1.958761,0.73880005
-567.6411,186.2164,125.14151,56.31819,5.614893,-16.761307,-15.937319,-4.5303574,4.9938602,5.4910364,-2.1327052,-10.558828,-12.618591,-7.653849,-1.2342203,1.1676883,-0.84541255,-3.8085415,-4.7572956,-3.2944894
-568.94385,183.19345,119.8002,49.889206,0.45014286,-19.26813,-16.115063,-3.6148667,5.83511,5.38054,-3.7607472,-13.515266,-15.72598,-9.608267,-1.8849586,0.86860555,-1.2532879,-3.3530726,-2.5322318,-0.77298003
-571.89734,179.41693,116.56438,46.334663,-4.2586913,-25.277832,-23.451033,-12.581194,-4.466566,-4.6051044,-11.566337,-19.044186,-20.690403,-15.288973,-7.4478383,-2.5496283,-1.3794186,-0.6337861,1.705198,3.3251925
-570.1231,184.39018,125.865326,56.37271,1.5552913,-24.714912,-24.889956,-12.596046,-2.407802,-1.5241746,-7.929278,-14.713198,-16.335115,-12.1770935,-5.602946,-0.38432327,2.088932,2.8326113,3.286783,3.6039796
-569.89465,185.88913,129.94333,62.352737,7.190097,-21.556416,-24.676737,-13.80531,-2.54101,1.2767842,-2.134613,-7.630149,-10.244315,-8.414349,-3.7811513,1.1274804,4.866807,7.272308,8.393454,7.713935
-571.3926,183.47092,127.64842,61.76966,8.66948,-20.0892,-25.371326,-15.8936825,-2.8218033,4.8363085,3.721725,-3.0316281,-8.839895,-8.870094,-3.2975926,3.9985852,9.469882,12.192523,12.560046,10.269143
-561.45294,190.62605,123.8513,57.60962,13.435457,-10.248691,-19.871964,-17.442604,-7.2366543,1.5372565,2.536772,-2.8906221,-9.602945,-13.146725,-10.850688,-3.0322976,6.131542,11.394501,10.434424,4.6544
-554.5417,196.58255,122.61255,52.957466,11.070363,-7.730633,-13.365635,-10.494915,-4.8925867,-3.233328,-5.5035267,-6.782195,-5.7790337,-5.058699,-5.0169964,-3.7184196,-1.1237278,1.0057462,2.0005264,2.1428785
-556.07324,194.71771,121.33293,51.65641,9.029327,-9.11183,-10.949,-3.8292465,1.6786485,-1.28411,-7.6804233,-8.846155,-4.701437,-1.2758251,-1.4392748,-3.6068277,-5.3088236,-4.5116754,-0.9008436,2.6748047
-561.21124,188.32416,116.8044,48.03134,4.3464503,-14.336456,-12.653188,1.0519601,10.723063,5.9990234,-6.0374265,-12.2162,-9.475524,-3.7337275,-0.48378396,-1.3651614,-4.2654057,-4.845788,-1.919316,0.34590074
-563.8236,185.13922,114.77515,46.684196,1.9578968,-19.449768,-20.35384,-7.232153,3.574083,-0.41884178,-13.283135,-20.352684,-16.429201,-7.7625704,-2.1749113,-2.0594726,-3.4585998,-1.064093,3.960997,4.754798
-566.65717,184.58572,118.67426,49.024708,0.18174547,-22.440914,-23.9995,-13.708872,-3.7313044,-3.5110145,-11.881071,-19.123413,-18.339775,-11.9820175,-6.618062,-4.419153,-2.2201104,2.0691452,5.385147,3.794255
-569.7205,185.62918,129.07103,62.07042,8.309364,-19.945778,-24.238415,-15.064356,-4.571344,-0.487793,-3.4529433,-8.827066,-11.557001,-10.036961,-5.9283276,-1.3194375,2.934127,6.3704576,7.882329,6.453293
-572.1846,183.76028,130.23495,64.41879,9.035761,-21.521461,-26.229393,-15.058735,-1.5540546,4.7825165,2.158558,-4.9251738,-10.182388,-9.818798,-4.186493,3.430429,9.37416,11.615284,10.211895,6.512258
-571.1614,184.78363,130.49617,64.55452,10.050806,-19.316368,-23.627026,-13.27923,-1.1809825,4.165406,1.3051906,-5.831949,-11.652922,-12.245763,-7.038056,1.3960302,8.936655,12.15625,10.128594,4.765513
-565.0276,191.03986,131.64587,62.28031,8.581474,-17.065357,-18.422564,-8.79929,-1.087101,-0.8584001,-5.712725,-9.85844,-9.731066,-6.243843,-2.6158352,-0.80075216,-0.23290835,0.55021155,1.904242,2.8378024
-565.25244,190.25616,130.5463,62.200386,9.967178,-15.004967,-16.112951,-6.1611323,1.1610702,-0.15596765,-6.3569117,-10.18004,-8.455602,-3.8243725,-0.8467295,-1.4028143,-3.4249885,-3.731134,-1.633403,0.9532881
-568.3882,185.86661,126.06477,57.32052,5.1865883,-17.686981,-14.489683,-0.28540957,8.537982,5.6147285,-3.7665834,-11.185133,-12.570923,-8.665234,-2.9247398,0.38064766,-0.4892634,-2.8072715,-3.0323415,-1.4437481
-572.41235,181.12991,122.85463,54.470345,1.8556457,-21.457817,-18.741972,-4.723978,5.1324515,3.6634803,-5.943372,-15.15974,-17.418535,-12.280067,-4.3693247,1.021382,1.8477975,-0.13686675,-2.0087886,-2.5305076
-568.7884,182.36368,117.44506,47.56946,-1.3450263,-22.417538,-22.396172,-12.655199,-4.3369064,-4.3575974,-11.66152,-18.9473,-19.929672,-14.552216,-7.4347477,-2.8639147,-1.521829,-0.9201618,1.1598915,3.3727086
-559.2467,191.3967,119.478386,49.677944,6.7444744,-12.030903,-17.379433,-14.435186,-7.3850927,-3.4776866,-6.178709,-10.852373,-11.70696,-8.873825,-5.7203484,-3.2075272,-0.22357863,3.185544,5.7403097,6.3915854
-558.59503,192.66351,121.330826,51.657356,8.248863,-11.338322,-17.36204,-14.137846,-5.415931,0.4798112,-1.6901102,-7.4991293,-9.605516,-7.0635514,-3.5551176,-0.3548343,3.7082767,7.703734,9.047224,7.406454
-566.38904,185.6257,122.03963,55.99485,9.41629,-15.072887,-21.777773,-15.152027,-3.1117897,4.27067,2.8756797,-3.15176,-7.90718,-8.772777,-5.3439794,1.868938,10.079563,14.733227,13.4908905,8.340779
-562.1029,190.69243,125.7456,58.393227,8.612923,-17.978775,-20.765928,-8.919781,0.4571819,-0.5450148,-5.738369,-8.378876,-8.006345,-5.6457295,-2.5925837,-1.0129876,0.03981504,3.4561322,7.052716,5.9740067
-560.2738,192.0466,125.44602,58.147697,9.253905,-15.923336,-16.478107,-4.429572,0.9984218,-4.0130816,-8.772178,-8.569401,-6.4642205,-3.0871458,0.09990361,-1.4872031,-5.3048973,-3.2883077,2.8120475,3.8345342
-563.1915,189.34343,123.293434,53.61357,5.261271,-14.592201,-11.707599,-0.6085885,4.1914773,-0.1603628,-6.296759,-8.755999,-7.8587,-4.960327,-1.8600202,-1.5547467,-3.6966784,-3.9434323,-1.3308764,0.11578603
-569.3948,183.6644,121.81366,51.42958,0.43285757,-19.021675,-13.754198,-0.70325506,5.9603457,2.4392204,-6.0446644,-12.136148,-12.361158,-8.321398,-3.8149557,-1.3915336,-1.1125679,-1.66278,-2.086142,-2.5162244
-572.28723,180.05676,119.27959,49.59109,-2.1238744,-24.011744,-21.93877,-11.063001,-4.265833,-5.6902385,-11.896467,-17.210012,-18.22783,-14.984726,-9.564478,-4.2241488,-0.34980345,1.6387522,1.8805125,0.6305324
-570.3023,184.21117,126.05307,57.324352,3.2478867,-23.07396,-24.373785,-13.53916,-3.963067,-2.4243302,-7.730812,-14.164329,-16.454796,-13.116195,-6.592054,-0.74084544,2.1836038,2.7052412,2.7177062,3.0822442
-569.7201,186.16757,130.47751,63.506218,8.946941,-19.91518,-24.0702,-14.416538,-3.5360234,0.91717297,-1.7489502,-7.4073515,-11.064716,-10.096025,-5.230283,0.75717247,5.3113947,7.5125933,7.754499,6.475643
-573.5563,182.22104,129.69678,64.95083,10.088973,-20.808233,-26.411715,-15.874033,-2.009729,5.6362844,4.3309617,-2.5648274,-9.077133,-10.463921,-5.5445757,3.201049,11.379427,15.182184,13.323688,7.4451957
-565.9548,189.27829,128.96652,59.203506,6.2988796,-17.839718,-18.303474,-9.050207,-1.9216385,-0.8861056,-3.628841,-6.529633,-7.8671474,-7.5536356,-5.530902,-1.47872,3.9796546,8.57004,9.620345,6.33718
-563.3223,191.92719,129.59865,59.08279,7.362578,-15.195325,-15.604834,-8.077843,-3.0560994,-3.1340976,-5.788396,-7.894742,-8.040308,-6.3682165,-3.697668,-1.0190095,0.77657247,1.258077,0.7063153,-0.1104777
-562.5471,190.34349,124.21576,55.35878,9.988374,-9.01502,-12.642228,-10.033819,-4.4484177,0.97401804,1.2385138,-4.850036,-11.285604,-10.870827,-3.7630968,2.6749015,2.574598,-2.228837,-5.4715443,-3.9387417
-562.8259,186.40257,114.384674,45.03927,5.291827,-7.8743744,-9.241087,-6.0991745,0.521439,6.025216,3.604243,-6.0920086,-13.909861,-12.688945,-4.9513807,1.4731226,2.3625932,-0.48961085,-3.455508,-4.7719355
-565.31366,183.3295,112.1058,42.755867,1.7029951,-13.056611,-14.848735,-11.198055,-5.0198784,-1.609407,-5.697733,-14.319565,-19.01273,-15.358451,-6.9195786,0.045700982,2.6277118,1.8503405,0.10587804,-0.939876
-566.3737,184.08603,116.38743,46.31121,-0.28610772,-20.090523,-21.858751,-14.825004,-7.0492887,-5.265687,-10.475817,-16.8499,-18.426495,-14.970668,-9.682457,-4.4974513,-0.30222535,1.3402271,0.2655072,-0.7084621
-565.7499,187.498,124.7551,56.94861,7.7211046,-16.933905,-21.708729,-14.659149,-5.3977423,-1.9079282,-5.1364717,-9.455452,-10.172357,-8.16544,-6.090096,-3.6162682,0.70365256,5.446875,7.6776724,6.7003593
-567.13513,186.50555,125.39429,58.058945,8.242955,-16.920288,-21.76947,-14.336274,-3.7189596,2.0054471,0.35197246,-4.442005,-7.1493053,-6.9338923,-5.35176,-1.7180579,5.524901,13.53794,15.6421795,8.930647
-567.97504,186.29031,126.790886,59.80568,9.31868,-16.010065,-20.323051,-12.731665,-2.583039,2.741363,0.57975113,-5.7381296,-10.326035,-10.068062,-5.910141,0.14152153,6.842605,12.140781,12.595848,6.848137
-565.2411,190.18764,130.39539,62.348442,10.542983,-15.256046,-18.950428,-10.871035,-1.8209443,0.8638207,-3.6148796,-9.767409,-11.293219,-7.228037,-1.9432291,0.61127543,0.820077,1.0961789,1.826771,1.5548761
-567.171,188.61014,131.07675,64.29493,12.251532,-13.934757,-17.060852,-8.117484,0.7088604,1.9743018,-3.739571,-9.791664,-10.244937,-5.423573,-0.5705768,0.37568998,-1.6192462,-3.1411705,-2.5453653,-0.742015
-568.44037,185.81738,125.96614,57.44378,6.4396677,-15.3386545,-12.905991,-0.76762486,7.30942,5.5996633,-2.5287578,-9.642321,-11.059938,-7.7416058,-3.5682185,-1.0686541,-0.24997824,-0.37236416,-1.2061222,-2.4725938
-571.9614,181.83472,123.73249,55.64198,3.4843574,-19.444963,-16.938461,-3.913877,4.7680864,2.8942971,-5.9659195,-13.86575,-15.318087,-10.563389,-3.882918,0.5441026,1.5155698,0.55031466,-0.44115674,-1.0412391
-574.0546,178.47519,119.485504,50.572872,-2.2205095,-26.036232,-25.006466,-13.572859,-5.4389415,-6.0229406,-12.281391,-17.912285,-18.83593,-15.158985,-9.51531,-4.349575,-0.5919308,1.835391,2.9457889,2.3785555
-570.93207,184.10866,127.6388,60.123623,5.9558783,-21.501472,-24.15208,-14.248331,-4.902741,-2.7119484,-6.4751787,-11.109936,-12.632122,-10.481825,-6.4770994,-2.4358907,1.0751677,4.1411324,6.2811766,6.246423
-570.51514,185.40259,130.34329,63.49996,8.462412,-20.734276,-24.365053,-13.548951,-1.8490185,2.400064,-1.152178,-7.4281125,-10.885199,-9.204004,-3.7776768,2.3147745,6.6766715,8.561165,8.303074,6.34988
-569.19824,183.90247,123.9151,58.465004,10.16218,-15.452449,-22.567003,-16.428665,-3.6426187,5.955785,4.8941927,-4.4435244,-11.935022,-10.40523,-2.003365,6.3409667,10.732426,11.780815,10.749468,7.6172357
-561.2024,190.81668,122.88661,54.912285,11.223368,-9.0814085,-16.14259,-14.777597,-7.322712,-0.34554935,-0.4063069,-6.1086807,-10.235181,-8.910545,-4.503788,-0.3244979,3.0179033,5.4488173,5.6418276,3.1994996
-561.0918,191.35648,124.10008,56.267387,12.229347,-7.805625,-13.47764,-11.222341,-5.4914145,-2.060688,-3.8133144,-7.3676105,-8.151336,-6.151346,-3.835231,-1.7218649,0.4306426,0.9674272,-0.9446396,-2.1963167
-562.49365,189.11673,121.4667,53.514328,9.512688,-9.933001,-13.107958,-6.3156824,3.0110419,5.4117184,-1.795838,-10.683511,-12.622713,-8.034077,-2.7999132,0.21586025,1.3057231,-0.19843704,-4.0608735,-5.7876854
-565.3205,184.58102,116.343704,48.994682,6.089198,-12.853224,-15.145184,-5.6447506,6.6057873,8.482577,-3.0652978,-15.413366,-15.745504,-6.604048,0.10501218,-0.41566896,-2.882719,-2.6320162,-1.2923977,-1.6225133
-568.32025,181.51262,114.86085,46.77047,1.3908569,-19.239735,-22.102211,-13.734887,-3.205564,-1.4984775,-10.845367,-20.619137,-20.015741,-11.228666,-4.680667,-4.383175,-4.7033997,-0.8375202,4.149827,4.5747867
-568.3807,185.0748,123.93487,55.217022,4.156606,-19.96126,-22.145912,-13.459604,-4.704073,-2.84564,-8.261355,-14.934612,-16.071884,-10.859749,-4.638232,-2.0499105,-1.8393606,0.18951376,4.5574865,6.9867387
-570.1578,185.96935,131.1614,64.80383,10.259485,-18.888672,-23.198559,-13.553417,-2.8683016,1.0635504,-2.1256454,-7.896446,-11.288208,-10.133692,-5.4691415,0.169033,4.693388,7.2343493,7.694888,6.102353
-573.09534,182.79797,130.21455,65.66986,11.216406,-19.355585,-24.857092,-14.3396,-0.633423,6.4042025,3.9020915,-4.173883,-10.8108425,-10.945015,-4.4676933,4.528324,11.172689,12.956975,10.432161,5.76595
-566.71216,188.5857,129.0939,59.924088,6.988736,-17.503445,-17.91472,-7.9005165,0.0059317797,0.7038225,-3.711029,-8.24948,-9.336724,-6.6013403,-2.0320756,2.0658927,4.6119184,5.828529,6.178183,5.446472
-564.1909,191.25165,130.26053,60.95067,9.307133,-14.322746,-15.629835,-7.5535064,-1.1480286,-1.1528348,-5.989846,-10.503032,-10.258511,-5.213917,0.35022524,2.0838919,-0.114076935,-2.4174814,-1.6315488,1.3226845
-564.8351,189.99684,128.52292,59.559372,9.279509,-12.812315,-13.296316,-5.086357,1.4242997,1.6768787,-3.456181,-9.44565,-11.271944,-7.3941183,-1.2791624,1.8267794,0.09362936,-3.353786,-4.2413845,-1.765192
-569.5023,184.10202,123.864006,55.349854,5.0595393,-15.740086,-12.842155,-0.7974245,7.4316826,6.3970404,-1.6168602,-10.121298,-13.273631,-9.712837,-3.1140723,1.1479151,0.60998356,-2.596585,-4.5659094,-3.8650165
-572.02356,180.41342,120.39639,53.029327,3.7457182,-18.110012,-18.491772,-9.4819975,-1.4268957,-0.0075247996,-5.799795,-14.532742,-19.473598,-16.376793,-7.271679,1.175885,3.7203252,0.94975185,-2.4043627,-3.0285592
-569.07367,181.80045,117.137024,49.01515,2.430801,-18.999529,-23.665504,-19.06533,-10.273698,-4.1175857,-6.769032,-16.427845,-23.316933,-19.84614,-8.9406185,-0.18219708,0.98334193,-2.199003,-3.5070038,-1.2876723
-563.3251,188.49655,121.79796,54.0905,9.3515415,-12.052734,-19.243439,-17.572897,-9.982521,-2.5654337,-2.1104138,-8.737678,-14.68659,-12.641019,-4.345829,1.7615685,1.6131523,0.18608814,3.0019097,7.2928963
-563.9524,188.54897,123.29666,55.17242,8.198244,-14.159609,-18.889751,-13.6150465,-5.038575,0.7571668,0.08036544,-6.084222,-11.660191,-9.95724,-1.4279381,5.6389894,5.7385397,3.6723006,6.2201147,10.48275
-567.21466,184.98944,122.70561,57.543434,10.703277,-13.800381,-19.823776,-14.32806,-5.292283,1.6745305,3.1936502,-2.3530803,-10.771304,-12.921942,-5.297419,5.089375,10.295589,10.322089,9.021084,6.8518534
-563.5094,189.80829,126.053345,58.601013,10.399365,-12.738902,-15.988306,-10.341681,-5.5746427,-4.090001,-4.322049,-6.0290756,-7.9830933,-6.8583765,-2.7704453,-0.018005438,-0.06648621,0.34984428,2.9383295,4.732527
-564.7669,189.78665,127.80297,58.843376,9.2699795,-11.975824,-12.454533,-5.8356586,-2.0922084,-3.7042842,-7.3854847,-8.601417,-5.9408135,-2.2520282,-1.3078103,-3.351202,-4.8550234,-2.9640732,0.97669667,3.1471276
-568.7154,185.36441,125.18884,56.18244,5.2610073,-15.44333,-11.858976,0.039256632,6.354249,2.9563398,-5.213472,-10.768414,-10.34763,-6.160904,-2.5617895,-1.6946113,-2.2996604,-2.097409,-0.6570156,0.28706768
-574.2305,179.26888,122.697464,56.112087,4.635567,-18.616009,-16.971123,-4.6621647,3.8525045,2.272399,-6.2196045,-13.995337,-15.593855,-11.051191,-4.446003,0.07229524,1.1775924,0.25444636,-0.8232058,-1.5906035
-576.14453,176.6369,120.045135,52.82482,-0.21245357,-25.676506,-26.07151,-14.71484,-5.6409073,-5.5144596,-12.095507,-18.686874,-20.166508,-16.133722,-9.781679,-4.529975,-1.6031821,-0.18401656,0.7478128,1.0334352
-570.0244,184.58154,126.76692,59.275795,6.8261013,-18.96024,-21.821316,-13.899882,-6.4635077,-4.530631,-7.0352063,-10.297207,-11.550775,-10.383266,-7.8322544,-4.630453,-0.6168455,4.0729294,7.672268,7.4759054
-566.4103,187.85272,126.94124,59.167927,9.585974,-14.07221,-18.573723,-14.146988,-7.4031944,-1.732522,0.32332438,-2.393504,-7.7555647,-11.114094,-8.948485,-1.7241077,6.6977596,11.994732,11.918646,7.0749598
-568.60236,184.71928,124.00391,57.130318,9.044267,-13.345905,-17.511885,-13.349534,-6.3699255,0.49985224,3.7097116,0.7031305,-6.2591877,-10.623045,-7.309782,2.3977287,12.167853,16.329697,13.874485,7.6591673
-564.3742,190.07251,127.609604,58.476234,8.852402,-13.204258,-15.430333,-9.8600445,-4.4327035,-2.152964,-3.377068,-6.663554,-8.951519,-7.5649033,-2.916017,1.6592286,3.3976684,2.8974628,2.7498653,3.81405
-565.6402,188.9946,128.50558,61.733795,13.188974,-10.153526,-15.01619,-11.042519,-4.995956,-1.2377036,-2.282835,-7.0077252,-10.567765,-8.74675,-2.655717,2.147104,1.6951258,-2.0658178,-3.7710495,-1.0421443
-564.6341,187.84259,123.07098,56.046585,11.888723,-7.173369,-11.278515,-8.223054,-1.4917369,3.9568326,2.1760774,-6.5141315,-13.797745,-12.154389,-3.5815868,3.0248063,2.2582555,-2.6291838,-4.9753866,-2.6134067
-568.7198,182.05531,117.669785,51.953766,9.679727,-7.8583155,-11.257971,-7.951724,-0.8070382,5.443099,4.351244,-4.8344574,-14.345313,-15.342128,-7.2284565,2.0680718,4.7240944,0.5441445,-4.4238176,-5.5266714
-570.1409,179.88397,115.35488,49.441895,5.8226132,-14.274471,-19.470596,-15.927886,-8.075174,-2.4665318,-4.3988132,-12.169584,-18.304535,-16.9986,-9.367338,-1.5601523,1.5107397,0.45219886,-0.3632371,1.3320203
-567.96375,182.4736,117.74344,52.215096,6.7655745,-17.629066,-24.932188,-18.82626,-7.533742,-1.6548169,-5.583038,-14.479702,-19.239588,-14.607378,-4.675246,1.1892583,-0.11564182,-1.9964275,1.1212354,5.6157618
-564.67255,187.07474,122.86647,57.881668,10.794098,-16.236664,-23.415035,-14.825403,-2.4044862,2.699301,-1.9214408,-11.058676,-15.602182,-9.7858095,0.5452875,4.3721733,1.8262091,2.5789742,7.9017615,8.848364
-569.19006,184.08954,124.728745,59.52127,9.864238,-17.090183,-22.663494,-13.405392,-0.2432224,6.3334546,2.534247,-6.7424726,-12.156349,-8.549288,0.02406028,6.252071,8.83569,10.9697895,12.0271845,8.184043
-568.30756,187.16263,129.6502,62.17884,9.156214,-17.281239,-19.61996,-9.489076,0.335038,2.3658445,-2.9542952,-9.524653,-11.382278,-7.480671,-1.3852702,3.0783706,5.072769,5.8138304,5.832074,4.419581
-568.2908,188.28627,132.86714,66.37122,12.629639,-15.103798,-18.405956,-9.185902,-0.5959258,0.4675045,-4.737258,-10.314636,-11.242909,-6.9271755,-0.84040165,2.7785912,2.2953987,-0.46114945,-2.250669,-1.416522
-568.71136,187.54999,131.81314,65.15408,11.865278,-14.541504,-15.969469,-5.225443,3.6457653,3.5759058,-3.4458082,-10.46104,-11.873975,-7.3425574,-1.0389559,2.3158836,1.1647205,-2.1983943,-4.0872,-2.7113655
-571.13275,183.18874,125.621185,58.33541,7.0286245,-15.323454,-12.735607,-0.0534726,8.225498,6.2805104,-2.2384665,-9.745781,-11.329585,-7.5821133,-2.6067648,0.04554513,-0.16041754,-1.4229639,-2.04594,-2.0726628
-574.2719,179.36926,123.19266,56.982723,5.481041,-18.491098,-18.166433,-7.1743326,0.8357767,-0.022924118,-6.980413,-13.464944,-14.945549,-11.480173,-6.150178,-1.8280814,0.67348176,2.006372,2.5871887,1.8360183
-575.0569,178.31314,122.35756,56.266464,3.7859,-23.038893,-26.421207,-17.254795,-7.2357984,-3.5636358,-7.3530216,-14.739569,-19.795399,-18.406155,-11.118284,-2.6208029,2.150947,1.991833,-0.25996903,-1.2428038
-569.32465,185.09454,127.146774,61.379173,10.936972,-15.804365,-22.713919,-17.64882,-7.9860525,-0.43504146,0.026963912,-6.6174803,-14.4488125,-16.07445,-9.233532,1.075348,7.41457,6.8937635,3.080373,1.0164629
-564.61957,188.24557,124.079315,56.700798,10.437679,-11.982368,-18.868202,-15.962273,-6.170763,3.7489657,4.7703624,-4.5535574,-14.599382,-14.508623,-3.961019,7.4074163,11.288771,8.421255,4.863263,3.73458
-563.9749,187.41742,120.59857,53.67697,10.796949,-9.225849,-16.786274,-15.498578,-5.702821,5.103135,5.633552,-5.3150964,-15.549624,-13.291747,-0.54269725,10.595034,12.296331,7.648674,3.8901691,3.527076
-563.5503,189.33255,125.046394,59.210194,14.935149,-7.5338287,-16.803633,-16.499542,-8.038412,1.3309381,2.0649385,-6.511729,-14.419936,-12.437633,-2.3114524,6.255432,6.660965,1.2107943,-3.094831,-2.2714162
-565.0626,188.80092,127.13199,61.389565,14.839827,-8.480415,-15.0816345,-11.547857,-3.72483,1.2447009,-1.3246546,-8.5725155,-12.619965,-9.084614,-1.5070484,2.996911,1.2430387,-3.322956,-4.79567,-1.2679744
-567.2597,185.4518,123.51469,57.8638,11.481344,-10.95904,-14.227881,-5.472092,5.0407953,6.828512,-1.752432,-11.665852,-13.923164,-9.041331,-3.4962745,-0.8100556,-0.0010346323,0.04888946,-0.7292139,-1.7372836
-572.0779,179.50954,119.52206,55.376747,9.048134,-14.031803,-16.853249,-6.2701035,5.3501663,5.7194757,-5.3831224,-15.693511,-15.574581,-8.555349,-3.600282,-2.6333995,-1.4109371,1.105789,1.3050787,-2.093223
-573.3454,177.70258,117.085754,51.18406,2.9056642,-21.205753,-24.699432,-15.5881,-5.4312735,-4.1535516,-11.517906,-18.200756,-17.811527,-13.56782,-10.834828,-8.5925255,-3.2373867,3.0823352,4.4192286,0.054685757
-571.03186,182.69727,124.91588,59.415024,9.066348,-17.400028,-23.161873,-16.947292,-8.425982,-4.317608,-5.5038776,-8.596127,-10.824017,-11.902229,-11.308632,-7.089958,0.6514444,7.470642,8.588684,4.2095375
-571.3165,184.35608,129.94879,64.741425,11.571202,-17.246815,-22.881836,-15.107086,-4.7905254,1.1143621,0.6298222,-4.463827,-10.275465,-12.563621,-8.901363,-0.47007534,8.212624,12.200337,9.720385,3.3866997
-573.02563,181.71771,126.90361,61.69136,9.412161,-17.597431,-21.064224,-11.672224,-1.0732646,3.6699812,1.4322894,-4.542833,-9.313614,-9.030421,-3.099484,5.4198055,11.841194,13.139375,9.90053,5.242506
-569.2415,186.17772,129.31146,62.30961,9.670264,-16.319305,-18.739494,-9.902194,-1.8843791,-0.30305764,-3.9100907,-8.162037,-9.272364,-6.3762717,-1.3547786,2.897039,4.510424,3.7299023,2.3276978,1.8132997
-568.85095,186.84009,130.2957,63.80465,11.787039,-13.705887,-16.170113,-8.264536,-1.9153262,-1.9190595,-6.001417,-9.271238,-8.784226,-5.2016983,-1.3574579,0.38700342,-0.16820902,-1.3621416,-1.4254091,-0.1258048
-568.5035,186.03728,126.95041,59.32248,8.93561,-13.182587,-12.62112,-3.2427325,3.1818233,2.3307326,-3.5135174,-9.386436,-11.350674,-8.559828,-3.366515,0.5142573,0.8670261,-1.3006624,-2.9363725,-2.148546
-574.64355,178.68271,122.67749,57.852734,8.405813,-14.496998,-14.723431,-4.4402,4.5280476,5.9099417,-0.09929488,-8.704817,-13.917072,-12.418293,-5.8170137,0.7328862,2.848032,0.38464606,-3.2501457,-5.0332565
-575.43427,176.3978,118.93594,55.039593,7.4064603,-16.875507,-22.510685,-17.502117,-8.937004,-2.6666818,-2.737803,-9.431372,-18.08226,-21.418148,-15.420753,-3.774784,4.95796,5.690625,1.1714869,-2.7745059
-569.8824,181.81097,120.21544,55.196808,8.928421,-15.51988,-23.761898,-20.739384,-11.5852585,-3.5732813,-2.5423617,-8.701577,-16.842228,-19.903992,-13.972495,-2.4626472,5.763719,5.308318,0.16144735,-2.1866386
-566.4215,186.82838,125.33485,60.18446,13.737077,-11.138639,-20.487314,-18.454145,-8.635562,1.260146,2.9066453,-4.644765,-13.657812,-15.286331,-7.7330704,2.8133633,8.516184,7.174513,3.3525047,2.1442492
-567.00476,185.25455,123.0913,59.254047,14.753847,-10.069325,-20.451616,-17.309536,-4.1251583,7.2768517,6.1934767,-4.8210936,-13.2311535,-10.941618,-1.2923942,7.366871,10.529581,9.297781,6.92396,5.441845
-565.6631,186.512,123.72306,60.800774,17.523088,-8.046719,-20.62189,-18.328758,-4.018718,7.7983923,4.7767625,-8.07667,-15.176176,-9.752466,0.5809556,6.319364,6.5579305,5.4874864,4.770214,3.315555
-566.4489,187.40013,127.72627,64.745636,18.82843,-7.8872232,-19.072994,-16.257309,-4.651442,3.6303625,0.10745615,-9.840603,-13.752743,-7.757537,0.17807281,2.3056297,0.18533355,-0.49690354,0.98376524,1.0136399
-567.4204,187.6844,129.48775,63.526543,13.482464,-11.385759,-14.821195,-6.834649,1.6662254,3.1651826,-2.696539,-9.667326,-11.363854,-7.4831343,-2.7119126,-0.5003576,-0.14614221,0.11746005,0.012917858,-1.2868718
-572.1057,182.34143,126.01773,59.893143,8.940967,-14.045361,-12.629566,-0.9064707,7.161994,5.738849,-2.030859,-9.159273,-10.994141,-7.888812,-3.417655,-0.71833277,-0.3286978,-0.8498477,-1.0864378,-1.3258698
-575.65326,178.07172,123.44649,58.72325,7.795859,-16.704727,-17.484932,-7.360161,0.5487882,0.289705,-5.898101,-12.024552,-13.81088,-11.1286545,-6.6114593,-2.721408,-0.12362576,1.6701585,2.7212286,2.1100528
-577.50574,175.8182,121.66068,56.26058,2.9813046,-24.613405,-27.422546,-17.03479,-6.962925,-4.8505692,-10.035341,-16.72001,-19.413643,-16.576061,-10.541638,-4.808665,-1.365989,-0.014381876,0.38971224,0.37155563
-573.90375,181.35416,128.60947,64.91536,11.601181,-19.010014,-25.945002,-17.290909,-5.3250613,0.13903546,-2.9963238,-9.719477,-13.844683,-13.020442,-8.516454,-2.399747,3.4812324,6.999489,6.612857,3.0755043
-574.57513,181.24698,130.16498,67.420044,13.820043,-17.646141,-25.149775,-16.231705,-2.8704567,4.743989,3.0274954,-4.542032,-11.412733,-12.803444,-7.8627357,0.97598517,9.539625,13.644302,11.307458,4.3482637
-572.764,182.34026,127.8514,62.39167,9.484798,-17.576063,-20.087568,-9.715525,0.3708422,2.9273252,-1.3751762,-7.1749754,-9.45653,-6.746847,-1.0102366,4.632024,8.112368,9.077354,8.134465,5.86138
-567.52966,187.5126,129.00964,62.449974,12.3012705,-12.004936,-15.726001,-10.090824,-4.26129,-2.3993678,-4.3869624,-7.575634,-8.785059,-6.442392,-1.7874982,2.0826159,2.865171,1.1088729,-0.41696027,0.31447202
-563.4915,189.73553,125.58742,58.997494,14.595566,-5.4389286,-11.074554,-10.125698,-5.7449656,-1.367988,-1.2131792,-5.5382366,-9.415415,-8.3004,-3.2844582,0.7446439,1.0652857,-0.6209228,-1.4434073,-0.7445648
-564.0434,186.5152,119.50461,55.03588,14.845295,-4.2123013,-10.670953,-8.107123,-0.809046,3.9433935,2.1506765,-4.0177116,-9.8797035,-11.596494,-7.8403225,-1.3466009,2.9025383,2.8813663,0.80109966,-1.2306544
-572.7535,177.54361,117.89441,58.50687,16.659039,-8.257198,-17.904274,-12.979837,-1.3098319,5.7373514,3.576562,-4.6534467,-13.174213,-15.903179,-9.79603,0.45298427,6.0818443,4.3156486,-0.13598372,-3.2188811
-572.2074,176.11063,113.15004,52.42174,8.951817,-18.030224,-26.55301,-18.589308,-7.3451476,-3.8791316,-7.5865116,-13.506302,-17.759363,-16.6012,-9.891502,-3.1068158,-0.2546845,0.5963515,1.9722286,2.8959737
-565.35834,183.10413,116.874344,57.063515,14.487444,-15.36087,-26.48663,-17.668165,-5.126399,-2.1888375,-6.325478,-11.26491,-14.282953,-12.833745,-7.082613,-1.6572562,1.1555666,3.229125,4.8271933,4.318763
-565.0342,186.99539,123.780975,59.701443,12.779981,-14.967144,-22.687069,-13.350457,-0.2526136,3.1933422,-3.5864158,-11.301186,-12.702169,-8.14431,-2.1650214,2.100493,4.5632915,6.099716,6.935539,6.503784
-572.81104,182.09,127.264786,61.69465,8.997305,-17.776154,-20.113241,-9.546221,0.9677867,4.023687,-0.24048385,-6.7782736,-10.132929,-7.8477125,-1.243314,6.157468,11.051218,12.014581,9.67267,5.746255
-569.73645,185.59494,129.07486,62.579018,10.419628,-15.325827,-17.801144,-9.204741,-1.4836292,-0.23568316,-4.2058706,-8.679405,-9.60411,-6.094212,-0.4475866,3.8957882,4.9668508,3.5287895,1.9777243,1.8758855
-570.2879,185.60687,130.73038,65.34131,13.152214,-13.193818,-16.126764,-7.975258,-1.3110747,-1.6542137,-6.615632,-10.469936,-9.672218,-5.173914,-0.64234734,1.064597,-0.0024446556,-1.6011106,-1.6936859,-0.23252337
-570.3445,184.77328,128.32565,62.02958,10.662043,-13.248978,-13.230093,-2.9168363,4.2692227,2.6904163,-4.6727276,-11.042059,-11.853843,-7.6354055,-2.4184308,0.17952238,-0.32760942,-1.7723083,-2.0051193,-0.9836105
-576.1626,177.7211,123.966965,60.139244,9.87895,-14.011951,-13.933819,-2.7470963,5.8821893,5.3773804,-2.0837607,-9.787735,-12.460635,-9.582287,-4.4492702,-0.7764746,0.0073604584,-1.0933836,-2.4551907,-3.5418968
-576.6551,176.86569,122.68707,58.203285,6.8957996,-18.673544,-20.803747,-11.610615,-3.664258,-2.9303455,-7.8062096,-13.158096,-15.174157,-13.4503565,-9.803459,-5.9563017,-2.460301,0.6230454,2.6253386,2.2917967
-574.6896,179.17966,123.82675,57.871696,5.0725737,-21.78329,-24.681095,-15.532654,-7.0009437,-5.293602,-9.058954,-13.501509,-15.127411,-13.451681,-9.791729,-5.497624,-1.2564344,2.4773133,4.791539,4.43839
-569.8995,185.06024,128.32321,62.332756,10.349015,-16.844398,-21.543528,-13.582579,-3.9334507,0.15957087,-2.607107,-8.624416,-12.7151785,-11.738472,-6.402619,-0.033003256,4.654949,7.260645,8.043222,6.0737033
-566.8386,186.32793,124.26756,57.28685,9.674155,-12.991482,-17.126598,-10.825131,-1.4019597,3.7027388,0.43150458,-7.488767,-11.693206,-8.062952,-0.42944226,5.1710253,7.3254337,8.527866,9.688204,8.517866
-564.0083,188.49481,123.319595,55.69692,10.0128,-11.039953,-15.386259,-10.151415,-1.7875874,2.0979273,-1.9954014,-8.957697,-10.630597,-5.190629,1.9533255,5.5453863,5.4648504,4.5221057,4.381565,4.5752687
-565.70264,187.81317,126.69127,62.36953,16.087296,-9.158981,-17.293472,-12.524946,-2.9033158,0.95587337,-4.27051,-11.23585,-11.7012615,-5.826128,0.47351336,3.1406443,2.043611,-0.95106244,-2.7943974,-0.99369985
-565.7119,187.20004,125.34593,61.59742,16.728176,-7.639848,-15.44037,-9.998244,0.31988233,3.714347,-2.9723644,-10.990645,-11.909075,-7.118123,-2.4216084,0.22173381,1.3130834,-0.033369713,-3.1895628,-3.7083538
-570.7548,180.68216,120.97159,60.313343,17.075565,-8.29685,-17.12088,-9.509907,5.039031,10.320675,1.2976458,-10.61224,-13.848016,-9.646028,-4.9514847,-1.453132,2.0002012,3.0039403,-0.7310759,-5.429495
-575.9826,175.9958,120.75943,60.702805,14.2886505,-13.440716,-21.867191,-13.620705,-0.1067801,4.1937103,-3.492249,-12.499281,-14.067169,-10.979208,-8.926351,-6.59387,-0.67777944,5.271202,4.972414,-0.6351734
-575.8169,177.22922,122.490204,59.362404,8.4346895,-20.698053,-27.27051,-17.891811,-5.5048857,-1.8362132,-7.971585,-15.545616,-17.744728,-15.332915,-11.616188,-6.9873734,-1.2785888,2.773625,2.5143805,-0.47396135
-574.9225,180.96906,130.26505,67.642334,13.859892,-17.899324,-25.91758,-18.125523,-6.412891,-0.043038983,-1.6699383,-8.000875,-13.702551,-15.031527,-11.163986,-3.8601859,3.4915214,7.4762645,6.626154,2.2457643
-572.0888,183.89978,130.76468,66.13402,12.28422,-17.27266,-21.987942,-11.922544,-0.52144545,3.4183993,-0.6218976,-7.500186,-11.696721,-10.637882,-5.074405,2.0285182,7.3194723,9.047773,7.6648874,4.522907
-572.7796,182.4239,128.14478,62.82171,9.981369,-16.883734,-18.955729,-8.131344,1.957785,3.827135,-1.5190781,-7.9723787,-9.961256,-6.1737905,0.59740525,6.364365,8.854484,8.361621,6.50883,4.474722
-571.70776,184.68161,132.03455,67.90101,14.722694,-14.091682,-18.831944,-10.2246685,-1.2109413,0.68317,-4.005412,-9.6167755,-10.8626175,-6.7234135,-0.41957548,3.7467792,3.7995508,1.1539657,-1.1146784,-1.0623264
-570.88513,185.5962,132.44225,68.06556,15.277759,-12.619971,-16.45922,-7.5593834,0.9212408,1.7567787,-3.9439273,-10.110537,-11.484504,-7.4298735,-1.536113,1.8837943,1.2395586,-1.5687063,-3.2730937,-2.1972
-571.25494,183.82675,128.17113,62.644905,11.713217,-12.091064,-12.127331,-1.8673812,5.4145784,4.1707635,-2.7891402,-9.205142,-10.98694,-8.431266,-4.482402,-1.6136022,-0.25867033,0.39609978,0.74979115,0.19649133
-576.60925,177.29091,124.12258,61.087196,11.341568,-12.902581,-14.194014,-4.715317,3.052463,3.2790363,-2.335197,-8.574693,-11.478674,-10.4185295,-7.0569067,-3.2369204,0.05437441,2.26141,2.5908759,0.28838363
-576.1635,175.74117,118.89484,55.062363,6.9402676,-17.718615,-23.21783,-17.828377,-9.283928,-3.883319,-5.0657363,-11.3385105,-17.26408,-18.13198,-13.598881,-6.627989,-0.17846236,4.0509562,4.9098864,1.9710624
-572.7728,180.01985,123.10724,60.562836,12.554432,-14.975382,-24.46896,-21.40906,-11.999071,-2.6329844,0.21388367,-6.0948935,-15.705878,-18.942905,-12.914116,-3.1894183,4.1082563,7.0376964,6.179639,2.7963567
-566.6749,186.70895,125.64578,59.916504,11.460384,-13.93825,-19.633873,-12.998344,-3.4148576,1.3610233,-1.4209175,-8.742056,-13.85132,-11.69071,-3.862791,3.4448853,6.327863,5.941557,5.2817025,5.2960205
-568.4787,184.36131,123.46102,57.693863,9.886562,-13.770223,-17.360477,-9.134672,0.660262,3.7127204,-1.3976486,-8.989833,-11.649129,-6.5478916,2.398035,8.550444,9.086738,7.0294447,6.578552,7.7226686
-568.8833,185.19171,126.84352,62.28086,13.856554,-11.74149,-18.240936,-12.45917,-2.7395303,2.1419945,-1.6726067,-9.328566,-12.048098,-6.4762363,2.2070239,6.6753273,5.1735373,1.8602564,0.8858737,2.1561303
-570.1,185.29144,130.00864,66.09758,16.040455,-10.599835,-16.723948,-11.109074,-3.0020852,0.6442866,-2.5262156,-8.9986725,-12.173702,-8.52355,-1.1444485,3.5956936,2.752529,-0.77653396,-2.4191637,-1.1051216
-568.75024,185.92303,127.51021,60.865276,11.442292,-10.284597,-10.423519,-2.7771502,1.8584547,0.53946674,-3.9353132,-7.798041,-9.231445,-8.317217,-5.7816687,-2.393777,0.82602566,2.582862,2.0274377,-0.40346968
-573.42804,179.53024,121.894485,56.74833,9.429594,-10.163081,-8.896259,-0.9148418,3.406619,1.9349616,-2.1602807,-5.5924406,-7.34769,-7.6891184,-6.607333,-3.935028,-0.48853746,1.7747159,1.1856394,-2.1097064
-575.5411,177.19148,120.797775,55.97219,7.0633993,-15.552375,-17.095446,-10.189735,-4.9202385,-4.3471518,-6.5559363,-9.042847,-10.8899765,-11.866661,-11.0341425,-7.284942,-1.2419432,4.14826,5.638465,2.4940176
-576.6355,176.78299,122.388596,57.672783,5.8341665,-20.990921,-24.953093,-17.121494,-8.820216,-5.8032904,-7.810678,-11.675155,-14.458021,-14.629987,-11.814949,-6.5329304,-0.35181385,4.340023,5.5018435,2.8566012
-573.5065,182.20007,129.596,65.19185,11.301567,-18.364754,-23.412819,-13.937541,-2.8928561,1.2568722,-2.409729,-9.216702,-13.451037,-12.189045,-6.356451,0.7810054,6.0120792,7.781812,6.3764744,3.142368
-572.6316,182.61116,128.2884,62.932938,10.054396,-16.920895,-19.210188,-8.637487,1.3153982,3.248855,-1.9376912,-8.38803,-10.7092085,-7.4690657,-1.0399418,5.022949,8.510971,9.26238,8.182897,5.989948
-570.72546,184.46222,128.36691,61.915977,9.625782,-15.610268,-16.677578,-6.7661943,0.83194137,0.4418041,-5.1115975,-9.42882,-8.499273,-3.2390795,2.394775,5.1973286,4.989573,3.8750267,3.7306037,4.418603
-567.1961,187.02802,128.01608,63.64637,15.389442,-10.595535,-16.660984,-9.502627,-0.51264024,0.07512504,-7.253983,-12.674814,-9.788954,-2.6047924,1.540166,1.0259452,-0.7846488,-1.3402576,-0.5179727,1.0791504
-563.57275,188.79321,124.385704,59.681328,15.668349,-7.525493,-14.211872,-7.358823,3.4387329,4.645183,-5.48283,-14.060551,-11.394632,-3.2870357,-0.33296204,-2.809949,-3.58032,-0.6042059,1.7128465,1.0931165
-570.0726,181.73051,121.76611,60.14382,16.302391,-7.997752,-14.749887,-6.4794645,6.0489526,8.412417,-1.2143406,-10.364069,-10.236259,-6.0566006,-5.3724937,-5.7721434,-1.7220371,3.6912327,3.1428356,-2.7970853
-577.8873,174.47717,122.10878,64.73642,18.705135,-11.356886,-22.815994,-15.779368,-1.0196636,5.683457,-0.055920858,-8.708199,-12.151773,-12.47501,-12.737762,-9.126458,0.7680192,9.340872,7.5077925,-2.1565232
-576.8761,173.74747,116.69246,55.53802,8.416979,-20.684505,-30.628197,-22.649918,-8.1772175,-2.9310682,-10.0808525,-18.318476,-18.812351,-15.049437,-12.839458,-10.245214,-3.7952268,2.594699,2.8109946,-1.6367059
-571.5467,181.25479,123.82483,61.879852,14.185738,-15.2230015,-26.174343,-19.869858,-5.849393,1.1154436,-4.226552,-12.8453045,-14.761028,-10.728241,-6.8459826,-4.13145,0.21309786,5.2161465,6.684367,3.8300488
-571.3385,183.44617,128.02626,63.714058,12.3148155,-15.958638,-21.611227,-12.428828,-0.43574995,3.895495,-1.4235458,-9.533457,-12.626701,-9.177418,-2.9296184,2.641286,6.509139,8.322151,7.5580654,4.7063003
-573.6619,181.25827,127.331955,62.67299,10.434114,-16.406643,-19.02307,-8.670338,1.5597613,3.9427507,-1.2211292,-8.0392065,-10.338191,-6.165612,1.4669818,7.6669426,9.637511,8.162537,5.809703,4.136198
-572.63495,183.55182,131.37628,67.81492,15.079518,-13.593838,-18.531937,-10.343095,-1.7510399,-0.07480429,-4.6863055,-9.991709,-10.877216,-6.4971895,-0.14485085,3.9348555,3.8956528,1.2556618,-0.9049084,-0.7306688
-571.0922,185.14697,131.75336,67.4115,14.920614,-12.742794,-16.572073,-7.737534,0.7076218,1.3760022,-4.7445765,-11.323309,-12.688952,-8.1646385,-1.7241752,2.0072803,1.5140184,-1.1307333,-2.761096,-1.9202398
-570.0341,184.48419,126.96179,61.053185,11.534558,-11.0011425,-11.522782,-2.8337188,3.6344552,2.9360857,-3.2386913,-9.686799,-11.944029,-9.297861,-4.5849533,-1.1217916,0.1427766,0.43761045,0.69550765,0.18861252
-575.2863,177.88773,122.27583,58.227943,9.912809,-11.943701,-12.097162,-3.439269,2.6712208,1.9311508,-3.3771703,-8.527481,-10.433906,-9.103035,-6.3295126,-3.5966363,-1.299127,0.43619218,0.89253706,-0.80125594
-576.07495,175.99347,118.99925,54.294704,5.579035,-17.984417,-21.13381,-14.557054,-7.7612543,-5.776281,-8.660858,-13.094351,-15.585397,-15.014394,-12.249523,-8.098191,-2.926836,1.7896013,3.3723748,0.7076487
-574.7293,178.42131,123.702705,62.407715,14.090292,-14.981373,-25.725887,-21.692814,-10.453382,-2.1274183,-2.3202477,-8.437302,-14.339663,-16.384094,-14.010783,-7.695428,0.7848315,7.4314184,8.207725,2.728241
-563.3411,187.47198,121.03154,57.64309,16.172863,-8.399864,-20.478416,-17.12489,-3.4470925,4.694993,-0.80094284,-10.916885,-13.914067,-9.70356,-4.6664047,-0.60583603,4.1592264,8.100681,7.8342032,3.760363
-561.27997,187.58209,116.058235,51.19686,13.442705,-5.905798,-15.118206,-11.742786,0.38399616,6.0791245,-1.7874467,-11.860235,-11.199001,-2.4453335,3.603746,4.2061396,4.631665,7.2142944,8.995196,7.8716097
-561.3406,189.15329,119.75692,53.898087,13.786442,-5.52878,-13.323191,-11.13508,-2.652481,1.4172988,-4.135599,-11.104528,-9.61458,-1.5452216,4.0559387,3.8352368,1.7353568,1.1395284,1.882961,3.240967
-563.7738,188.31003,123.5789,59.330803,17.175646,-4.3192225,-12.487801,-10.502697,-3.4425015,-0.55112016,-5.4312534,-11.142687,-10.078045,-3.7897995,0.9716882,1.3823929,-0.57350945,-2.554387,-2.873045,-0.1851272
-565.1033,185.939,121.379364,59.414124,19.279377,-2.9969776,-12.775441,-9.618854,0.85461754,5.4208384,-1.4160479,-10.694073,-12.167625,-6.91039,-2.560523,-2.0170238,-2.1581864,-0.5077802,1.726227,2.2462
-574.9447,175.75601,119.15851,62.89308,22.541813,-4.0093412,-17.235092,-13.219164,1.9103715,11.232183,5.5435877,-6.9726696,-13.460299,-11.169324,-5.8256583,-1.9519172,0.0305655,0.71584994,0.16328894,-1.7151959
-579.1828,173.85652,122.54255,63.427673,15.611109,-13.152093,-23.013554,-17.85637,-5.587881,2.9550285,0.81139666,-9.081271,-17.11018,-16.842903,-10.354525,-3.816224,-0.23192051,1.6773129,2.977872,2.1754577
-578.8322,174.92242,123.321075,60.78241,8.742851,-20.544529,-27.143875,-19.7501,-9.257921,-3.5858963,-5.3174133,-11.933693,-18.07583,-19.03032,-13.735449,-5.270054,1.6569515,4.1755543,2.7649033,-0.1568231
-572.64246,182.99664,129.56656,64.84151,11.597454,-16.921177,-21.315506,-12.30784,-2.559483,0.38963145,-3.649641,-10.044336,-13.742652,-12.419191,-7.003166,-0.25661767,5.0612764,7.3404493,6.381041,3.1132345
-572.03467,183.30035,128.7351,63.477234,11.190056,-15.057794,-17.091652,-7.0599136,1.824202,2.8105054,-2.715662,-8.954416,-10.988722,-7.7962656,-1.7166407,4.08818,7.725609,8.9253025,8.151712,5.7904563
-571.88855,183.23233,128.1883,62.902477,11.260963,-14.190792,-16.080563,-6.838119,0.908569,1.4137284,-3.3334234,-7.7955,-7.9674516,-3.7843645,1.8892727,5.9375954,7.0328665,5.887659,4.0984244,2.7442684
-572.5603,183.5562,131.32108,68.174286,16.372047,-11.4129,-16.252617,-8.982374,-1.7429302,-0.8981744,-5.2910147,-9.664744,-9.798172,-5.524556,-0.0631949,3.0311294,2.583733,0.22370845,-1.4194198,-1.0316119
-570.6067,184.89783,129.8657,65.377846,14.998476,-9.854711,-12.502144,-4.944374,1.1315911,0.52920663,-4.758543,-9.43293,-9.912203,-6.7049227,-2.8413918,-0.62264454,-0.0712493,-0.027112,0.12737039,0.13713732
-573.51434,179.81305,124.42238,63.05114,16.528015,-8.269617,-13.476007,-5.7475367,4.2390804,6.3102126,-0.8248669,-8.928658,-10.463057,-6.6340857,-3.2520247,-2.280361,-1.3739364,0.4420781,1.2211218,-0.15341747
-571.4487,178.12479,115.68091,55.105133,16.066721,-5.0002623,-14.87413,-13.531345,-3.9806452,2.7752357,-0.32111555,-7.585993,-10.143282,-8.216929,-7.3796167,-7.574568,-4.016591,2.9566715,6.7136393,3.5511951
-570.379,177.74014,111.33183,47.820488,7.9562106,-13.080659,-23.213415,-22.034191,-11.75459,-3.6687307,-6.0423284,-13.909448,-17.59526,-15.45047,-11.959204,-8.388958,-2.798221,3.260788,5.1902943,2.1038527
-568.16296,182.81932,119.936295,57.10859,13.77388,-11.242781,-22.093376,-19.459301,-8.774884,-1.0843688,-2.4419222,-9.022981,-14.032476,-14.524676,-10.832742,-4.1321325,3.2301786,7.7064605,7.264937,3.3268895
-565.0398,186.30292,121.85672,57.90085,13.242434,-11.978858,-19.042778,-10.735966,0.73819625,2.5960736,-4.711004,-11.488812,-12.131043,-8.079056,-2.5176196,2.2441192,5.074584,6.5725203,7.498782,6.8169518
-565.4363,184.1127,117.978935,55.689236,13.32664,-12.126566,-19.524002,-8.957227,4.6034784,5.003293,-5.2214108,-11.985561,-9.017369,-0.96078026,5.5906453,7.473563,6.023078,5.3806067,6.9265246,7.150715
-566.8965,185.47964,124.343735,62.0294,17.014915,-9.306175,-17.9137,-11.331776,-0.6421952,1.4224995,-5.9580126,-12.661581,-10.908318,-2.7161894,4.3322744,5.1675844,1.3499633,-1.6363558,-0.7888645,1.8417672
-568.5985,186.3306,129.01208,64.31012,15.446346,-9.153494,-13.8297825,-7.9322987,-0.6436458,1.4008238,-3.376752,-10.39098,-12.722865,-7.8469357,-0.18446961,3.661799,1.6399592,-2.4422116,-3.720872,-1.2516356
-570.77295,183.66827,126.91745,62.268166,13.851379,-8.715294,-10.662144,-3.645835,2.615847,3.569154,-0.812852,-7.464496,-11.898922,-10.939064,-5.338996,0.55806977,2.656777,0.8156489,-1.6391277,-2.053216
-578.1211,175.71564,124.11624,63.042786,14.431334,-10.474676,-13.749016,-5.7581015,2.439108,4.4903736,0.17953604,-6.4551234,-10.683001,-10.306975,-6.637368,-2.707806,-0.50395733,0.12771103,0.10047629,-0.7340298
-579.2566,174.30188,122.66517,60.283268,9.05439,-18.474987,-22.90511,-14.307734,-4.725092,-1.6917324,-5.8154593,-12.629651,-16.75764,-15.595964,-10.391085,-4.4851856,-0.5257149,1.0107406,1.1012205,0.51513016
-577.5775,176.42535,124.24269,61.258472,9.139717,-19.930943,-26.166653,-18.394314,-7.7392054,-2.3760347,-4.77629,-11.781724,-17.428997,-17.217155,-11.059975,-2.7405365,3.4051294,5.448159,4.1443295,1.2112162
-571.24854,183.34894,127.06538,61.734413,10.766161,-15.404558,-19.87784,-12.457809,-3.007859,1.6386282,-1.1024772,-8.7595215,-15.005042,-14.145131,-5.99297,3.8199885,8.977716,7.9652286,4.3075137,1.8925517
-572.02527,181.5266,124.34258,59.867958,11.259497,-13.117282,-17.332224,-10.026566,-0.02611883,4.931599,1.0840347,-7.964369,-13.372761,-9.271317,1.2818953,9.767348,11.186752,8.049183,5.5342083,4.9698143
-567.91437,185.00528,123.77202,58.561363,13.196962,-8.32032,-13.8683195,-10.99554,-4.5119224,0.038625136,-2.0011024,-8.497289,-11.138574,-5.0319834,4.5611324,8.178329,3.7282248,-1.4323438,-0.4357318,4.5594387
-561.18665,189.66515,120.321754,53.957535,14.652908,-2.0542939,-9.046585,-10.614077,-6.6515017,-2.040739,-3.385879,-9.555738,-12.230061,-6.7878003,1.373131,3.719658,-0.56408143,-4.2170916,-2.0920913,2.4111395
-561.0797,188.39565,117.49898,52.58301,15.733089,-0.6097736,-8.003251,-8.049612,-1.7811425,2.9564648,-0.6476278,-9.529578,-14.314743,-10.222437,-2.1808982,1.4944167,-0.8169383,-3.1079612,-1.0068659,2.3671587
-569.88776,179.20462,115.31522,55.055748,17.186234,-2.3358707,-9.582649,-6.642293,0.8156497,4.562194,1.4495401,-5.7161894,-11.797276,-11.939374,-5.8551335,0.002519101,-0.06274727,-2.9839067,-2.500432,0.31506938
-574.63165,175.60097,117.69406,59.57325,16.89451,-10.317057,-21.463146,-16.682707,-5.1136026,1.5752497,-0.39367804,-8.10594,-16.395477,-18.6415,-11.824785,-2.275505,1.3847486,-0.14871375,-0.28250515,1.5993323
-576.7785,173.87187,118.056496,59.74834,13.978886,-17.178322,-30.645153,-25.423397,-11.474923,-2.4285426,-3.1434631,-10.360417,-18.863274,-22.495512,-16.953901,-5.909828,1.9318273,3.425878,2.202064,0.19091696
-572.25586,182.69553,128.44354,64.99985,13.681994,-15.212219,-22.114365,-14.655033,-3.7778196,1.3953831,-1.8850163,-9.71116,-15.4583235,-14.5714035,-7.427904,1.1977928,6.129332,6.0285225,3.4799852,1.2495217
-572.9829,182.65143,129.59875,65.4691,13.101541,-14.225703,-17.364027,-7.6282563,1.7625008,3.3285384,-2.234467,-9.118839,-11.762712,-8.543106,-1.8571436,4.472269,7.9504094,8.377806,6.920054,4.6254435
-573.37976,182.14517,129.27917,65.48787,13.54025,-13.482985,-16.670181,-7.420358,1.2817626,2.4851067,-2.5729284,-7.943396,-8.589204,-3.9381437,2.6013634,6.923238,7.318124,5.1155343,2.8741424,1.9973829
-572.4768,183.83554,131.96947,69.15682,17.482815,-10.38049,-15.412636,-8.3951,-1.4754999,-0.98713017,-5.6393547,-10.029009,-9.945555,-5.4335804,0.053628966,2.9456835,2.3080359,0.02186434,-1.3123968,-0.70990527
-570.173,185.67725,130.91373,66.41896,15.726152,-9.4209175,-12.09234,-4.3857203,1.7243547,0.8407738,-5.032892,-10.345099,-11.083139,-7.4893017,-2.917732,-0.41925016,-0.3125438,-0.7428081,-0.20271824,0.7996211
-575.2506,180.12701,128.93019,67.17998,16.72077,-9.926168,-13.583549,-4.8458505,3.8883343,5.4936037,0.2888819,-6.821732,-10.970947,-10.3027115,-6.1941013,-1.5878623,1.1190655,1.3042812,-0.1828405,-2.224745
-578.21246,176.09512,125.50691,64.87706,15.4411745,-11.389587,-16.828245,-10.142147,-1.5280783,2.705593,1.1190088,-4.2788982,-9.977627,-12.723534,-11.027743,-5.951439,-0.4428622,2.6139207,2.2184808,-0.52237856
-575.9778,176.59143,120.2025,55.238487,5.869865,-17.651047,-20.404522,-14.472754,-9.2694845,-7.702937,-8.590597,-10.524504,-13.005165,-15.084833,-14.652909,-10.08975,-2.5647335,3.9922285,5.8278775,2.5292463
-569.66693,183.17969,123.51012,59.616653,14.108244,-9.108557,-17.03657,-16.49582,-11.33512,-5.08418,-1.7871373,-3.69319,-9.209288,-13.814035,-13.431986,-7.305455,1.8838546,9.720363,11.834115,6.273367
-563.3964,188.81242,122.6767,55.739815,13.930973,-2.714473,-8.072519,-10.767765,-9.737358,-3.860687,1.5310886,0.14339839,-6.9283276,-12.038954,-9.604395,-1.335272,7.046099,11.599056,11.529087,7.2198057
-562.51874,188.06459,118.298065,50.09487,10.490761,-2.3623154,-4.339112,-5.2554855,-5.088088,-2.543926,-0.167009,-0.90372646,-3.5978355,-4.052161,0.03715107,6.2495403,9.899385,9.086818,6.4329457,5.128796
-562.7623,188.20819,120.58117,55.547558,16.31242,-1.0743802,-8.281154,-9.504913,-5.836218,-2.2485056,-3.2630382,-6.709446,-7.1098523,-3.0070682,2.204618,4.7338257,3.388753,0.06221077,-1.1566463,2.2129607
-563.84534,186.34985,119.12443,55.959854,17.09533,-3.3626308,-13.234188,-12.067731,-3.3700984,0.92058235,-5.2515206,-13.509374,-13.225889,-5.6293006,-0.03194125,-0.7957065,-3.9630842,-4.4729443,-1.6370378,1.9362515
-569.2396,181.21465,118.47513,57.03179,16.703419,-5.21012,-14.555029,-11.526079,-0.8934231,4.46913,-2.2500625,-12.532774,-14.573376,-8.827551,-4.4981117,-4.9391584,-4.9429455,-1.2805303,2.0130498,0.5443377
-581.05994,171.2779,120.67854,63.314655,17.522411,-9.73872,-18.316189,-12.044121,-0.27184102,5.492112,0.97383714,-7.5328493,-11.78208,-10.779458,-8.772538,-7.3769836,-4.5658712,-0.43757385,1.1649561,-1.9352523
-580.07715,174.02966,124.26788,63.164307,11.747122,-16.934517,-22.32719,-13.845485,-3.7526574,-0.17965733,-4.124077,-11.207064,-15.993521,-15.66005,-10.999504,-4.935005,-0.23182163,1.9026563,1.7682369,0.28005433
-579.6159,175.7128,127.99521,67.7134,14.438055,-18.093868,-26.896496,-19.085154,-6.590852,0.5330014,-1.377848,-9.254843,-16.609392,-18.086845,-12.530798,-3.0853977,5.2266903,8.637249,6.5456085,1.3077908
-572.3826,183.63376,130.91293,67.0279,14.30616,-14.329582,-19.361992,-10.955313,-1.2382032,2.1947377,-1.5340142,-8.456308,-13.375404,-12.952915,-7.131147,1.2273965,8.059436,10.356957,7.7888217,2.6689897
-571.8078,183.52057,128.85538,63.88349,12.388666,-12.93766,-14.563522,-5.025901,2.688037,2.55483,-3.3171668,-8.909559,-9.723003,-5.4908895,0.8389248,5.99137,8.4841,8.715805,7.687207,5.873802
-573.5414,181.73111,128.7284,65.533676,14.829842,-11.368031,-15.191307,-7.858968,-0.89252913,0.23251835,-3.1423984,-6.4521213,-6.26003,-2.4037158,2.69743,6.2388372,6.9097943,5.376689,3.3912845,2.3216991
-574.41583,181.05951,129.4624,67.671875,17.292286,-10.190954,-16.221315,-10.483501,-3.505709,-1.3680134,-4.369981,-8.870346,-10.598824,-7.721013,-2.0421185,2.5103397,3.1391993,0.49769852,-2.1005528,-1.9662781
-572.17334,181.14433,123.90457,60.402634,14.07811,-7.885577,-11.873148,-8.073346,-3.82971,-2.5168488,-4.5314193,-8.1464405,-10.724684,-10.501259,-7.6952095,-4.032007,-1.243751,0.1114251,0.52384186,0.3029288
-573.77844,176.48044,116.33974,55.511063,15.627649,-3.4081316,-10.20383,-9.557547,-4.2586284,0.080021486,-1.2833271,-6.391444,-9.346128,-8.109879,-6.048912,-6.041955,-6.483671,-4.306984,0.04000874,2.2854643
-568.9748,179.07407,111.374344,47.81624,10.779629,-5.8200254,-13.853804,-15.084188,-9.103197,-3.062368,-4.63335,-11.379054,-14.893376,-12.630362,-9.221451,-7.754706,-6.147887,-2.5765052,0.6999274,0.67623734
-570.6399,178.04375,112.46141,48.4879,7.75186,-13.01367,-22.47356,-22.140076,-13.862114,-6.5416245,-7.8121195,-14.855537,-19.458298,-18.55312,-14.867628,-10.375709,-4.8075705,0.5165648,2.3700082,-0.4401483
-567.64905,184.35632,121.88308,57.185825,12.312958,-10.954241,-18.63861,-15.216974,-6.5049763,-1.2343436,-4.013666,-10.788813,-14.761474,-13.743092,-9.413429,-3.2800055,3.0590224,6.5498037,5.4652967,1.8831342
-568.4029,184.48772,123.56908,58.191986,11.871502,-10.20957,-14.211917,-8.349865,-0.6442101,1.7872646,-3.1760302,-10.551298,-13.249899,-9.078791,-1.7539729,3.8566563,5.9319243,5.8674116,5.7768006,5.867968
-570.389,182.31958,122.734406,57.898987,11.016724,-10.917158,-13.691488,-7.54634,-0.598794,1.8842006,-2.3241937,-8.914087,-9.6544075,-2.5401256,5.71936,8.370783,5.324192,1.8498977,2.4817214,5.3411403
-571.5434,182.96602,127.52174,64.12979,15.114068,-9.591111,-13.498193,-7.774002,-2.4187322,-2.1581223,-6.6723065,-11.028683,-9.852118,-3.710824,1.9096366,3.2129755,0.7779269,-1.9173694,-1.5762479,1.1522514
-571.4031,183.38861,128.01045,63.948166,14.412588,-9.405346,-11.390827,-4.465951,0.41099674,-0.55833524,-5.756921,-10.632967,-11.209906,-7.7283473,-3.273168,-0.28107607,0.23334576,-0.8349123,-1.0016873,0.37174112
-576.2771,178.0202,125.69308,63.989914,15.432817,-8.712436,-11.401693,-4.109359,2.0459404,2.0944326,-2.588156,-7.810675,-10.270732,-9.190824,-5.8677597,-2.308612,-0.014148921,0.593032,-0.0007683784,-1.0941937
-575.66504,176.70912,120.24297,56.988216,11.194498,-8.835445,-10.450373,-6.1635556,-3.6717508,-3.752603,-4.510309,-5.4062576,-7.1759143,-9.492786,-10.337814,-8.047108,-3.3856356,0.91604614,2.560019,1.3140163
-568.5675,184.68384,123.64616,56.569412,9.569312,-9.85589,-11.005199,-7.2324505,-5.5108147,-5.7539196,-6.2577276,-7.23668,-9.451824,-11.652025,-11.119299,-6.7419643,-0.6239885,3.7523718,4.5498505,2.4949327
-569.0269,185.68134,127.9146,62.32374,13.138475,-10.712702,-15.118444,-11.14967,-6.53963,-4.056002,-4.2401485,-7.1076,-11.335749,-13.801975,-11.651624,-5.1202774,2.2304544,6.3680177,5.7806263,1.8405099
-571.2279,183.84521,128.50449,63.83248,13.160794,-12.570961,-16.534855,-9.665091,-2.632579,-0.9829154,-4.514183,-9.626127,-12.613569,-11.873462,-7.9930043,-2.5088234,2.981372,6.8146,7.3848143,4.125828
-570.0053,181.99222,121.07475,56.679245,11.492668,-10.624119,-15.391996,-9.320305,-0.33705068,2.411541,-4.0066953,-12.12005,-12.317965,-4.229314,3.8061242,5.594798,3.2278233,2.005604,3.1949937,3.899994
-566.1537,184.52274,119.7919,57.508736,17.90115,-3.4828143,-14.04408,-13.214529,-3.7800074,1.8762203,-4.2135944,-13.667661,-12.91077,-1.865597,6.8958306,5.5235634,-0.8267143,-3.5092149,-1.0472953,2.2389593
-563.28613,188.00711,122.040695,58.79422,19.010902,-1.9418709,-11.906633,-10.613442,-1.0560873,4.1252565,-3.1617975,-14.248951,-14.928176,-4.5529394,4.415764,3.7111487,-2.0819845,-4.452373,-1.5074036,2.6551287
-566.0646,185.93686,122.45688,58.36039,16.473047,-3.0385127,-8.725719,-5.846966,1.0155942,4.052339,-1.5383956,-10.725554,-13.854464,-8.117242,-0.16400845,2.4852462,-0.49022335,-3.3689892,-1.6049347,3.140407
-572.3537,178.42719,117.72798,55.629597,14.735141,-3.700797,-8.45389,-6.176206,-1.0072597,2.191198,0.19993904,-4.967855,-8.449043,-7.979893,-5.2824354,-3.0974255,-2.5027099,-2.4979322,-1.2342498,1.444461
-568.0969,183.60184,120.52605,55.07144,11.096455,-8.331397,-11.309509,-6.621015,-1.6457182,-1.4349808,-5.6088357,-9.503298,-10.299971,-9.387806,-8.182826,-5.5406704,-0.96125656,3.0746717,4.1756306,2.897416
-569.3245,185.59106,128.95407,64.629395,15.068492,-10.904945,-16.258211,-10.0089245,-2.4589424,-0.41651106,-3.943379,-8.660722,-11.457954,-12.274342,-10.882145,-5.678919,2.587063,8.779827,8.038889,1.4582052
-573.27496,182.99179,131.64296,68.820076,16.062984,-13.655611,-20.076866,-12.565596,-2.935933,0.96402377,-2.2796607,-9.179898,-14.752634,-15.494186,-10.79504,-2.8008757,4.810077,8.6174965,7.1657915,1.7448068
-575.6329,179.34698,127.35855,64.29634,12.431897,-15.139959,-19.028534,-10.118952,-1.314573,-0.030028343,-5.6690335,-12.51348,-15.00214,-11.498949,-4.4936056,1.9891899,5.299088,5.3108883,3.5158272,1.3308678
-579.8866,174.064,123.88794,62.804558,12.202927,-15.178791,-19.647972,-11.377752,-2.5579991,-0.20773934,-3.7836452,-8.056276,-8.28483,-3.7592053,2.386753,6.2041235,6.029251,3.2951708,0.787485,0.09126145
-576.40765,178.2532,126.54332,64.47545,14.204124,-12.090813,-16.094223,-8.893908,-2.263621,-1.829648,-5.9295025,-9.481096,-8.9832325,-4.8866496,-0.3206764,1.9488524,1.5651798,0.24203682,-0.19235118,0.5346202
-576.2117,178.2612,126.04202,63.842957,14.185015,-10.969706,-13.907822,-6.190741,0.37751704,0.41466045,-4.3262367,-8.998095,-10.315,-8.370567,-5.241125,-2.5825152,-0.5896836,1.1826857,2.5211453,2.3730388
-582.5089,171.02612,122.69397,64.0817,15.688734,-10.626219,-15.454411,-8.340067,-0.34314072,2.1540856,-0.9263883,-5.9454026,-9.375364,-9.96172,-8.409932,-5.8855515,-3.0814779,-0.4605909,1.1181706,0.49983886
-581.1649,172.69403,123.51822,63.30983,12.952595,-14.727495,-19.441135,-10.803787,-1.0846741,1.8311238,-2.6662025,-9.92245,-14.568825,-14.186258,-10.013416,-5.060793,-1.6491532,-0.2630837,-0.14367789,-0.5916092
-574.66595,180.4204,128.09966,65.45706,14.418575,-13.291726,-18.983421,-12.35725,-4.179706,-0.9921375,-3.674084,-9.119539,-13.280904,-13.787212,-10.817131,-6.0950046,-1.3065265,2.5008426,4.3946643,3.3079453
-568.3397,184.35425,124.41189,62.017086,17.16476,-7.659976,-16.416306,-14.43791,-9.045586,-5.495871,-4.026086,-4.6118813,-9.203783,-15.578655,-16.106941,-7.7044673,2.9521394,8.208736,7.4397845,3.193873
-563.93854,186.13681,119.47082,57.08048,17.202702,-4.182928,-11.49192,-8.247085,-4.3244,-6.1694145,-8.32325,-6.112212,-5.371216,-9.663746,-10.990578,-3.549819,5.5409994,8.453866,7.701876,6.955662
-564.5472,183.54382,113.904205,50.89009,13.273779,-5.094507,-10.2417755,-5.8574305,-1.8387841,-4.9934316,-9.268087,-7.2269373,-1.7762612,1.6292012,3.456701,4.5809774,3.3151364,1.9491688,5.189086,9.845771
-564.056,182.85713,110.94095,48.21836,13.939522,-2.17657,-9.771061,-9.700103,-5.8606625,-5.21488,-8.292629,-9.778479,-6.0475616,1.5761354,7.1719007,4.642601,-3.211242,-4.905816,3.7218757,11.302145
-562.8082,181.05502,103.97051,41.313896,10.64362,-2.6649542,-10.240435,-13.57831,-12.777452,-8.930353,-6.054515,-8.818962,-13.277221,-10.47951,-2.5243144,-0.98200804,-7.3175635,-9.188517,0.16097203,9.901032
-557.63995,181.61652,96.2585,37.115494,14.740042,4.6146297,-4.498299,-13.328491,-19.225384,-12.949734,2.5543141,6.5504827,-6.4113264,-16.530365,-12.584955,-5.180597,-3.4633026,-3.468684,0.456935,5.1766996
-554.3591,182.31903,92.83545,37.14402,19.410053,8.30235,-4.1358366,-15.089607,-21.93837,-13.308918,7.585198,13.087725,-5.0707955,-20.469532,-16.873493,-6.8801937,-2.1451738,0.011586875,3.1667936,4.660537
-546.2676,190.04199,93.3127,33.26626,15.323126,5.37805,-5.553276,-14.262145,-20.395271,-15.471222,-0.56792074,2.480466,-12.220476,-21.568375,-13.705624,-2.733524,0.49862134,0.06543152,1.4332364,4.019241
-545.0505,193.824,99.95055,39.230316,17.501862,3.6123319,-7.852701,-12.195616,-14.501406,-12.600325,-3.6480017,-1.6272271,-13.334414,-20.1819,-9.9972515,2.796698,4.5029926,0.9988055,1.5359175,4.3733873
-549.8451,193.0882,109.94277,51.571457,21.2271,-1.2390406,-10.599154,-5.387657,-2.9894102,-5.929743,-3.6759443,-2.7951171,-11.738678,-16.21223,-4.631312,8.61484,8.8928585,3.1879017,2.6394053,5.452464
-557.5232,187.17708,112.30109,55.769238,21.106762,-4.4885273,-11.639168,-1.2327003,3.274694,-4.2628617,-7.9248943,-4.480811,-3.1805997,-2.7006445,2.2720003,7.2489605,7.4602046,6.067554,6.9684496,9.271105
-560.8269,182.74484,107.99713,52.785046,22.609941,-0.28098723,-12.573423,-8.524275,-0.78790426,-0.5358051,-4.143861,-4.9130087,-1.1889492,4.033399,6.172449,5.9212074,7.193022,7.9498506,6.3451204,7.991666
-561.34436,182.33513,106.63663,49.59342,21.15534,1.5663521,-12.692827,-13.732518,-5.9529285,-0.8316892,-1.7816247,-4.22884,-4.2027903,-3.3203807,-3.9441004,-2.00625,5.6554728,11.282228,8.45109,4.7738943
-559.258,183.85048,102.7336,39.369133,12.53842,3.1631079,-3.5709994,-7.5542927,-8.372566,-8.008295,-5.5736127,-0.82612646,1.3549895,-3.1589928,-9.407455,-7.529832,2.926003,10.472685,8.048312,2.3940804
-552.1493,185.6896,95.936745,36.379837,13.922093,4.889555,0.8852719,1.6582496,1.0456531,-6.9946384,-10.534645,2.5955117,12.4723215,0.9079722,-12.694294,-10.567229,-1.5228475,3.394167,1.0944463,-3.1581368
-537.1517,190.23053,86.12641,35.329033,15.566212,2.8772736,-2.06537,-1.9723705,3.93437,-2.823773,-17.504005,-5.5418415,8.109766,-6.3903513,-13.823322,-5.526498,-2.7152438,3.1202188,6.317147,-1.9258689
-531.5404,190.85571,81.47302,35.91921,15.929483,-2.641347,-11.417339,-11.568284,0.18525802,-1.8659853,-19.477072,-11.755806,-0.75086606,-12.785574,-11.095982,-1.0330546,-4.36602,3.5855618,11.773388,-0.033577852
-537.87415,189.8169,91.04985,46.910995,23.036125,-2.4107924,-15.858978,-14.58436,0.81651163,4.226931,-11.468655,-11.613897,-6.0853,-13.572231,-7.866944,1.5922287,-1.9690218,8.714916,19.599407,3.87297
-545.7269,189.28363,98.47097,45.92483,19.436337,-0.16520335,-10.230297,-10.737162,-2.1605668,1.0027406,-7.0145025,-7.8997827,-5.716654,-9.371439,-3.990006,3.392209,3.2693045,12.862248,19.416656,3.82701
-560.8196,182.22098,105.146164,45.265087,12.956766,-4.0570993,-9.213797,-6.544526,-5.5335197,-8.151071,-6.522992,0.53905076,2.237851,-3.0447173,-3.3518324,4.142621,12.641016,18.102554,14.624485,2.379638
-556.58075,182.61882,96.153885,38.108967,18.943901,6.608948,-9.278822,-16.085817,-12.632333,-8.160517,-4.467781,-0.818712,-1.2116486,-5.18743,-5.291636,1.1817462,8.566915,11.148918,8.052792,2.4962757
-548.9525,183.56573,83.757866,28.527767,21.191368,11.843559,-11.771409,-21.331715,-10.046343,-2.898889,-6.3592386,-5.4373555,-2.6166859,-6.926482,-9.203158,-0.7364935,10.140964,11.193516,4.1650944,1.0728232
-548.93994,178.25801,76.355,27.541088,22.388607,12.403313,-12.950107,-23.592426,-6.395962,3.0520072,-4.6454353,-1.5113834,2.791142,-6.108988,-7.4961157,3.9039445,14.008884,13.794924,3.3562953,0.58711284
-553.5486,174.6372,80.495224,37.072136,28.625248,13.558617,-11.129561,-17.882164,1.8171604,10.847023,2.4992223,6.494563,7.9696336,-7.053569,-8.959215,5.649065,13.807334,8.060835,-5.4141006,-6.462617
-552.1234,180.2811,89.905815,45.067455,31.630173,10.348717,-12.7545805,-13.265576,2.9168744,5.300386,-2.6173034,2.6781301,5.1879425,-7.4081907,-8.829356,5.0050716,11.759995,7.5011725,0.65999526,-0.29083443
-557.91907,180.48831,99.709045,51.54731,29.487198,2.4588022,-17.830711,-10.929424,5.3924947,4.259478,-6.105418,-5.8191247,-1.3737614,-3.3983803,-3.7760167,1.6489172,6.8595304,10.805624,11.191832,4.124362
-573.0666,171.57607,107.73316,57.399593,24.657665,-4.641911,-22.038319,-15.6150675,0.55132,5.596396,-1.1119523,-8.402895,-10.09371,-6.114869,-0.33915284,3.2881873,7.816304,16.111305,18.228443,5.9356155
-576.05817,168.28308,105.90024,56.436523,25.041916,-2.6827545,-20.360111,-16.055185,-1.8487258,2.6376238,-1.9335637,-3.8616004,-1.1613582,1.0695466,1.5617507,3.2822542,9.517704,18.73608,21.086739,9.627005
-576.55536,166.48264,104.12044,58.39489,29.689768,0.16130328,-18.941242,-12.364807,2.0343533,1.3324171,-5.7352104,-1.6077175,7.28434,6.980386,2.2151232,4.849752,13.531279,18.96039,16.662983,8.213724
-581.106,163.20624,107.01016,64.929565,35.96556,4.5019913,-16.853344,-13.22612,-1.9986215,-3.8334804,-8.265556,0.7715806,12.7897835,11.448651,3.213092,2.4658213,7.81094,10.437008,9.940286,9.737741
-585.66174,159.43619,107.44568,66.64697,37.65438,6.231067,-17.777534,-18.07798,-4.896144,0.80213714,-1.3745348,0.4123397,6.200088,8.065459,5.904683,5.219266,7.706087,11.570197,14.1626835,12.214503
-586.3194,159.17198,106.32788,61.95159,32.158184,4.484206,-17.470158,-18.88281,-2.936415,9.604062,7.7428937,0.5733988,0.49604362,7.416221,12.209717,10.4997015,7.9953165,10.506235,13.659367,9.887124
-587.5138,159.0988,108.098724,63.062683,33.136696,7.8098454,-12.852196,-15.647756,-0.1307583,13.943665,11.492983,0.5373466,-2.356391,4.838749,11.109919,11.141699,10.70212,13.61809,14.403265,8.100476
-590.64954,158.58429,113.73428,69.1691,35.573555,9.096365,-9.923852,-13.766545,-3.1973114,7.3948574,6.8674083,0.38695833,-0.9952506,3.422428,6.470893,6.837287,10.110231,16.81202,18.872478,11.011934
-593.8261,157.97852,118.42173,71.82157,31.773815,3.8785515,-10.693783,-12.2777195,-4.649908,4.1628747,7.0629473,3.7810216,-0.28273824,-0.6867799,2.4881754,7.1455555,12.09656,16.08506,16.375887,11.218694
-597.01306,154.6908,117.24222,71.3934,31.105476,3.8214161,-9.559957,-11.646555,-6.486291,1.0179166,6.1899834,6.700971,3.8477728,1.3677279,2.5537019,7.8639293,14.549255,18.40418,16.654598,10.142355
-599.5752,150.4928,112.81652,69.110695,32.369156,7.0228887,-7.103349,-10.709948,-6.0305843,1.6110001,6.6516495,7.548629,6.746744,6.96825,9.034811,12.6267185,16.717724,18.74342,15.708609,7.8600454
-601.5691,146.64792,108.17789,67.05849,34.99402,11.959337,-4.092459,-11.393014,-9.145262,-1.8786414,4.7280555,9.241183,12.672106,14.238933,12.897894,11.172363,12.613932,15.596032,14.349781,7.468465
-605.8351,141.60468,106.310585,69.991936,41.813667,18.956984,-0.70362157,-12.541463,-12.777912,-5.2171226,3.0483532,8.50324,10.864672,9.995422,7.350547,7.500211,13.005543,18.927193,17.522602,8.533101
-607.7168,139.32036,104.73942,68.71651,40.285763,17.387383,-1.3937606,-11.860652,-11.498018,-4.686182,2.3385315,7.2955256,10.180213,10.312881,8.731349,9.7565975,15.2777,19.704735,15.939533,5.588483
-607.7,139.20718,104.11257,67.034,37.35527,14.363338,-2.01874,-8.388426,-5.381715,0.24229838,3.637717,6.2617183,9.816557,11.705208,10.494013,10.614515,15.704423,20.61873,16.959099,5.5047827
-604.1614,142.34744,103.956566,66.09489,38.97865,19.236305,4.2078094,-3.1651511,-3.1390877,-2.1710677,-3.4209795,-1.9655133,5.705536,13.730288,14.685064,10.900225,10.583948,14.736582,15.633219,8.77663
-604.2393,142.58981,104.71721,66.844086,39.475708,19.84141,4.8794193,-3.402718,-5.0128098,-4.8019295,-4.8520265,-1.0327177,8.399918,16.504759,15.901142,9.546162,6.5998716,9.331526,11.069998,7.319687
-612.73584,133.93498,103.5225,71.907295,46.267223,24.21463,4.995986,-7.112464,-10.2904415,-8.387706,-4.504435,2.5246372,12.120256,17.99519,15.214393,7.810425,4.094803,6.246603,9.483657,10.15723
-617.9886,126.34662,96.89401,68.83177,47.362938,26.93861,7.026511,-5.1854167,-7.124379,-5.133604,-3.7663257,0.3822307,9.728697,18.10741,18.576912,13.821718,11.760735,13.713464,13.888079,9.221779
-616.2428,126.036804,92.39585,64.50659,46.10626,26.365725,4.8906775,-6.1910152,-3.386473,1.8880988,1.6919503,2.2818925,10.266821,19.466984,20.218605,13.970198,9.441257,9.088522,8.147691,4.376741
-620.3399,121.176895,89.19232,61.74549,42.408195,22.251915,2.5263646,-5.176989,0.6291316,7.040136,5.9443398,4.3192987,10.0734825,18.487667,20.246807,15.344336,10.859169,9.536379,8.207449,5.0979376
-630.80994,112.519516,91.0763,66.975174,44.909264,24.496689,7.2664347,-2.2537725,-2.998291,0.039662033,2.1078272,4.1843786,9.20828,15.513894,18.126068,15.707002,12.135239,10.563103,9.374247,5.674643
-635.44434,108.928955,92.44332,69.235825,44.17755,21.788343,5.215434,-4.154101,-6.5783815,-3.5981717,2.4309864,8.915819,13.703487,15.687477,15.044874,12.915634,10.652564,9.066626,8.112616,7.160507
-634.9972,109.9187,94.36659,72.328636,48.299366,26.503908,9.874405,-0.39996898,-4.740799,-4.6483507,-2.0139904,1.4992421,4.835183,7.5898294,9.757397,11.35449,12.168776,11.798271,9.945585,6.7443466
-633.3783,111.6797,95.052666,72.410934,48.769302,27.913956,11.882338,1.3834105,-3.7475548,-4.472941,-2.4659905,0.46395445,3.2114015,5.694855,8.241705,10.607218,11.685972,10.330413,6.5296474,1.754766
-636.8916,106.87625,91.101654,70.47702,49.600525,30.877787,15.154203,3.2994995,-3.4804468,-4.9023924,-2.613463,0.64718354,3.0796003,4.8596478,7.040124,9.605152,10.943749,9.388678,5.1112356,0.25240117
-642.4684,98.930565,83.53135,64.62694,46.741226,30.92072,16.562801,4.4034586,-3.122238,-4.4928846,-1.3533875,2.5247827,4.589282,5.410959,7.0436535,9.83923,11.481056,9.400008,3.8216045,-2.035495
-652.4899,84.87251,70.31337,53.78842,39.785378,28.24373,17.298702,7.1733127,0.5478661,-0.5765,2.5949621,6.701686,9.38379,10.834991,12.291804,13.626293,12.989198,8.867523,2.168017,-4.0299397
-652.56586,82.08475,61.745552,40.858444,26.700142,19.02832,14.4653225,11.520519,10.438503,10.458295,9.834152,8.373331,7.884439,9.373859,11.165649,10.847521,8.141024,4.5373125,0.6886616,-4.0288067
-647.3178,87.01985,61.47901,36.51074,20.946129,14.334259,12.716818,12.658737,11.5165615,7.9940467,3.080852,-0.58975166,-0.5920345,3.0750685,6.887561,6.7621326,3.2427373,1.0392052,1.9969132,2.2431004
-647.599,85.32417,58.351654,34.588593,21.196972,15.593626,15.094125,17.047302,16.426609,11.044605,4.717778,1.3960133,1.1374738,3.0850558,6.197833,7.246601,4.8391438,3.707632,7.6659083,11.464998
-648.2996,84.326324,58.52761,37.978912,27.70988,22.719093,20.365211,18.918926,14.208012,6.5643086,2.230933,2.650947,2.2476683,-0.37508094,-0.3487075,2.9204159,5.146015,7.219142,13.152927,18.689566
-643.1712,90.74078,63.629967,43.71512,36.617294,34.1409,29.451385,20.947968,9.646097,0.64963186,-0.29602847,3.709068,3.4043467,-2.179387,-4.570019,-0.58294415,3.7598014,5.345989,7.482527,9.801048
-641.48553,93.68489,66.9065,46.367027,39.987152,40.16073,36.491043,25.579132,11.724339,2.6272132,2.3283854,6.4195976,6.94406,2.3061705,-1.9496448,-2.2901235,-1.3453195,-1.6065814,-1.1350005,1.5767584
-645.2477,91.687096,70.87903,52.830376,44.902737,42.626507,37.185688,25.425198,12.110095,3.9979186,3.0486004,5.473898,6.578406,5.3183765,3.6450164,2.774441,2.0649927,1.2593994,1.4761218,3.0630794
-648.9369,89.41244,73.962036,57.387764,45.188107,37.388756,31.116852,24.71637,18.757507,14.062845,10.304049,6.89639,4.2467074,3.1838813,3.457992,3.7318568,3.24785,2.7476346,3.1995454,4.1160297
-650.2255,89.08324,76.31236,60.397285,46.06656,35.78781,29.284016,24.687963,20.153915,14.87556,9.242955,4.431578,1.7549801,1.9736199,4.775212,8.723934,11.827818,12.4837475,10.253498,5.994955
-649.5264,89.83915,76.49979,59.959663,45.137714,34.46394,27.53394,22.591377,18.288883,14.368186,11.167749,8.88839,7.4390163,6.7846584,7.1065464,8.398664,9.934713,10.368739,8.645163,4.9795184
-652.04553,87.128746,75.989914,62.03413,48.98758,38.501945,30.336496,23.747896,18.497261,14.722903,12.274809,10.507245,8.781179,7.0481205,5.814564,5.4762144,5.68488,5.4216666,3.8124428,1.0015757
-650.8911,88.54092,76.93422,62.601048,49.3294,38.509247,29.74768,22.659416,17.681854,15.23979,14.571251,13.82778,11.520547,7.826586,4.368746,2.646093,2.648179,2.9852166,2.3564224,0.86482775
-650.0724,89.66731,78.09779,63.97493,50.761337,39.298,29.120882,20.539608,14.832453,12.570019,12.440096,12.2000885,10.676509,8.503842,6.9304824,6.3096647,6.0108223,5.517353,5.0676966,5.045019
-647.6797,92.42514,79.56822,64.55522,51.23353,40.100006,30.465956,22.77454,17.99893,15.568309,13.299839,9.771923,5.9587607,3.849426,3.8576016,4.3983126,3.9995203,2.9883127,2.6359527,3.2331958
-640.2446,100.26466,81.50035,61.607895,46.948692,37.23031,29.417194,22.531353,17.76672,15.360697,13.372791,10.058445,6.3279247,4.673356,5.813509,7.5504875,7.404228,5.3957863,3.2867153,1.8059287
-633.4916,105.876434,79.15666,54.509163,41.20897,35.67056,30.387878,23.639584,18.923481,17.802698,16.981392,12.979493,7.277471,4.600755,6.567552,9.384936,8.77731,5.2505035,2.5071664,1.8802345
-632.724,105.54956,76.20545,50.675377,39.137115,36.03058,31.639107,24.44384,19.816544,19.931402,19.88387,14.713746,6.8616676,3.511815,7.357381,13.172896,14.417492,10.594034,5.983674,2.9428444
-628.9573,110.492615,80.7601,54.926025,41.169952,33.59964,26.049034,19.925587,18.702915,20.652428,19.724606,12.561876,3.2945383,-0.21545672,4.297794,10.286932,10.648762,6.406499,3.6423028,4.2207813
-628.1611,109.349686,76.845505,52.421425,41.404156,33.472496,24.54752,20.356346,23.158766,26.367641,22.493782,11.877142,2.7720745,2.2752724,7.4312887,9.112367,4.720183,0.5730251,0.8055835,1.756611
-627.3309,108.69054,74.93765,53.158676,43.912766,34.5288,25.051228,21.864109,23.755102,24.48317,18.728718,6.8460884,-1.1500235,3.1740801,11.215599,9.335787,1.3298413,-0.3726493,3.2132235,3.7515001
-634.53784,102.05657,74.87865,56.335327,46.61093,36.622063,26.999395,22.109053,21.117004,20.23625,15.439033,7.1794233,4.1080856,10.794657,16.623096,11.773022,3.3722057,0.8569418,1.0131564,-0.12133102
-647.85077,91.62991,78.40587,64.51706,52.805084,42.760365,34.076275,26.78535,20.214958,13.611492,7.4968677,4.240235,5.9078054,10.386854,12.275166,9.404881,5.130232,2.7865405,2.076716,1.9337012
-652.90186,87.28272,79.2597,68.054,55.80252,44.069107,33.624023,24.7715,17.780695,12.9832115,10.483454,9.82254,9.992983,9.88447,8.849456,6.96084,4.78605,2.8914442,1.4798667,0.4072289
-652.46234,87.98638,79.99644,68.37424,55.157444,42.371254,31.548185,23.451118,18.057709,14.7683,12.731463,11.161786,9.553198,7.7472506,5.872421,4.2065263,3.023901,2.4761229,2.532951,2.9894195
-651.58496,88.69783,79.37111,66.23418,52.027573,39.225193,29.36972,22.836884,19.045118,16.939068,15.493696,14.035378,12.309898,10.3620205,8.357767,6.457241,4.7718353,3.369667,2.2755878,1.4456054
-652.2556,87.791756,78.61032,65.75897,51.991875,39.732735,30.39971,24.20031,20.402117,17.879753,15.65522,13.2115965,10.515307,7.833488,5.5029364,3.7747374,2.7673268,2.4797034,2.7980301,3.4727662
-651.78674,88.55319,79.6143,67.00459,53.281685,40.690323,30.572079,23.230116,18.21401,14.797293,12.371979,10.591718,9.277046,8.237952,7.190195,5.8416224,4.081153,2.1139574,0.41278517,-0.522159
-651.7599,87.69258,77.02324,63.74643,51.368736,41.38593,33.583588,27.153301,21.367805,15.791992,10.577385,6.643846,5.0439615,5.7196283,7.0251617,6.8933716,4.6346035,1.463581,-0.76899385,-1.1709492
-642.66766,96.13421,76.20508,56.402576,43.597073,36.41159,30.656685,25.293753,21.732132,19.470772,15.636751,9.302177,3.874644,3.3131819,6.791302,9.081429,6.5545635,1.3080662,-1.6077325,-0.12285524
-640.69476,96.36513,71.53398,49.590336,39.17314,36.03701,32.504204,27.206045,23.52095,21.848038,18.188322,10.715076,3.846606,3.1034286,7.605533,10.7567215,8.419823,3.7061853,2.330877,5.139251
-638.78656,98.79968,73.29036,50.4251,39.040375,35.302002,31.717426,26.322441,21.935581,19.67561,16.805939,11.36386,6.1886883,5.6291122,8.900226,10.0531025,5.734584,0.010216776,-1.0296419,2.5254183
-642.9865,93.903175,71.67826,53.185215,44.07314,38.875084,32.353973,25.351002,20.60618,18.089043,15.496063,11.349693,6.9836397,5.19214,6.185959,6.2775526,2.760931,-1.4138465,-1.1073481,3.627342
-644.92584,90.56016,69.01677,54.053265,47.096565,39.8798,30.919004,24.393467,20.616013,16.770826,12.361111,8.8661375,7.297125,7.881396,9.417473,9.074738,5.5597534,1.937662,2.42548,6.0759354
-647.2408,88.11073,67.51886,52.260418,45.314037,39.48443,31.669815,25.159245,21.663351,18.804564,14.709309,10.742186,9.27161,10.189455,10.334761,6.9469037,1.4216621,-1.7960534,-0.36087045,3.261784
-652.73773,84.408066,70.54851,56.801014,46.879402,39.139984,31.523216,24.499763,19.207508,15.372806,12.284805,10.388269,10.4570465,11.691438,11.93508,9.872329,6.163621,2.398424,-0.24899648,-1.4229798
-659.1916,78.27926,70.345345,60.183212,50.183556,41.455082,34.09651,27.873775,22.43286,17.25454,11.996196,7.066677,3.555529,2.2506928,2.7323508,3.6556892,3.9823256,3.768951,3.678012,3.9356217
-661.17596,75.98934,69.16066,59.816555,49.885452,40.717995,32.876713,26.30624,20.679636,15.763189,11.617754,8.521025,6.6905146,6.001345,5.880477,5.516782,4.357499,2.5296946,0.74508274,-0.28110892
-663.10376,73.47064,67.32677,59.10205,50.365494,42.04153,34.454887,27.421452,20.650984,14.4180355,9.581282,6.7301,5.599663,5.430628,5.51846,5.346449,4.719905,4.007487,3.8395648,4.352878
-665.3616,70.27814,64.11064,55.946865,47.64786,40.1706,33.436066,26.971317,20.73674,15.439653,12.076729,11.083611,11.798152,12.708722,12.349689,10.199639,6.928213,3.8261962,1.8599918,1.0515752
-665.7879,70.08437,64.94879,57.949005,50.40203,42.934357,35.49637,27.939943,20.603287,14.3643,10.096447,7.986765,7.308109,6.868708,5.8037605,4.0926285,2.41303,1.4827422,1.4416023,1.7645566
-666.7509,68.8564,64.061966,57.445526,50.115765,42.55391,34.731552,26.701855,19.063839,12.828822,8.775846,6.862874,6.229269,5.810979,5.055172,4.142606,3.569944,3.508431,3.5360193,2.9844832
-665.60596,69.60378,62.728195,54.076492,45.93055,39.15615,33.174034,27.015388,20.484509,14.447933,10.076302,7.772165,6.756899,5.687461,3.7705314,1.4162407,-0.1252445,0.1632606,2.1777682,4.708713
-655.93176,78.23758,61.18405,46.205414,38.67295,35.25126,31.121986,25.847239,21.14014,16.47636,10.266987,4.074749,1.9682527,4.8826265,8.342499,7.637505,3.6688662,1.4244956,3.2830048,6.230664
-649.521,82.712296,57.770714,40.28955,35.717342,35.205276,31.04649,24.287443,19.750147,17.511284,12.404938,3.702642,-1.0533376,2.3574412,6.983634,5.2907553,-0.165822,-2.4568434,0.14291148,3.8914156
-653.0783,77.74762,53.918163,38.70202,35.557034,35.11689,30.721912,22.995522,16.847431,14.94216,12.429057,4.816433,-1.589809,0.9197352,7.0867434,7.0967407,2.1075904,-0.22384319,2.100371,5.324772
-653.7724,76.641045,53.31179,38.95681,34.860054,32.120247,26.57811,19.047497,13.617474,13.549421,14.046456,9.066313,3.281097,3.9293795,7.6233993,7.461975,4.3201265,2.8379607,4.3121285,6.6419907
-654.7513,74.968124,50.76176,35.431393,30.976204,28.684685,24.900639,20.443398,16.955902,16.039837,15.743322,12.634159,8.74551,8.11521,8.780442,6.627736,2.4690125,-0.56209785,-1.0274347,1.1026096
-658.372,72.774704,52.86196,37.880943,31.461472,27.76514,23.302534,18.992739,15.388452,11.953878,9.054433,7.6789665,7.9005365,8.44561,7.771576,5.48458,2.1964464,-1.199603,-2.7995508,-0.6704322
-671.0725,60.07207,50.092735,40.43988,33.342464,27.748446,23.172682,19.74207,16.06677,10.811684,5.7653637,4.0298066,5.3877945,6.475839,5.46575,3.6569228,2.424008,1.6712916,1.6720817,3.248767
-676.6733,54.37532,48.74597,41.61912,34.0922,26.586552,19.789146,14.321986,9.928826,6.084879,3.1518445,1.8884188,2.0053072,2.3093145,2.2672362,2.353774,2.7636907,2.9063115,2.482171,2.006405
-677.2471,51.82926,42.857643,34.385612,28.96879,24.734512,18.929625,11.516975,4.932954,1.295853,0.5899724,1.2164569,1.6924511,1.7625624,2.1050436,3.0988722,4.078524,4.0217547,2.7587757,1.0191579
-673.84436,53.16115,38.023033,28.247185,28.163208,30.320774,26.089378,15.563325,5.8736486,2.484521,4.491132,7.3828983,8.058852,6.708294,5.1075563,4.108707,2.9311953,0.68579125,-1.9915951,-3.5917473
-675.11945,50.72101,34.716454,25.630157,28.043308,32.988564,30.552948,21.167542,12.803855,10.519724,12.205435,13.330843,12.199968,9.724046,6.6328406,2.9029493,-0.9367697,-3.6306944,-4.480076,-4.0244064
-678.033,50.250725,40.727924,33.31248,31.272192,31.457104,28.885746,22.442015,15.36357,11.025993,9.587158,8.843625,7.1755495,4.780636,2.539514,0.8137014,-0.31211936,-0.36173028,1.1489186,3.681608
-681.66675,48.142017,44.394745,39.328316,34.020264,29.100544,24.649616,20.481226,16.525734,12.995365,10.2296505,8.392794,7.2990427,6.510418,5.615744,4.465308,3.199378,2.092533,1.3686082,1.11902
-678.302,52.024162,46.24132,39.255043,33.132668,28.697083,25.561232,22.736954,19.306955,15.013227,10.548938,7.167668,5.7109814,5.907214,6.649929,6.9058056,6.292632,4.968258,3.3166885,1.8419628
-668.0911,61.159367,45.450024,33.958862,30.495218,29.560257,26.845795,24.067734,22.828136,19.964712,12.760958,4.949136,2.6809583,5.919977,8.375988,6.121307,2.195077,1.2658677,3.1390247,4.15495
-660.99884,67.12222,44.23468,30.14498,28.702587,29.026714,25.065788,21.517284,21.602102,20.538803,14.366058,7.284973,5.538739,8.558399,10.579224,8.679698,5.4480343,4.4356084,5.863162,7.141364
-657.73956,70.407524,45.734325,31.89425,31.183708,30.330729,23.89869,18.106188,16.59626,15.79857,13.085619,10.229971,8.993431,8.91292,8.897068,8.007971,6.007042,4.5016627,5.4265,7.6038456
-654.26794,71.76146,41.731903,28.637001,33.939682,37.04917,29.003906,18.956367,14.344006,12.641552,10.638244,9.181891,8.981946,9.124176,9.115793,8.752735,7.6354847,6.317376,5.71029,5.0884523
-649.6454,75.10858,40.17489,27.21128,36.583904,41.51909,31.32887,18.959913,14.020201,11.861562,8.119865,6.53075,9.710516,13.342762,12.967995,9.805239,6.868719,4.14145,0.7107272,-2.0571826
-652.2492,74.867645,45.371147,32.79771,38.140923,39.802155,28.865334,16.649448,11.75864,9.613604,6.1119947,5.711314,11.22988,16.83194,16.561096,12.252985,8.420355,5.4186974,2.0617654,-0.099327065
-664.71344,67.9837,56.139496,46.088005,39.97886,34.246864,26.940422,20.058323,14.962065,10.256286,5.6659474,4.1187086,7.3912516,12.291489,14.044599,11.899076,8.718506,6.315175,4.2282405,2.4765258
-671.275,62.7471,58.501,52.05543,44.220627,35.90155,27.949642,21.046633,15.631659,11.870428,9.662205,8.684061,8.470896,8.522414,8.414625,7.885281,6.867243,5.4624376,3.8730702,2.3211322
-672.1992,61.74443,58.330124,53.027046,46.359627,38.957905,31.473682,24.497292,18.487938,13.727222,10.301859,8.116184,6.9306064,6.4178495,6.2267046,6.0423203,5.6335554,4.880706,3.7809653,2.4325523
-670.6798,63.747826,59.920574,54.002693,46.61724,38.510944,30.452587,23.131905,17.074226,12.583235,9.719287,8.314943,8.023316,8.389854,8.934793,9.2324915,8.975129,8.011564,6.3566585,4.171992
-667.1023,68.346535,63.247597,55.548965,46.289673,36.639767,27.691381,20.278,14.857815,11.481292,9.843302,9.401183,9.526703,9.654768,9.395491,8.588245,7.291957,5.7221537,4.1575265,2.8438234
-666.956,68.072525,62.239784,54.78904,46.940647,38.676014,29.877644,21.531239,15.3617935,12.253262,11.346621,10.928901,10.088461,9.237902,9.026605,9.106553,8.313367,6.02064,2.973094,0.5598299
-665.3932,69.8186,62.80449,54.031116,45.425694,37.386925,29.594055,22.341232,16.749767,13.661638,12.589258,12.003034,10.690863,8.742827,7.1759105,6.690818,6.8911924,6.693099,5.3943563,3.2966113
-657.2538,76.88579,60.270676,44.215286,35.044586,31.910192,30.668438,28.851624,26.26783,22.847143,18.178894,12.976865,9.107879,7.388601,6.461504,4.7784677,2.8677526,2.3401098,2.9842525,2.4765677
-649.854,83.78133,59.550537,37.915295,28.450157,28.69757,31.019882,31.052307,28.687874,24.449541,18.489971,12.441317,8.969759,8.432495,7.9848804,5.396736,2.2900057,1.7339172,3.45165,3.7739236
-649.0306,84.53208,59.32016,36.901505,27.670475,29.082188,32.284546,31.921963,28.486582,23.92809,18.54987,12.536285,7.7316265,5.821694,5.7010827,4.6701665,2.2796743,1.1590586,3.1732464,6.179816
-650.70984,82.968216,60.60721,42.34439,35.24605,34.364864,32.74584,28.790977,24.306128,20.102604,15.455163,10.1614685,5.5726795,3.3113303,3.1842985,3.2231617,2.4328334,2.328313,4.2588577,6.232058
-651.3878,81.749016,60.116413,44.771145,40.157192,38.14417,32.60519,25.349625,19.814648,15.909074,12.064579,8.596863,7.0047235,7.1580954,7.212389,6.331442,5.5137005,5.36726,5.100319,3.8370864
-648.59625,83.3687,58.39051,42.987534,39.663204,37.16053,30.494305,23.32899,18.371109,14.628444,11.149003,9.32683,11.001131,14.019371,12.957897,7.29646,3.2631369,3.6665432,3.9667666,2.0624132
-656.2398,76.64409,58.580452,45.33462,39.92708,36.001534,30.26704,25.093472,21.523043,17.416107,12.876763,11.818388,15.71719,19.4455,17.086906,9.880897,3.844674,0.95548415,-1.4809592,-3.6171951
-657.94543,77.31036,63.864243,50.347176,41.161316,35.532825,30.844715,25.61079,19.602833,13.541603,9.363243,8.945502,11.473305,13.331409,11.731046,7.5367165,3.589909,1.3841922,0.7259619,1.5164961
-664.73724,69.71211,60.458942,50.273262,42.85743,38.63369,35.14399,29.72466,22.062515,14.506714,10.035362,9.735426,11.918755,13.488228,12.29086,8.521732,4.1948705,1.3286726,0.42135882,0.36159486
-665.54095,68.97587,60.740875,51.670982,44.787292,40.074146,35.28419,28.578674,20.456493,13.315445,9.296739,8.524142,9.222954,9.336115,8.031516,5.9139495,4.1192493,3.3348124,3.5002937,4.0959
-668.3944,66.01048,59.963432,52.13693,44.46251,37.844906,32.046093,26.414013,20.795834,15.881109,12.714632,11.792876,12.485545,13.26986,12.642793,10.063736,6.2535048,2.6436696,0.38260496,-0.3876146
-667.3437,67.580505,61.66086,53.75505,45.675205,38.479843,32.239246,26.471924,20.844072,15.579782,11.302664,8.493465,7.042041,6.27683,5.4577413,4.337196,3.3296072,3.1316905,4.070157,5.6808815
-666.4968,68.59916,62.194473,53.621353,44.824593,36.970894,30.23626,24.277952,18.914005,14.4370575,11.348401,9.801543,9.28233,8.840938,7.717173,5.8596153,3.9109392,2.6562715,2.3641968,2.5406022
-663.90656,71.20885,62.295025,51.276077,41.48368,34.475002,29.666512,25.41232,20.568542,15.343592,10.907755,8.244504,7.268031,6.918035,6.0851593,4.540061,3.074796,2.750389,3.892487,5.676835
-661.897,71.81073,58.39788,44.30924,34.048054,28.559082,27.065598,27.216434,25.50645,20.39088,14.166082,10.245197,9.611755,10.834772,12.048073,11.922291,10.049751,7.324936,5.111911,3.6725392
-654.4554,78.69806,59.22692,43.33838,34.266228,28.19806,25.014778,26.126545,27.388523,23.055012,14.025965,6.4497967,4.224932,6.081524,8.01085,6.979152,3.7139647,1.5760105,1.7809966,2.1376753
-655.4382,76.09848,55.271183,40.974205,35.334076,30.879953,26.469564,25.89925,27.138233,24.037346,15.820027,7.7727947,4.525525,6.226609,9.109507,8.652187,4.4362063,0.8805392,0.85905564,1.6373918
-656.8323,74.15737,53.97072,41.70105,38.82863,35.547405,28.816036,23.464088,21.174927,18.869152,14.942296,10.335951,6.20749,4.1702404,5.235503,6.910885,5.8307657,3.5358062,4.326685,7.5935535
-657.5473,71.46635,48.888382,37.25428,37.377914,36.205826,29.637066,23.640932,20.920212,19.59224,19.305414,19.231663,15.815266,9.097804,4.5877314,4.2342205,3.4037542,0.41769972,0.12047729,4.1049843
-656.989,73.18303,51.937744,40.02249,38.668312,36.50975,29.565477,22.592026,17.988165,14.921327,14.199913,15.549631,15.105915,11.371985,7.844858,5.934205,2.5044422,-2.37967,-3.4365232,0.64493257
-664.24835,69.379425,58.286415,47.208237,39.425156,33.617233,27.480255,21.047909,16.08151,13.543711,12.788238,12.844721,13.331189,13.657228,12.23526,7.78421,1.5317838,-3.066005,-3.5951185,-1.1121323
-667.8696,67.04686,61.397446,53.0446,43.286877,33.47268,24.745138,17.888119,13.2706375,10.855391,10.245469,10.770779,11.629229,12.0772915,11.623451,10.15074,7.909762,5.380659,3.0678806,1.3228216
-670.892,63.31035,59.11101,52.694813,44.83058,36.406624,28.28965,21.197752,15.609936,11.725241,9.473567,8.569227,8.591733,9.074942,9.587599,9.79315,9.483254,8.585176,7.148198,5.315239
-671.9546,61.934185,58.093826,52.211628,44.973778,37.17659,29.60114,22.898315,17.5046,13.601841,11.124826,9.810585,9.275906,9.105064,8.9297905,8.487062,7.6469364,6.409648,4.877987,3.2150748
-673.8734,59.511322,56.4776,51.735878,45.715508,38.93949,31.960995,25.299423,19.385075,14.519368,10.854842,8.395685,7.0166492,6.495532,6.5532722,6.8953195,7.248841,7.3918457,7.171891,6.514267
-674.7781,58.253105,55.294365,50.71186,44.974274,38.638252,32.269104,26.363588,21.28719,17.235624,14.225709,12.115864,10.651218,9.524289,8.43994,7.1727324,5.607011,3.7530484,1.7377493,-0.2276493
-672.6101,61.01332,57.24859,51.64113,44.97998,38.040627,31.42564,25.503664,20.441936,16.284693,13.019208,10.595676,8.907316,7.768248,6.927776,6.1334753,5.2174745,4.1580944,3.0758257,2.1584566
-668.9499,64.085,56.21051,48.26405,41.914993,35.894424,29.480291,23.918747,20.047657,16.638859,12.509272,8.987621,8.452847,10.826359,13.256691,13.452127,11.741728,9.284679,5.9101305,1.2020665
-658.78076,74.36903,58.29593,45.30613,39.202408,34.856945,28.085464,21.135286,17.35421,15.331564,11.803051,7.5866537,6.440224,8.888633,11.17004,10.728844,9.094309,7.84013,5.1405683,-0.5927891
-651.1239,81.07608,56.74802,38.94291,34.22184,33.604156,28.280304,20.372967,16.236996,15.815555,14.07296,9.825195,7.141634,8.211782,9.950888,9.211206,7.3424973,6.9226475,6.8324695,4.122898
-654.2422,77.28282,54.564377,38.568268,34.923912,34.593178,29.578823,22.269184,18.236841,17.083288,14.684183,10.369478,7.128024,6.4103756,6.7198863,6.873127,7.461361,8.838104,9.952985,9.571251
-658.3083,72.94687,53.910362,41.351112,38.015404,35.915443,30.720263,25.212566,21.949688,19.216412,14.705602,9.740948,7.194865,6.666118,5.6619043,4.408677,4.55371,4.9982333,4.370398,4.26338
-661.3861,69.82678,53.126583,42.032013,39.31415,38.004257,33.638535,27.873985,22.585306,16.592106,9.270452,3.7972379,3.563121,6.8044386,8.760302,8.151517,7.185256,6.8420057,6.81662,7.6226587
-660.16943,72.65013,57.12243,44.63038,38.908394,35.11797,29.124239,22.45532,17.615807,13.621401,9.092973,6.41343,8.745083,14.11221,16.315575,12.194759,5.176708,0.66673625,0.16274258,1.287256
-664.16754,70.239456,60.213234,48.697617,39.137714,32.25666,27.010418,22.256998,17.540503,13.21968,10.408361,10.236669,12.382053,14.458107,13.652975,9.330554,3.6898515,-0.3426615,-1.5774775,-0.8637127
-668.50616,65.6501,58.908936,49.77541,40.31758,31.993366,25.364744,20.38852,16.908329,14.896405,14.287672,14.647313,15.07682,14.557571,12.534239,9.291696,5.7967806,3.0770235,1.5719008,0.9244437
-669.43744,64.986145,59.76902,52.036423,42.999474,33.952118,26.000044,19.855381,15.744026,13.43906,12.398741,11.961084,11.536302,10.745335,9.474092,7.8409824,6.1011477,4.526512,3.3025737,2.4727373
-671.2792,62.859222,58.92376,52.87005,45.372192,37.221947,29.210892,22.01951,16.13202,11.789551,8.986744,7.5083423,6.9952817,7.0255566,7.193969,7.177038,6.773803,5.9189363,4.67039,3.177502
-671.7731,62.159615,58.219807,52.154877,44.633965,36.444195,28.375385,21.112328,15.15238,10.759982,7.9616957,6.577997,6.281463,6.6682634,7.3294964,7.911068,8.15514,7.920063,7.1798224,6.0067654
-674.0488,58.963577,55.10276,49.207474,41.994743,34.30137,26.953556,20.64367,15.835096,12.710379,11.169592,10.876047,11.338499,12.012632,12.402338,12.142737,11.051426,9.141684,6.598528,3.7260232
-673.4249,59.736202,55.589325,49.341866,41.840485,34.01774,26.726557,20.611631,16.035862,13.063761,11.494721,10.935068,10.895037,10.893595,10.551535,9.654503,8.1746435,6.24942,4.1263313,2.088382
-670.0363,62.334286,53.76551,44.82045,37.803436,31.886738,25.96547,20.695694,17.201847,15.132584,13.268528,11.494801,10.777442,11.119842,10.89248,8.912652,6.2393107,4.773737,4.4937277,3.3993876
-658.48254,73.342804,53.647194,36.901527,29.31485,26.662289,23.302147,19.25085,17.058556,15.979319,13.209271,9.323921,8.20211,10.9077015,13.1317005,10.769383,5.719155,3.2730265,4.7473564,5.907439
-653.9057,77.08766,51.91297,31.951004,25.317883,25.34068,23.280405,18.857674,16.426615,16.201326,14.456726,10.638203,8.930151,11.635535,14.878916,13.477194,7.908834,3.4080439,2.8366709,3.4411812
-655.71277,75.17125,51.700714,33.574173,27.507034,26.437706,22.814854,17.468649,14.463405,13.528503,11.6208515,8.813686,8.331329,11.402441,15.121549,15.788378,12.719051,8.438576,5.9023643,5.427409
-657.51086,72.88496,50.989914,35.942444,31.877686,29.417736,22.748615,16.320839,14.601202,14.548225,11.854114,8.206065,7.715452,10.088389,11.681265,10.944435,9.215261,7.751051,6.8228583,6.210001
-657.7529,71.11206,47.411114,33.33795,31.51446,29.376324,22.168633,17.731058,19.521187,19.576122,12.5759945,5.4634085,6.270734,11.438772,11.950203,6.8473344,2.8943903,3.6383944,5.938365,6.332679
-663.07623,65.28454,45.258965,34.11193,33.304073,31.461124,25.203484,21.719467,22.615746,19.707283,9.917896,2.3808794,4.7317295,11.230376,11.732941,6.209944,2.59418,4.0672235,6.2638435,5.64133
-669.1254,61.70012,50.054916,40.77717,35.69909,31.034771,25.418083,21.22287,18.712576,14.79866,8.94923,5.4325867,7.0874605,10.497942,10.553387,7.3121824,4.90335,5.117251,5.6560054,4.3770676
-675.3511,56.424004,50.793934,42.888386,34.39896,26.866806,21.267021,17.841019,16.195747,15.584897,15.2376,14.6134815,13.516075,12.05892,10.526491,9.197918,8.205107,7.4788666,6.799919,5.924632
-674.78406,57.249363,51.67724,43.843796,35.44789,28.079033,22.768293,19.75235,18.516472,18.080042,17.405544,15.776689,13.015446,9.477791,5.85425,2.8710842,1.0145596,0.37907565,0.68125755,1.4141812
-678.02783,53.173553,49.015335,43.167282,36.8714,31.248093,26.958372,24.0484,22.023743,20.114248,17.621014,14.211702,10.055147,5.7528663,2.1030743,-0.20536074,-0.8503762,0.008360792,1.7926372,3.7135708
-676.96136,54.642773,50.313683,44.036297,36.941574,30.155117,24.523155,20.44682,17.864141,16.366627,15.394691,14.436502,13.166159,11.488132,9.495019,7.37554,5.320639,3.4648216,1.8758175,0.58048433
-674.05176,58.4282,53.276764,46.02951,38.030106,30.306622,23.435402,17.722363,13.433233,10.817205,9.906193,10.310072,11.251007,11.874732,11.632142,10.460079,8.658291,6.603718,4.5480356,2.626887
-672.2105,60.739883,54.780266,46.424763,37.366035,29.001913,22.099316,16.82032,12.997231,10.424525,8.982297,8.565746,8.943,9.69817,10.326336,10.415152,9.779631,8.4602585,6.6085854,4.3724446
-665.93164,67.54972,56.598114,43.095432,31.135693,22.757376,17.697826,14.614716,12.458378,10.934774,10.085487,9.775227,9.679608,9.623926,9.727039,10.1252165,10.614992,10.667585,9.820314,8.003363
-653.53076,80.47327,59.654007,38.429764,24.42907,18.081144,15.925733,14.283882,11.338663,8.276979,7.741296,9.927782,11.730439,10.912099,9.018377,8.499492,9.005226,8.562035,6.744975,4.6015
-648.22095,84.40555,57.66661,35.022514,23.414639,18.578487,15.941526,13.261808,9.104347,5.4458895,6.494914,11.212236,13.415146,11.405013,9.788036,10.322014,9.5474205,6.7660537,5.5186853,5.9047785
-651.57025,80.801926,57.105057,37.944008,28.086819,22.390957,17.485786,12.798447,7.6444073,3.9089875,5.13297,9.623301,11.656832,10.409325,9.508325,8.699659,5.319959,2.0963125,3.3653064,5.761559
-657.0629,73.7571,51.820652,34.954926,27.73525,24.236355,20.087593,15.233608,10.338749,6.861315,6.831688,9.354862,11.254094,11.642651,11.180904,8.483207,3.148632,-0.3718331,1.391448,4.27122
-659.6267,69.873184,47.29223,30.597885,25.874443,26.002438,23.877247,19.797733,16.628014,14.307463,11.62416,9.91346,11.3909645,14.354082,13.51285,6.7388372,-1.2085465,-4.3784,-2.864789,-1.1355339
-664.10876,65.70808,47.454506,33.243435,27.859901,26.47374,24.438438,21.733826,19.20491,15.932497,11.563166,8.306843,8.486729,10.704933,10.52305,5.9003077,0.1440917,-2.3346472,-1.4151044,0.040834837
-668.3819,62.908585,50.25009,37.511368,29.09605,24.685448,22.313839,21.033438,20.12032,17.831396,12.969649,7.17185,3.7852736,4.018035,5.4648137,5.1369305,2.89087,0.8318399,0.19375359,0.39682567
-670.661,61.048306,50.842644,38.820686,28.778343,22.28759,19.03308,17.781044,16.88757,14.783426,10.939722,6.491988,3.4563985,3.0617685,4.890811,7.518644,9.607437,10.342148,9.398752,7.094034
-672.24744,57.350693,45.286896,34.330635,26.805717,20.23532,14.136581,11.416101,13.061377,15.838239,16.671284,16.067802,15.546013,14.62127,12.650958,11.230259,11.763054,12.19812,9.45653,4.4171915
-669.54407,59.576942,45.430035,35.54371,30.748718,24.115875,14.36269,7.8875904,8.228662,11.56831,13.969826,16.005499,17.797867,16.085491,10.2535095,5.8837566,7.1702023,9.794375,7.1034684,0.59511226
-667.3207,60.987152,43.53495,32.319386,29.437304,25.746975,16.975632,8.93067,7.0186357,9.246597,11.757902,14.090118,15.583822,12.935844,6.1382236,1.8582821,5.0754633,10.781036,10.325134,3.8825986
-664.5299,63.330574,42.395493,28.462273,25.01825,22.120235,14.217638,7.2520337,7.368249,11.652348,13.946667,13.278652,11.653049,8.588625,3.7681994,1.6057816,6.325383,13.812379,15.117174,8.499458
-656.3679,72.83139,47.743164,30.54631,24.777445,19.033916,9.0226555,3.9055154,9.372483,16.80838,15.622859,7.890778,2.7934632,2.1950479,0.9348937,-1.3571378,1.1898168,9.355833,14.926218,11.919884
-646.11884,84.056076,52.227066,29.973522,22.258984,16.247562,7.7093287,6.6468196,15.967276,21.764729,12.858295,-2.0029728,-7.0808253,-1.9092925,1.3629968,-1.4011343,-1.6316044,5.4475164,11.966285,10.065445
-636.72437,92.481636,52.112083,26.562187,20.743752,16.488626,7.985094,6.4349394,14.272858,17.312037,6.344552,-8.6494465,-12.676904,-5.2945423,1.7102702,2.2136211,2.428194,8.09811,13.619596,10.986725
-631.1035,97.07326,51.065456,23.599302,18.660221,14.380358,4.6506195,1.5824775,7.75179,10.868994,3.320735,-8.335119,-13.039709,-7.2690306,2.3177905,7.0351934,6.7841024,8.206099,12.263983,12.682436
-632.13,98.15317,56.633907,30.203196,21.802025,13.568673,2.4629269,-1.0242012,3.4691927,5.651037,0.7552886,-7.100046,-11.702121,-8.433935,1.833684,10.655954,11.276592,8.055382,8.669827,11.592728
-629.46124,101.50244,60.06135,34.527008,24.014091,8.625872,-9.226262,-12.260936,-1.4538546,6.230668,4.0754557,-0.867309,-2.9252381,-1.7990451,1.9098959,5.7329974,6.231512,5.1966286,7.4828525,11.451218
-630.63745,100.289856,59.297417,32.791687,19.534319,0.5993115,-18.952427,-18.991215,-2.073481,8.703861,4.4405065,-1.7494307,0.56238234,6.577308,8.73373,7.0812016,5.441426,5.815267,7.4810724,7.7405624
-641.2446,90.111084,56.05948,29.303064,12.692831,-4.8982987,-20.999088,-21.279617,-5.6932054,7.3980513,6.7152915,1.936571,5.8624473,15.164321,17.938194,12.426836,7.7167315,8.634851,9.707659,5.6686
-650.96155,81.492325,56.380768,33.20232,15.839121,-0.924745,-15.796846,-19.691982,-10.675938,0.51030725,4.573739,5.4151726,11.262226,19.948727,21.689335,14.185397,5.9872255,3.7746925,4.1734505,1.6799606
-654.9708,78.27199,57.062347,34.21685,14.568457,-2.325275,-14.772804,-18.38261,-12.926212,-4.499222,1.2206068,4.7036114,9.283686,14.410484,15.550677,10.783291,4.373823,1.8113606,3.1387582,4.119563
-653.40314,79.173325,56.078033,32.891037,13.254282,-3.516574,-13.642132,-14.002773,-8.840244,-3.9793558,-0.23700692,3.0828247,4.7121277,4.4347467,3.5183525,1.3850975,-2.1211524,-2.8968806,1.8651142,7.1960955
-652.226,79.89612,55.585533,33.251038,16.26439,1.5827892,-8.984183,-12.250216,-9.918306,-5.058803,0.5665092,3.7871099,2.397684,-0.5802738,-2.225681,-4.9921255,-9.3043,-8.434895,0.48821074,8.792767
-646.4157,84.41998,53.741547,30.365261,18.077053,6.013583,-8.115595,-15.002184,-10.4691105,-1.9099234,2.615206,2.9233708,2.8421366,3.43164,2.4377623,-1.4030905,-5.3460617,-5.135455,-0.5286188,4.003592
-635.85815,87.932495,39.282005,15.592451,18.30057,15.430456,-2.7741947,-15.017681,-9.243052,-0.054287747,-0.39968097,-1.1216058,7.960013,16.184444,9.49349,-4.7255673,-9.55201,-4.2861366,-0.32666942,-0.062427737
-602.2894,111.0146,27.992313,-1.8304741,8.42371,14.762987,2.3518705,-12.968975,-7.2106905,8.4304495,8.09068,0.42122355,5.437353,15.500038,9.803678,-4.954671,-3.9111693,3.958714,-0.6017043,-2.0509112
-587.07776,120.00339,21.402622,-9.523844,2.086364,10.782309,2.8551188,-13.012733,-7.549692,13.252094,16.203478,6.4707727,9.234411,20.158295,13.774266,-3.6945748,-0.1547169,9.881281,0.8838406,-1.2383722
-580.663,125.91153,24.399864,-5.727043,3.8239934,9.671342,3.7979937,-10.470417,-7.2938566,13.273802,18.612179,8.45504,8.489101,17.574041,10.073284,-7.5028505,-3.4449568,5.4915814,-4.3671017,-5.5516996
-571.98785,137.8111,35.36767,2.489156,3.1633613,-2.89216,-9.349901,-13.468243,-8.742195,4.000783,9.566668,6.3220053,6.125534,11.602505,8.354962,-2.3975825,1.3344054,8.793587,2.2152529,0.17040813
-568.198,145.78722,46.34126,9.34194,-2.3837552,-22.256481,-28.644974,-12.705102,5.552932,4.4005675,-2.150553,6.0638866,12.104574,7.1910114,2.3869023,-0.36389983,4.2049885,9.72016,4.3188043,2.53448
-569.06995,148.9049,58.591026,19.833443,-5.542142,-30.353321,-32.740654,-11.563659,11.799145,6.8207684,-2.2638195,14.491175,16.779709,-3.2558227,-4.822157,7.420782,13.256275,6.4630346,-8.450461,-4.8202076
-568.30475,147.44669,55.039474,17.884396,-5.951123,-27.811775,-27.928614,-12.239471,6.5818768,8.306078,4.922899,19.233253,21.503914,0.5500172,-8.516586,2.688251,14.027655,6.951683,-8.584686,-1.2965502
-578.9821,137.44179,48.55879,14.502018,0.31203082,-21.144081,-27.293694,-15.41526,1.5027066,14.060626,18.904366,22.94453,22.378742,5.6763906,-10.873916,-2.6124668,12.806253,4.9040394,-7.4541707,4.820802
-584.79065,130.80186,43.902225,13.529896,4.763646,-16.75304,-24.832546,-11.613798,5.7920284,19.114096,25.0102,25.9301,22.585957,9.476671,-1.0445126,5.297166,9.491445,-3.9053192,-10.453302,5.895756
-578.0459,137.4219,43.07099,8.085841,4.853179,-8.5576,-18.059143,-11.938944,2.0063505,14.682571,20.01592,19.646004,14.330069,5.6064925,5.9573593,14.2621,11.408609,-1.5205524,-5.954518,0.4850855
-578.9975,138.35254,46.374382,8.755675,3.4390335,-6.226512,-15.110033,-15.703447,-3.9304934,14.36259,22.317425,17.317108,5.6885595,-3.1968474,3.7810829,14.900406,9.970547,1.6986971,2.7666125,2.358221
-586.29614,132.71211,46.62562,8.35228,0.2588835,-10.952703,-19.743275,-16.401833,1.0026029,21.512169,27.18713,17.132399,0.4522257,-11.053576,-3.527883,12.341318,13.812321,6.5555644,4.6792364,6.381776
-601.34534,121.54018,48.68389,9.9111805,-2.3205085,-12.167074,-17.002237,-9.689974,9.775184,29.818548,33.336777,18.644371,-2.9402547,-17.069128,-11.289017,6.1551933,13.399948,8.564545,6.0034,11.367227
-606.6949,120.15033,53.461426,11.33795,-4.591068,-15.210514,-18.996794,-6.0051656,17.509819,34.063297,33.541283,17.823307,-4.3088026,-16.455004,-8.324673,4.4439015,3.7010183,-0.21231991,7.105038,16.217617
-604.709,124.82988,60.01676,16.004715,-5.2513437,-22.506783,-27.654099,-9.084303,17.151861,30.881836,30.50013,18.896881,-0.0042977016,-9.731217,0.063032,11.706586,7.2418523,-0.4568897,5.481806,13.479582
-608.4624,122.39006,62.62369,19.392792,-6.474629,-27.552711,-30.6334,-7.811549,17.946598,27.72094,27.880821,23.0526,9.235699,-2.6075382,2.7482457,14.350163,12.402008,3.3733382,3.6158376,7.2022767
-612.11945,121.74641,69.27112,27.111366,-3.1299376,-27.870827,-32.09946,-10.008888,13.748788,19.884995,17.24848,15.060682,8.201928,-0.9563012,-0.19581132,8.563073,11.74737,8.609172,8.281351,9.484398
-614.0011,120.67128,70.47603,29.530304,2.131578,-19.4884,-27.401604,-14.513556,5.9023867,16.290567,14.575156,8.626234,3.1388724,-1.4087628,-3.0516837,1.4061456,9.86059,15.23044,15.237198,13.577816
-608.4041,126.69217,72.263824,27.127161,-1.5644361,-19.497757,-24.072243,-15.458031,-0.7745006,13.166921,18.393963,11.325935,1.2427044,-3.296956,-4.698188,-2.5986328,6.3125525,13.357078,10.315744,6.133768
-610.23663,124.36714,69.76609,23.697025,-4.259735,-18.917885,-21.605125,-15.266832,-3.2685797,11.664736,19.331724,12.641844,1.7884514,-3.2831082,-6.547621,-8.146294,-1.5392108,7.936244,11.016529,11.408116
-608.46936,125.435074,66.68985,17.844439,-6.741735,-16.352917,-18.255032,-11.121597,4.95732,20.064257,20.504631,7.1852517,-3.01142,-2.155394,-0.6286432,-4.5368958,-5.41103,1.8735212,10.694874,14.046266
-605.8491,127.094246,63.70986,12.734596,-8.643019,-15.799587,-20.371857,-13.967649,8.162102,28.365166,26.364536,7.40048,-4.9913716,-0.45924845,8.532373,8.91317,4.511241,5.294183,10.04084,9.826481
-609.3363,120.64137,55.532246,6.6055894,-10.237157,-15.043068,-20.374569,-13.910847,11.319964,34.314373,30.743748,7.354962,-6.7820654,1.3564441,16.288391,20.181145,14.995386,12.1175995,12.753931,9.7387295
-606.17456,124.467834,58.817154,10.974314,-4.397156,-8.9680195,-14.412013,-7.5338955,16.268444,33.528656,22.491055,-4.5253887,-16.769726,-4.80552,12.3941765,16.867838,11.616598,8.464851,9.627761,9.033211
-601.2342,131.29099,64.30433,13.096628,-6.043319,-11.678646,-15.016673,-6.391386,15.800907,30.089146,18.940384,-5.3003845,-16.180862,-6.3977547,7.7779217,10.884911,4.7636766,0.49106014,3.2576632,8.829745
-593.29626,139.95836,70.750595,17.514153,-5.8812532,-11.542484,-16.00465,-14.478061,3.4082947,18.26675,12.874733,-2.6020224,-12.987728,-7.000561,9.065905,14.672611,8.770451,1.5115546,-1.8579104,4.219834
-589.2571,143.86737,73.58484,22.184027,1.525834,-1.710059,-10.259133,-18.603168,-6.169138,9.289633,8.193848,-1.191025,-9.062969,-3.2927184,11.9133215,14.277235,7.6791697,3.4256582,-0.4066876,2.0814707
-588.2661,145.99286,74.76746,20.503094,-0.40071905,-0.9054371,-5.9881163,-14.439524,-7.6958904,3.4220061,3.709816,-1.8718235,-5.8689494,0.9997406,13.367359,13.697851,8.413916,7.6497364,6.514551,5.917529
-590.0352,147.57022,79.471924,20.496552,-7.433951,-11.215326,-10.430843,-10.390621,-4.271227,2.8192835,3.5414534,1.3521879,1.55684,7.13521,12.666012,10.05526,5.850398,7.557955,10.052185,8.694968
-597.7047,142.7537,84.14206,27.661617,-5.091703,-15.293562,-13.806795,-7.073536,1.7756735,6.948662,5.6394253,3.4584656,6.598207,12.6964,13.522877,7.105267,2.2343366,5.3027763,10.054513,7.314419
-606.6289,130.7739,76.711845,29.762611,3.3085241,-11.371786,-17.922026,-10.361898,7.053013,17.104847,12.5599,6.1503325,9.909607,17.264793,15.557077,6.6107435,2.6206794,6.5368185,8.683214,2.45189
-610.4711,123.99534,69.03467,24.909508,1.5354469,-14.189283,-22.439426,-10.623431,15.258975,29.076328,20.288807,8.034596,10.234955,18.349833,15.774344,5.295624,1.4614196,5.521533,5.6569676,-1.6400895
-603.4192,132.60046,76.23159,32.070522,6.598557,-13.821438,-26.060137,-16.072912,9.9640255,25.700214,18.209469,4.084852,4.410903,15.099545,15.857211,4.378582,-1.0971894,4.5085583,5.974354,-1.817112
-597.2066,137.18106,76.16434,32.742546,8.816601,-9.924951,-22.158768,-18.378813,-0.06574006,15.022413,13.053928,2.5102792,4.0176992,18.915688,21.02952,2.5919595,-7.6041527,1.5680673,9.279352,6.788314
-591.6704,139.76965,71.92178,28.09053,8.311293,-4.126588,-15.670937,-19.047684,-5.0352526,11.997891,11.966773,-0.24662317,-1.8162968,14.166906,20.435448,4.699992,-3.7403097,4.2139306,9.257591,8.787104
-590.16064,137.97076,66.67622,27.259283,14.597736,4.7884994,-11.148002,-18.017778,-1.4961891,14.904114,10.37407,-2.7462845,-5.6599655,7.1516123,15.249174,5.9102745,2.0773568,7.977197,7.4463043,5.3123007
-594.7571,131.9013,64.28291,30.81683,19.818321,4.0856795,-18.884903,-20.878208,7.574479,24.994553,16.331984,4.448823,-3.632852,-3.0787776,2.3390584,0.5032632,1.976439,7.4953847,7.12049,7.7399797
-599.6477,129.25636,69.13542,35.626965,16.222984,-5.978297,-28.412298,-25.022049,7.8957973,24.832342,16.613895,8.60409,0.8739756,-1.2857983,3.831851,4.0616293,7.2220078,11.6043005,9.081618,9.078369
-608.82465,124.87504,76.66744,39.821404,8.863182,-13.8812275,-26.372627,-18.766558,8.439262,21.16826,16.713587,13.750042,6.248286,2.1107326,6.3845606,6.6603546,10.330053,15.200753,11.412062,7.685429
-616.9717,118.19278,76.14353,39.588196,8.09866,-12.083873,-21.21572,-15.220403,7.0536695,20.810963,20.34644,15.708168,4.8017282,1.4042041,9.570769,11.776142,12.057411,14.499968,12.758481,8.605668
-619.54724,113.88749,68.27038,31.350477,5.038584,-14.689739,-24.872578,-15.806739,10.071455,29.240944,31.100945,22.46505,10.102356,6.211332,11.741917,12.663416,9.477644,10.197005,13.222833,11.441507
-618.8617,114.051445,65.065414,26.48064,3.1539507,-14.807259,-24.220577,-12.880153,14.469485,34.739586,36.044945,25.000938,12.01699,6.05105,7.5511584,7.899839,4.411614,3.1303902,7.3996964,10.512232
-613.02344,119.93966,66.10855,24.42436,1.4171526,-14.281728,-22.126541,-12.461457,10.736753,28.942793,32.52408,25.45715,13.76903,4.2198076,1.6548699,4.34176,6.9550705,6.1588244,5.3423414,7.0543303
-609.55695,123.166534,67.40805,25.086348,0.534409,-15.627759,-20.967575,-9.811756,9.480644,21.108034,24.335226,24.970554,18.80801,5.991783,-2.2397807,1.7278175,11.351701,12.288372,5.4731483,3.6992671
-611.1374,121.30315,66.23556,24.086231,-1.1715271,-16.525627,-16.868143,-1.4470406,14.137066,17.122442,15.727894,19.283684,20.082909,12.184261,4.038461,4.9160566,11.105471,11.017568,5.227072,2.6273637
-611.3545,123.29036,69.86893,24.26213,-4.4172373,-17.672905,-12.606527,4.019313,14.643179,12.786253,9.609944,13.261119,17.278692,14.465794,7.7842855,3.8404891,3.8636317,4.6916885,5.1094527,3.7919645
-606.83856,130.16992,75.48964,25.082706,-6.632634,-17.795235,-11.245718,2.1652412,9.126425,7.713494,8.661069,15.72831,18.91336,13.338156,5.0593762,-0.1043318,-0.3651278,2.9127157,6.989504,8.326538
-607.0667,130.00073,76.67508,26.506937,-6.2710047,-15.782259,-9.446083,0.3674125,7.5291996,8.358875,10.088291,18.03064,19.916553,12.124289,3.578393,-2.03664,-0.6408713,5.9800386,9.419502,10.017289
-611.7543,123.92273,74.11891,27.484009,-4.910206,-13.170443,-7.005254,0.7499972,10.850073,14.612141,12.228291,14.78088,15.3228035,10.276316,4.3660336,-2.7936003,-1.5852365,7.5741405,9.628314,9.098521
-619.361,114.50099,68.69777,28.607948,0.62680155,-10.62556,-9.354568,-1.1406271,13.433682,21.120708,16.088047,10.389647,9.711874,12.773691,12.29713,3.8680897,1.4009318,7.773646,9.903852,9.985416
-621.41644,113.78424,69.25813,29.205702,1.9717102,-12.831886,-13.41378,-2.3420265,12.618101,21.900005,18.610863,9.176189,8.472023,16.093294,17.931345,13.085897,11.619606,12.331827,9.126154,4.368173
-619.95074,115.70392,70.7592,29.143597,-1.0868258,-17.69897,-18.149002,-7.5656404,8.381806,24.32156,28.740267,19.991201,12.539591,11.760946,10.976498,12.259068,18.017178,18.411701,10.148636,2.5025852
-614.0687,120.64011,70.66791,28.267464,0.30552277,-13.937895,-15.191377,-9.807831,3.2903168,23.7177,32.720966,21.92205,9.5696,5.833269,5.035638,8.720505,15.887861,15.433203,8.344052,3.5487685
-614.6048,117.584076,64.265854,23.643835,2.2169495,-8.476128,-12.652997,-10.651358,3.6296716,26.649273,34.885075,20.555435,6.631343,5.93594,8.615612,10.36566,12.746807,12.424917,10.848587,10.130027
-618.0219,114.18935,63.266373,25.80484,8.964924,-0.61233306,-7.4838314,-4.9703054,11.214045,29.946098,30.29115,10.785715,-4.0781994,-0.6004182,7.3167915,7.578205,5.2516384,5.4513626,6.6854744,7.154827
-619.1765,113.987946,65.78234,29.691498,11.8747425,-0.06965377,-8.348838,-4.91475,12.255775,29.344704,27.384443,8.319292,-4.6396675,-0.9778058,6.189563,7.5047035,7.7876987,9.554533,9.778351,7.3496895
-617.21735,115.81625,66.965416,30.415798,8.708586,-6.8219776,-11.477203,-1.3691931,16.11354,27.989931,24.067583,9.316444,0.15692726,1.0140834,3.8677635,7.149901,11.24199,10.929418,8.604422,10.1930485
-616.44977,114.05477,62.843903,28.656088,7.531205,-9.710986,-11.103451,5.294509,22.882679,27.68045,17.943384,5.5526657,2.9173837,3.941416,0.7132822,3.0478387,13.061332,15.534657,10.607322,10.384308
-616.6022,111.32213,56.509422,23.346321,6.699601,-8.63319,-11.485249,5.585005,26.254566,31.23653,19.45869,6.7987366,5.5313463,8.429489,5.4484797,4.725252,12.958336,17.28482,11.862103,7.8794155
-615.7812,113.315094,57.943565,22.834068,9.078342,-2.2214003,-9.997058,-0.9521642,21.070436,33.5343,24.871704,7.841343,0.6385379,5.4576097,9.405368,7.392932,7.453723,9.852606,9.1085615,7.6637163
-623.3953,108.05919,60.292717,25.238811,11.080576,4.015463,-4.8963203,-3.869935,15.414534,33.00518,29.136189,10.841169,-1.7177345,1.5837681,8.785973,6.540148,2.9056282,7.057127,13.458532,13.880012
-628.06323,102.485466,57.371395,23.570984,9.20616,5.026574,0.4511565,2.997229,21.059895,35.432365,28.669521,9.090303,-5.2127323,-2.9832392,5.0915847,3.667694,0.82693946,6.205993,13.779079,14.473368
-627.24744,101.05592,50.783615,13.736433,0.20971742,-0.022835694,-0.472279,4.78764,24.566349,39.57708,32.72791,13.312635,-1.1128185,0.53877246,7.958817,5.2430367,1.4090703,6.524095,12.883175,12.7429085
-619.76025,107.48879,49.900524,11.749313,2.394486,1.7998577,-4.1219873,-1.9194963,20.194763,39.471115,33.109745,10.782999,-4.653756,-1.9004883,7.3627043,7.462471,4.729325,7.6299114,10.389103,8.863875
-619.45447,107.46042,48.243164,10.667398,4.6192856,3.8368883,-4.7198324,-3.625296,17.952797,37.851677,31.86892,8.469025,-5.9724474,-1.8820353,7.0593376,8.638891,7.6849017,10.600712,13.105835,10.7558155
-623.5279,104.94105,51.166462,15.607086,8.311267,6.216208,-2.116529,-1.7746047,16.120262,32.98987,27.574306,6.2722125,-7.4861774,-5.228985,1.4319997,3.3611417,4.874978,10.5261345,15.18454,13.368555
-629.6019,101.12935,54.60941,18.377571,4.295062,-0.2923199,-3.977069,0.05736932,14.947118,27.105085,22.637314,7.0021005,-3.0270169,-1.5939146,3.2558932,5.892571,9.877522,16.783012,19.735914,13.987238
-628.6942,102.43553,55.329575,17.294443,1.1849475,-4.234827,-7.627529,-3.0564237,12.753886,26.79779,24.31528,9.246291,-1.113954,1.2193298,8.154134,10.942301,11.444445,14.239554,16.485462,12.828514
-628.0422,103.36777,56.14583,17.512356,0.21224903,-6.4965324,-10.693465,-6.24737,10.220839,25.620668,24.494911,10.305854,0.9190211,4.5099983,11.417448,11.50812,8.209086,9.567834,14.053919,13.6445465
-627.94885,102.169205,53.390648,14.875584,-1.9456547,-6.937748,-7.866991,-3.2292542,9.229825,22.415844,23.098186,10.744588,1.9100925,5.9106493,12.050762,10.433992,6.852599,9.2315,14.837795,15.595001
-622.1419,104.23067,45.29442,4.740758,-5.628582,-2.697374,0.43795294,2.7446947,8.309303,16.754288,18.817183,10.047943,1.6930299,3.6749756,9.463268,10.188633,8.640509,11.121541,16.62151,17.469196
-617.14514,107.156815,41.73527,1.2049389,-4.4229794,-0.8234795,-1.4545002,-0.044269294,7.2501836,13.8510475,13.270129,8.31164,6.209825,7.7361245,8.420956,7.8987565,9.1957445,12.323413,14.753716,13.761576
-621.17395,104.482796,44.072746,5.434577,-1.256599,-0.23406902,-3.206256,-1.3809636,7.055909,11.399107,8.294095,5.928082,8.254621,9.941837,7.692611,5.9644604,9.416138,15.559361,17.635723,13.379995
-620.9478,104.940475,45.84663,9.218937,1.6834643,-1.6534219,-7.367718,-2.8405826,10.451725,15.811868,8.092609,-1.0550557,-1.9818716,3.3636036,8.519655,10.52048,11.295281,13.458419,15.123243,12.518054
-622.3859,101.41078,42.68576,10.662463,3.7956817,-5.1231084,-13.489966,-5.5657682,10.791144,17.656857,12.49485,2.8805463,-3.716127,-0.8139899,9.593322,15.947401,14.738214,14.933275,18.252068,15.664551
-625.14764,99.3124,46.86508,18.463997,6.307758,-7.2317314,-14.663222,-5.8172684,9.681408,16.393002,15.384092,9.315138,-2.8220448,-6.1259003,5.8730145,14.753466,15.089983,17.24341,19.661655,15.24283
-629.5521,98.68265,56.701195,26.09567,0.7308345,-13.689195,-13.901204,-5.230025,8.81575,15.965052,15.709736,11.6208,-0.7378068,-3.4994154,8.79888,11.834475,10.965934,18.518005,20.001038,12.837571
-627.92615,99.843735,56.02419,22.858921,-3.5228143,-13.032925,-9.088943,-1.9019772,10.866386,15.999346,10.794146,6.3842764,1.0439901,4.1267037,13.084951,8.865647,8.269381,19.703962,20.434015,13.125641
-623.56146,100.973465,48.826862,15.867729,-2.1318095,-7.239329,-7.755205,-6.7944736,5.98197,16.849098,13.697006,5.4461584,0.34346896,7.9411154,16.31419,8.74271,7.9003677,19.000587,18.369081,12.54453
-617.52637,104.469574,44.03337,12.968033,3.68108,-2.761207,-11.786113,-14.105907,0.93632185,17.641533,18.069046,5.408904,-4.6511106,2.7348866,13.435593,9.860504,9.155797,14.968458,12.025988,9.734693
-615.6669,106.1547,41.852875,9.114637,3.467469,-1.9883256,-12.111061,-12.329088,4.8188677,21.47293,19.266722,3.028853,-8.234922,-2.1636035,10.161863,14.452655,15.326529,14.348198,10.122988,11.137381
-614.4365,106.47368,39.915665,7.609539,2.997928,-4.6445227,-16.342533,-13.755964,8.582285,27.281733,20.229584,1.9331161,-2.7258055,4.199747,10.243488,14.470878,15.796232,11.401684,9.291057,12.848557
-618.15717,101.12314,37.876595,11.394768,5.5954685,-9.610765,-23.832462,-15.975036,12.447374,32.216408,20.72219,-0.062657155,0.70056486,12.0214815,13.177043,11.750508,13.804001,11.889389,11.107109,14.318941
-625.2965,94.26788,36.427094,13.15489,9.258329,-6.2988906,-23.692604,-18.24855,9.678675,30.708036,23.038052,3.8726425,1.0480042,9.923956,11.497662,9.494382,13.007395,15.564699,15.928499,16.500656
-626.8146,93.82852,35.659584,7.444031,3.5683074,-3.6501427,-15.592726,-15.494242,3.360869,24.375324,26.257437,11.221657,1.120138,5.1305285,10.234245,10.045783,12.169206,16.176075,17.798183,16.423298
-626.25476,97.718056,40.794556,4.7830706,-5.5448337,-7.361878,-9.695224,-8.476312,3.3823414,19.511358,24.014376,12.636511,0.16041449,0.4383567,6.544105,8.095013,8.665554,10.829853,12.868811,13.869389
-632.0553,94.12436,43.667248,7.514616,-6.812801,-9.807999,-7.3045044,0.65013367,12.324502,20.02908,18.053549,9.917358,2.6307297,-0.42583296,0.0062495978,2.9793587,7.426289,9.585144,9.13179,9.823412
-639.44214,83.55126,37.702477,10.054144,-2.821786,-9.856667,-6.201945,8.248066,23.160995,24.90449,14.518942,8.252237,6.785025,-1.0246207,-7.1741905,-1.2489914,6.195671,6.543707,6.074542,8.7452965
-642.9292,75.67167,27.159492,3.2997818,-6.1938524,-14.698927,-7.6367397,16.277212,33.309235,29.526121,17.754505,13.29067,8.522444,-4.9159794,-10.703808,-0.6742966,5.4260464,1.169375,1.8425791,7.6996737
-650.3454,65.63083,19.996029,-0.0039341487,-9.578678,-19.74886,-10.292114,17.369387,35.83918,34.12278,24.306509,16.321035,5.308388,-9.163227,-11.057807,0.71454513,4.35872,-0.7851479,3.071242,9.185321
-653.2372,61.69627,17.368107,-0.3160106,-8.1991005,-18.873856,-14.413273,7.2849913,29.107647,37.864517,29.146717,10.901603,-5.390086,-14.496581,-10.892037,0.2421163,1.3240924,-2.9062595,4.461586,10.843968
-652.6169,63.30767,18.351942,-1.8384093,-6.7256904,-10.021893,-8.550071,1.5669906,24.182983,44.116234,34.971336,7.67505,-7.774494,-9.924675,-7.014695,-1.3743627,-0.62523645,-1.1426485,6.1021585,9.441233
-656.0763,61.27378,18.038055,-3.749104,-4.727279,-2.3129172,-2.9730358,2.204066,24.746496,47.830093,41.0159,11.968264,-7.3040752,-8.758043,-4.0377836,-2.8167892,-6.4797087,-5.0330725,5.1655188,9.9572525
-654.5373,64.0261,21.183369,-2.6679864,-5.312133,-2.246355,-5.0199738,-2.1518497,21.66533,43.873795,37.0637,11.871283,-7.4462028,-8.108845,1.6559132,1.7179185,-4.225141,0.12169646,9.388508,12.790445
-648.681,70.45972,25.852108,1.1108284,-5.195778,-5.6321645,-7.8671465,-1.3163497,24.25258,42.114998,31.872948,9.907369,-7.1808357,-8.720045,2.5397015,4.506177,-1.6525083,1.1054556,8.19022,11.416037
-645.77277,74.188995,29.616484,6.6870565,-0.9899882,-8.781601,-13.028416,0.58025384,28.594364,41.54666,29.82013,12.011061,-1.9900086,-5.796785,2.28027,5.6788244,0.80006737,1.3812671,7.477703,9.174879
-644.219,76.36871,30.411884,7.771713,2.165533,-8.558403,-15.060466,1.5713496,28.768309,37.882088,25.848545,10.028358,0.22132795,-1.1049688,4.1747875,6.6640053,3.6572862,4.358945,10.329636,9.080416
-638.4442,82.17645,31.304436,5.5472918,0.5669708,-8.511208,-16.11375,-3.0483353,21.473984,30.483751,20.247797,7.9903975,3.4412882,5.569506,8.199543,4.7154284,0.42017514,6.17449,16.63942,14.627979
-633.2224,85.74199,28.687763,-0.8510143,-5.45623,-10.115177,-18.477268,-10.988722,14.699366,28.999025,21.210491,9.942603,6.5163536,11.376827,14.587467,6.5043,0.8557421,9.025734,18.457771,15.659045
-627.05096,92.67125,35.2787,5.2660227,-2.4490721,-6.5737553,-17.678837,-16.905865,10.530994,28.985268,19.075222,3.2761512,-2.1806169,7.5350676,14.109987,1.9193228,-1.9725561,11.234716,18.1425,14.533508
-623.7548,93.39119,35.22642,11.070017,3.5736935,-4.4253874,-16.85556,-14.817025,13.1083355,27.826809,15.076288,-0.5653328,-6.8767004,4.924981,14.254602,0.15672389,-2.2843285,14.496436,18.872284,12.709848
-619.46704,95.40781,33.443375,11.314657,2.739239,-11.378859,-24.107971,-13.40593,19.390797,28.559612,12.310466,2.0693583,-0.20213638,8.652996,13.265525,-2.756105,-5.0821743,10.463391,13.022412,7.515703
-624.03015,90.67497,28.961536,4.9616694,-2.1881962,-14.552755,-26.629135,-12.762377,22.79914,30.880112,12.969599,4.5964365,5.2212048,12.030483,13.632951,-0.78436166,-4.7676544,4.335552,6.2962646,5.021485
-638.0264,77.36014,22.30284,-3.4102712,-9.472336,-15.867782,-25.396648,-14.471749,19.29368,32.481796,19.09034,8.579363,7.8665113,15.504364,17.413013,5.042753,-0.79132783,1.7759622,3.7492726,7.97328
-640.91504,77.15221,24.951374,-4.8055654,-13.790102,-15.355291,-16.267284,-7.847764,13.850729,26.679802,20.43015,6.7341537,0.07117002,9.923105,19.13398,11.845365,3.5063376,2.3119323,6.185979,12.52656
-632.47314,86.46721,27.190327,-7.736946,-17.982792,-18.958576,-14.900488,-7.9867315,3.5363922,18.935795,23.947113,12.052294,3.006493,9.9887085,15.572161,9.297974,4.1287303,4.7866583,8.091074,13.240722
-630.63617,89.41104,29.689579,-6.8106055,-18.278145,-19.263924,-14.106796,-8.724813,-1.0089561,15.458474,25.371838,16.08806,7.4080467,12.14624,13.537015,6.604517,4.828578,7.8911023,9.845526,12.663745
-633.795,88.781715,35.162228,-0.6673312,-15.86031,-19.443623,-13.996829,-6.0896873,3.5934086,17.024208,22.441072,15.042072,9.986288,12.00337,10.407904,6.542241,8.395178,11.932148,12.169682,10.9479885
-640.6758,85.93712,43.64675,10.850576,-8.839772,-17.54706,-13.719826,-2.2993133,10.977585,20.018208,17.32888,8.549362,5.6931095,5.978221,3.6695507,4.7703886,11.042414,14.157074,11.619375,8.065173
-638.0071,88.30487,43.069798,8.488352,-10.8030815,-18.938602,-15.187102,-2.0622263,14.2897005,24.096432,20.432074,11.499322,8.2247095,7.027334,2.5016303,0.3287631,4.841857,9.155012,7.4488935,5.207938
-635.6887,87.98482,37.54856,1.6709557,-16.522282,-20.961567,-11.701821,3.4753656,18.573345,28.068245,23.85423,13.107407,10.1035385,10.105746,2.9725637,-3.4486513,0.61855507,6.5380087,3.7867427,-0.5400099
-631.60583,94.19643,43.004364,4.7062225,-14.67285,-19.64996,-12.179663,1.0946766,15.187482,25.052017,22.438602,12.019677,8.640715,11.51757,8.7049885,2.9086604,4.1510544,7.179459,3.1335082,-1.8248365
-627.76025,99.48639,46.342594,6.577999,-8.092842,-8.79477,-7.7150073,-3.943954,6.621845,16.457617,18.155483,12.758086,5.8595314,5.413204,9.606342,9.7426605,7.5140896,6.5175714,4.609606,2.3403592
-625.8197,98.392944,43.116302,10.326563,1.4939401,-3.0153017,-9.74481,-9.721038,-0.7361727,7.7717447,16.015999,21.8386,13.86063,1.2549677,0.92150277,8.100107,10.955942,7.6306553,6.3974333,9.765856
-626.0749,96.969696,41.141373,11.383631,3.6068802,-6.9339595,-17.535315,-13.142529,-0.0006505996,8.646643,18.376186,28.451824,21.284346,1.4917555,-5.4989033,4.5171185,11.9919815,7.3851743,4.1048503,9.171772
-625.9764,94.14594,37.28925,12.790932,4.114403,-13.368345,-19.834167,-4.3291597,11.159086,16.95475,22.773087,26.692993,19.726849,6.6177254,0.26629168,5.2853475,11.756277,7.221051,-2.5130353,-1.7734966
-632.16254,88.0001,38.998856,20.332005,6.6355195,-17.904951,-20.86751,2.6351006,20.984879,25.859108,26.870714,22.18929,13.945419,10.249968,7.8029766,5.256543,8.4246235,8.693174,-2.5381107,-9.393654
-635.4141,87.01706,43.623985,24.606892,7.6315813,-15.563063,-17.315266,2.1461506,18.444172,24.708862,23.197708,14.981674,10.079457,13.590708,13.859346,8.985877,11.780338,14.212898,0.44109794,-11.22727
-632.135,90.65192,44.363724,21.865643,4.058024,-17.129932,-18.703732,-0.4677189,17.996214,26.999477,25.026371,17.323448,14.504894,16.140707,11.536562,4.350599,7.309815,9.677853,-2.2311404,-8.02827
-629.3705,92.29759,41.090412,16.578627,2.195343,-15.812794,-18.589048,-2.466806,16.187471,25.947182,23.639595,17.69956,19.858616,21.558908,8.775316,-4.05573,1.639425,9.322481,2.1848474,-1.8595055
-626.25275,95.78833,41.03508,12.525939,-1.1481919,-13.6092415,-11.999418,1.7403045,14.358746,22.24544,20.727901,14.388504,19.07159,23.686745,7.338424,-8.642496,0.07725411,10.654387,4.734148,0.53783035
-630.71155,92.126205,41.290657,12.510245,-2.1549754,-9.672727,-2.7677517,6.7073917,11.009632,17.864777,20.20435,15.137062,18.926825,22.687244,5.818659,-9.358059,0.35600415,10.639906,5.0965056,1.7540206
-639.072,82.35035,36.723907,13.825993,3.4572878,-2.229107,3.404794,9.098579,10.280104,16.645638,19.624943,14.952805,18.725554,21.781673,4.7608676,-8.9938135,0.99069655,8.900892,1.7673706,-1.1015133
-640.7731,79.08624,34.042137,14.199287,2.963647,-9.163276,-7.1995955,3.1027756,11.919978,21.082687,21.399723,14.719093,20.90579,26.725899,8.273453,-7.8266897,3.6510606,14.44072,7.439081,2.8847542
-635.622,83.86051,36.815132,17.924435,3.554287,-14.657944,-13.202087,1.9042653,14.055099,22.620491,20.22104,10.433798,14.86884,21.546776,4.192384,-12.002674,1.7996459,15.985626,7.7690353,2.274877
-632.61554,86.59637,36.88439,17.402327,4.1359816,-13.985302,-12.2779255,4.8093996,17.368786,24.053421,21.277191,10.47885,8.371061,7.942518,-7.8973436,-14.664108,6.824459,19.880087,4.913641,-3.233173
-628.6578,88.69568,33.147343,12.530121,4.1127014,-10.570694,-13.126926,1.005384,16.734516,22.79256,19.05328,12.89564,8.135699,-0.95548844,-14.089886,-11.254383,11.508618,18.67645,0.9194987,-4.2524614
-631.3516,85.33192,28.650372,5.7265034,0.95008993,-8.411725,-15.388802,-5.557727,14.83881,21.094921,14.839805,14.691022,12.6724825,-0.80280966,-12.355537,-5.687766,14.988337,19.692165,2.08525,-3.8529882
-640.7763,75.47891,25.307503,5.7963142,2.998962,-3.7372768,-12.937948,-6.3890424,17.28547,25.187286,15.9253235,16.159859,14.256516,-0.8232691,-9.521042,-1.8653353,15.528205,20.371748,1.7253046,-9.539478
-646.48206,69.56297,25.405437,7.8707285,0.5714874,-6.4561095,-13.7571335,-7.758514,20.140823,32.923,22.236034,19.91425,15.797338,-0.5791172,-10.226824,-9.567659,2.849895,13.619684,-0.418902,-13.053659
-637.8651,76.08289,26.762135,8.969972,-3.1480582,-15.36102,-24.11765,-16.000565,15.413969,25.085999,12.441427,17.284548,16.414633,-1.1579943,-9.287328,-11.240898,-2.806175,10.427738,2.755724,-4.3987617
-631.95404,75.92473,16.915522,-0.3609402,-9.993528,-20.510445,-30.489143,-24.523497,6.246336,13.228325,5.63501,22.503513,19.783514,-7.244853,-14.13747,-8.565093,3.3131435,11.106258,-0.35737002,0.29184884
-633.88525,70.43892,7.933667,-9.25592,-17.006367,-25.512814,-34.768005,-30.031166,-1.9233288,3.6490583,0.5026126,22.69693,16.894241,-15.574089,-19.956594,-7.66498,5.509942,8.118278,-5.110206,0.685195
-633.2483,71.60177,9.866955,-5.1032577,-10.860893,-20.003143,-28.962393,-23.252264,1.9140615,4.878146,2.7607677,23.71216,13.440317,-20.013336,-19.216179,-2.6390765,6.849127,5.087646,-4.6601048,4.5373316
-642.1085,63.300606,8.482595,-0.83878696,-3.6525822,-15.174939,-23.01166,-11.776496,11.760235,10.379461,6.5328493,23.146778,10.13055,-22.151058,-19.953117,0.3265213,11.800552,7.900326,-1.4529066,7.4589524
-652.9496,54.46447,8.638374,3.2020938,1.8783019,-10.385088,-14.39168,2.5119872,21.302341,12.41243,5.3019247,19.838955,11.722511,-15.856152,-19.712627,-2.1105251,13.944496,9.85894,-2.152103,4.374385
-650.2391,58.825798,13.834714,7.244806,1.7713275,-12.832775,-13.989206,5.4603925,24.546173,16.887695,8.917417,21.816006,17.005962,-9.036111,-18.358688,-5.0751133,11.116735,7.2798696,-4.731547,3.3417
-644.4614,66.41472,20.142956,10.28479,-1.0405533,-20.623753,-24.396196,-4.033855,21.845802,21.149883,14.360743,27.02504,22.550755,-4.8911734,-15.5419235,-3.2556105,12.164703,8.781202,-4.8306484,1.0127594
-636.5763,77.50095,27.512531,11.043735,-2.9669807,-23.313938,-30.80267,-13.796968,13.634979,18.115795,14.512922,25.284378,18.469524,-6.9079475,-14.336633,-1.9297268,13.475624,12.231536,-1.8631225,1.4383851
-622.7877,92.08862,29.238243,4.4490833,-2.445864,-12.101149,-21.427235,-15.779446,6.6755996,18.320112,18.49443,22.170914,14.189341,-2.9718661,-10.688723,-8.43528,3.1330323,8.768364,0.22060229,0.65877736
-616.71136,96.285446,24.830101,-1.0158744,-0.059212208,-5.773559,-17.268913,-13.789652,7.014616,18.095058,17.241528,18.983587,14.05261,1.7701406,-8.007193,-12.367241,-4.6167107,4.2539916,2.2202406,3.4104385
-618.0769,94.794495,23.852058,0.6285601,3.4512978,-7.259014,-21.488907,-14.36897,4.986974,11.223482,11.682139,19.05722,18.232182,6.091469,-3.9013028,-8.647915,-6.215112,1.9648297,8.420537,9.788607
-620.34827,92.3685,23.655777,4.0834494,6.930153,-8.859443,-22.727211,-11.759619,4.3768287,7.400881,10.617953,20.826515,20.161154,6.1468024,-1.0816581,1.7703855,1.7446914,0.9594857,6.1379786,5.8924932
-623.5917,85.357025,17.077576,5.6716323,13.809216,-4.6505895,-21.340298,-9.94882,6.0088277,7.8257885,13.458673,29.575546,27.447502,3.1595066,-3.4348738,14.37223,17.147846,-0.5258339,-8.161273,-4.1824937
-621.49646,85.5014,11.848275,-2.589515,8.099773,-4.4645166,-19.108593,-8.385897,9.024872,11.920774,19.335907,38.38511,32.019264,-1.3581445,-10.245132,12.2977495,19.53402,1.7037377,-6.7898827,2.0264082
-618.77924,88.04747,12.98394,-3.2233264,5.7261496,-3.8347695,-15.461285,-6.043108,10.473433,13.123111,20.775513,39.649136,26.556763,-13.700575,-20.06245,8.392505,20.42066,5.5260773,-3.8596382,5.840568
-623.2264,84.612274,12.728614,-3.1814725,6.7469587,-1.2267506,-10.489088,1.2555423,15.904656,15.879929,24.371775,41.37609,20.82926,-24.44072,-29.267906,1.9023404,14.996717,2.7514515,-3.2661924,6.835203
-628.1653,82.02272,14.460701,-3.1065784,5.3297577,-2.5486226,-11.007809,0.7062321,13.235479,14.491238,26.28938,41.327244,18.361235,-25.196144,-28.720016,2.065624,14.281879,2.4969094,-0.7812842,9.258274
-634.90857,76.630455,12.384363,-8.574409,-1.8796335,-6.904579,-11.522893,1.9843795,13.877094,15.162573,25.46666,36.057766,14.347527,-22.43882,-23.63588,5.682971,16.45013,2.887364,-0.4233812,10.899003
-638.291,73.34895,9.830593,-14.009566,-8.698153,-9.653183,-9.155123,4.553385,12.925566,11.938139,21.511099,31.41142,10.984663,-23.614994,-26.945915,-2.387877,8.833864,1.1741514,0.91481024,9.631286
-635.5545,77.757614,12.917034,-16.025295,-14.268109,-13.566418,-11.891468,-2.144658,3.2026432,5.7323704,19.525702,29.102165,10.031387,-17.857155,-18.297318,0.50168407,7.6232805,3.6926565,5.6855993,9.652946
-633.7743,83.54031,21.727047,-10.695327,-11.959068,-9.594696,-10.689831,-9.8703785,-5.1017213,8.395752,27.315235,30.58173,10.514346,-7.5835876,-4.465043,4.6075034,3.8804102,2.663488,7.5043144,8.002179
-635.39557,83.886765,26.566214,-4.2127533,-6.600541,-6.971073,-12.372793,-13.207142,-3.1479845,15.461548,29.851383,26.099314,9.427477,0.0110081285,3.816314,7.83533,5.7680225,4.1032424,3.4157128,-0.10259778
-637.33344,83.18532,29.865845,1.3975524,-1.4124017,-2.8397186,-7.795392,-8.073773,-1.1094592,11.091694,22.202017,22.859238,13.84086,6.580125,4.807116,2.5205922,0.10843988,1.6509,1.705971,-2.9319832
-637.386,81.895966,30.03292,5.765424,1.0777776,-5.7383633,-10.726828,-6.756032,2.4758701,12.00165,19.748575,22.748117,17.38209,8.295195,3.4235685,-1.1252673,-6.7761106,-1.9143081,9.011404,7.792881
-633.3031,83.17746,27.55222,5.885708,0.17671388,-12.380091,-19.931488,-11.890467,5.6005015,17.701483,19.578238,20.99324,20.328148,12.37029,7.870716,4.749496,-5.881099,-5.391107,11.392168,15.454552
-627.36224,88.335205,27.862267,6.2930603,3.890026,-8.60672,-20.470356,-14.707054,5.984522,20.883152,21.659994,22.51157,21.332348,9.250128,4.016486,8.31805,0.26851287,-9.637609,-0.5106418,11.948296
-621.04974,96.14131,30.617367,3.1140862,1.0418046,-5.773454,-12.160626,-6.649035,5.843634,14.808868,20.480701,26.248974,20.127115,0.72353137,-4.732666,7.0354753,5.6230774,-7.371976,-3.7364032,11.507544
-619.0627,93.377975,22.297855,1.5689993,7.0566998,-3.1216068,-10.325411,1.5729339,10.260271,10.377172,20.9378,32.717438,18.894606,-7.199536,-10.144683,3.2045224,2.327494,-5.3453875,3.478713,16.540426
-620.41174,84.72092,9.638887,1.039088,15.339941,-2.325513,-14.973392,4.537532,18.87653,14.745805,21.347387,33.865734,20.815044,-5.86919,-11.569759,-2.8553329,-2.7895947,-2.5541527,8.405292,13.875475
-627.0448,75.48262,4.3753133,1.3621764,14.032293,-8.100156,-18.30693,8.253765,27.203144,21.897448,23.19143,33.301796,23.264122,-0.43585077,-5.7312365,1.8270857,-0.3463881,-1.9059067,5.864023,5.2324944
-632.66547,71.22197,6.218041,4.4795227,15.633456,-5.808818,-17.747387,2.559154,21.568378,24.99882,30.015366,34.384613,19.506376,-2.0486145,-1.0760226,10.880068,5.956705,-3.731956,-2.1518679,-3.5597548
-635.7454,77.10951,20.622608,7.7334013,10.814623,-3.3959017,-13.2004795,-5.4007797,3.1492844,10.71796,25.175962,31.551373,15.323474,-3.4687638,0.082133174,12.526655,9.182734,-1.6507618,-3.2044933,-2.0431485
-639.4834,78.92499,28.41084,7.1705275,1.6392437,-10.772579,-15.559095,-7.1642294,-2.754332,3.0001564,23.628708,35.34445,14.857053,-9.674263,-5.2564354,11.653204,13.6429205,6.901358,5.071926,4.171897
-639.7123,78.94231,29.254509,8.292185,1.5470831,-12.294785,-16.873104,-7.600539,-3.4870262,1.6247132,21.990658,31.828606,8.049868,-17.057976,-10.004254,8.48217,11.091585,7.770957,9.409435,6.880022
-642.0838,75.06369,24.523981,3.9046319,-0.45497397,-11.078914,-14.211503,-5.7116194,-1.8366284,4.065257,21.93285,24.828358,-3.5117464,-25.905159,-13.6819935,6.9535675,10.775792,10.033169,12.680004,8.907661
-627.55756,88.116104,20.965034,-10.818065,-10.455759,-7.226943,-2.5282135,3.922185,2.3821135,2.5062943,15.091534,18.563395,-2.3500204,-20.187887,-12.92197,-0.2910629,0.4568597,0.35587883,3.2906885,-0.54443526
-620.772,95.310234,20.773346,-18.421068,-16.581003,-4.410762,6.192708,12.096983,6.9304075,1.0578597,8.403013,14.314379,0.57972085,-15.805214,-12.271279,-0.78939354,-0.2898941,-3.8076098,-2.5485377,-4.322915
-620.1159,96.582695,22.631504,-16.966948,-15.976704,-2.4969106,10.803846,17.050528,8.605539,-2.9033265,0.4751952,9.147205,1.4517914,-14.123646,-12.631121,1.3374829,5.272438,0.53418773,-0.6720343,-3.872022
